-300887.073   390.739     0.00  105.85
-300510.845   365.195   -67.89   89.56
-300134.614   335.371   -79.26   78.76
-299758.380   305.656   -78.98   90.28
-299382.142   262.194  -115.51   80.72
-299005.902   230.989   -82.93   65.62
-298629.659   198.579   -86.14   45.08
-298253.413   179.489   -50.73   28.15
-297877.163   170.322   -24.36   18.34
-297500.911   162.121   -21.80    7.28
-297124.655   159.936    -5.80    4.11
-296748.397   158.584    -3.60    3.70
-296372.135   158.527    -0.15    6.30
-295995.871   159.428     2.39    9.52
-295619.603   164.545    13.60   15.32
-295243.333   167.861     8.81   16.47
-294867.059   172.489    12.30   17.85
-294490.782   173.503     2.69   19.76
-294114.502   176.070     6.82   24.69
-293738.220   171.303   -12.67   28.69
-293361.934   166.015   -14.05   28.94
-292985.645   156.364   -25.65   23.00
-292609.353   148.072   -22.03   12.69
-292233.058   143.963   -10.92    8.74
-291856.760   141.295    -7.09    7.80
-291480.459   142.322     2.73   10.80
-291104.154   144.681     6.27   12.48
-290727.847   147.121     6.48   11.58
-290351.537   148.200     2.87   10.82
-289975.223   146.143    -5.46    8.87
-289598.907   145.689    -1.21    6.49
-289222.587   148.557     7.62    7.64
-288846.264   152.656    10.89    7.70
-288469.939   156.594    10.47    8.05
-288093.610   160.933    11.53   10.65
-287717.278   166.773    15.52   11.24
-287340.943   171.850    13.49   10.24
-286964.605   170.938    -2.42    9.05
-286588.264   169.089    -4.91    7.33
-286211.920   168.989    -0.27    6.33
-285835.572   168.656    -0.89    6.81
-285459.222   170.406     4.65    8.61
-285082.868   172.778     6.30    9.49
-284706.512   169.733    -8.09   11.81
-284330.152   164.884   -12.88   13.28
-283953.789   159.278   -14.89   12.49
-283577.423   155.015   -11.33    8.45
-283201.054   152.164    -7.58    7.37
-282824.682   153.421     3.34   10.22
-282448.307   159.864    17.12   18.04
-282071.929   174.117    37.87   34.41
-281695.547   193.906    52.57   41.45
-281319.163   206.827    34.33   43.41
-280942.775   210.043     8.54   40.48
-280566.384   204.278   -15.31   41.80
-280189.991   191.989   -32.65   40.01
-279813.594   182.628   -24.87   35.25
-279437.193   170.139   -33.18   16.61
-279060.790   165.621   -12.00   13.00
-278684.384   159.795   -15.48    8.94
-278307.974   158.143    -4.39    9.45
-277931.562   156.322    -4.84    9.50
-277555.146   154.399    -5.11    9.53
-277178.855   153.305    -2.91    9.57
-276803.060   154.689     3.68    9.72
-276427.262   158.259     9.50   10.91
-276051.461   162.389    10.99   11.19
-275675.657   167.399    13.33    7.63
-275299.849   169.656     6.00    7.19
-274924.039   170.178     1.39    7.23
-274548.225   168.746    -3.81    8.26
-274172.408   167.962    -2.09    8.83
-273796.588   168.143     0.48    9.58
-273420.765   167.151    -2.64   11.52
-273044.939   165.539    -4.29   12.08
-272669.109   165.015    -1.39   10.97
-272293.277   163.232    -4.74    8.88
-271917.441   158.305   -13.11   11.66
-271541.602   155.117    -8.48   11.55
-271165.760   151.220   -10.37    8.37
-270789.915   152.042     2.19    8.34
-270414.067   156.553    12.00    8.53
-270038.216   157.719     3.10    8.17
-269662.361   157.914     0.52    8.44
-269286.503   155.214    -7.18    8.00
-268910.642   154.132    -2.88    6.63
-268534.778   153.286    -2.25    7.08
-268158.911   150.881    -6.40    8.09
-267783.041   151.043     0.43    9.35
-267407.167   152.839     4.78    9.93
-267031.290   155.989     8.38   11.70
-266655.411   162.464    17.23   10.51
-266279.528   165.297     7.54    9.43
-265903.641   164.367    -2.47    8.78
-265527.752   160.463   -10.39    8.82
-265151.859   159.168    -3.44    9.04
-264775.964   156.936    -5.94    7.99
-264400.065   158.211     3.39    9.33
-264024.163   157.245    -2.57   10.04
-263648.257   154.962    -6.07   11.13
-263272.349   152.764    -5.85   10.66
-262896.437   151.117    -4.38    9.74
-262520.522   152.275     3.08    7.95
-262144.604   153.043     2.04    4.81
-261768.683   151.962    -2.88    4.62
-261392.759   150.805    -3.08    3.83
-261016.831   149.348    -3.88    4.83
-260640.900   148.557    -2.11    4.60
-260264.966   149.389     2.21    5.37
-259889.029   148.604    -2.09    5.27
-259513.089   147.910    -1.85    4.56
-259137.145   147.252    -1.75    4.99
-258761.198   145.707    -4.11    5.63
-258385.248   144.463    -3.31    5.53
-258009.295   142.989    -3.92    5.07
-257633.339   141.707    -3.41    6.48
-257257.379   140.205    -3.99    7.36
-256881.416   140.289     0.22    7.83
-256505.450   138.502    -4.75    7.90
-256129.481   138.075    -1.14    7.94
-255753.508   134.935    -8.35    7.83
-255377.533   132.151    -7.40    6.55
-255001.554   132.357     0.55    7.70
-254625.571   133.733     3.66    7.36
-254249.586   135.557     4.85    7.22
-253873.597   138.064     6.67    6.17
-253497.606   138.604     1.44    4.77
-253121.610   138.884     0.74    5.23
-252745.612   137.621    -3.36    5.03
-252369.611   136.758    -2.29    7.40
-251993.606   136.220    -1.43    8.14
-251617.598   137.183     2.56    9.74
-251241.586   141.579    11.69   10.90
-250865.572   145.239     9.73    9.89
-250489.554   143.989    -3.32    9.82
-250113.533   141.502    -6.61    9.77
-249737.509   137.732   -10.03    7.48
-249361.481   137.367    -0.97    7.24
-248985.451   139.151     4.74    8.28
-248609.417   140.094     2.51    6.43
-248233.379   141.604     4.02    5.83
-247857.339   141.989     1.02    5.64
-247481.295   142.623     1.69    5.51
-247105.248   142.733     0.29    4.77
-246729.198   142.305    -1.14    4.34
-246353.144   142.357     0.14    3.55
-245977.087   142.245    -0.30    3.48
-245601.027   143.066     2.18    4.13
-245224.964   144.072     2.68    4.18
-244848.897   144.425     0.94    4.02
-244472.827   144.156    -0.72    4.13
-244096.754   143.015    -3.03    6.12
-243720.677   139.579    -9.14    7.75
-243344.598   138.275    -3.47    8.32
-242968.515   137.016    -3.35    6.23
-242592.428   137.475     1.22    5.09
-242216.339   137.226    -0.66    4.88
-241840.246   135.963    -3.36    4.66
-241464.150   135.656    -0.82    5.01
-241088.050   135.769     0.30    4.94
-240711.948   134.861    -2.42    4.95
-240335.841   134.151    -1.89    5.01
-239959.732   133.530    -1.65    4.98
-239583.620   133.121    -1.09    4.61
-239207.504   132.297    -2.19    4.31
-238831.384   131.183    -2.96    4.34
-238455.262   131.322     0.37    4.22
-238079.136   131.100    -0.59    4.87
-237703.007   130.476    -1.66    5.37
-237326.874   130.579     0.27    5.74
-236950.739   129.019    -4.15    5.46
-236574.600   129.827     2.15    5.10
-236198.457   129.584    -0.65    4.47
-235822.312   128.015    -4.17    5.17
-235446.163   126.147    -4.97    5.50
-235070.010   125.394    -2.00    4.92
-234693.855   126.989     4.24    6.79
-234317.696   129.066     5.52    7.03
-233941.533   129.436     0.98    7.30
-233565.368   128.805    -1.68    6.53
-233189.199   126.805    -5.32    6.31
-232813.027   125.040    -4.69    6.74
-232436.851   124.394    -1.72    6.09
-232060.672   125.322     2.47    5.88
-231684.490   127.433     5.61    7.66
-231308.304   131.015     9.52    8.73
-230932.115   134.963    10.50    7.87
-230555.923   138.489     9.37    5.14
-230179.728   137.173    -3.50    5.93
-229803.529   133.827    -8.89    5.97
-229427.326   130.647    -8.45    5.93
-229051.121   127.278    -8.95    5.11
-228674.912   126.043    -3.28    4.01
-228298.699   124.189    -4.93    3.94
-227922.484   124.194     0.01    4.54
-227546.265   126.568     6.31    6.77
-227170.042   130.778    11.19    7.55
-226793.817   135.758    13.24    7.14
-226417.587   138.092     6.20    7.08
-226041.355   139.773     4.47    8.63
-225665.119   139.989     0.57    8.05
-225288.880   140.989     2.66    8.96
-224912.637   142.681     4.50    8.93
-224536.392   145.220     6.75    8.15
-224160.142   149.177    10.52    7.10
-223783.890   149.040    -0.36    6.61
-223407.634   150.070     2.74    6.02
-223031.374   147.989    -5.53    7.07
-222655.111   144.773    -8.55    6.92
-222278.845   145.100     0.87    7.51
-221902.576   143.463    -4.35    7.55
-221526.303   144.066     1.60    7.72
-221150.026   143.857    -0.55    7.17
-220773.747   143.117    -1.97    6.15
-220397.464   143.271     0.41    6.05
-220021.177   143.451     0.48    6.56
-219644.887   142.367    -2.88    7.49
-219268.594   142.425     0.15    8.08
-218892.298   139.989    -6.47    9.17
-218515.997   140.621     1.68    9.84
-218139.694   142.515     5.03    9.57
-217763.387   144.927     6.41    9.59
-217387.077   144.451    -1.26    9.29
-217010.763   142.436    -5.35    9.58
-216634.446   137.232   -13.83   12.18
-216258.126   132.043   -13.79   10.95
-215881.802   129.128    -7.75    9.35
-215505.475   127.515    -4.28   10.58
-215129.144   128.502     2.62   10.94
-214752.810   127.773    -1.94   10.25
-214376.472   125.861    -5.08    9.43
-214000.132   126.245     1.02    8.49
-213623.787   124.527    -4.56    8.54
-213247.439   123.594    -2.48    7.58
-212871.088   122.502    -2.90    7.96
-212494.734   121.232    -3.37    7.30
-212118.376   121.367     0.36    7.15
-211742.014   121.410     0.11    7.12
-211365.649   121.018    -1.04    6.28
-210989.281   123.451     6.46    7.50
-210612.909   125.502     5.45    9.65
-210236.534   125.489    -0.03   10.57
-209860.155   126.016     1.40   10.25
-209483.773   128.128     5.61    8.33
-209107.388   128.147     0.05    7.56
-208730.999   125.891    -5.99    7.91
-208354.607   124.881    -2.68    7.57
-207978.211   124.476    -1.08    6.69
-207601.811   124.936     1.22    7.16
-207225.409   129.042    10.91    9.02
-206849.002   134.475    14.44    9.07
-206472.593   138.014     9.40    8.33
-206096.180   140.557     6.75    8.68
-205719.763   145.394    12.85   10.99
-205343.343   151.463    16.12   12.48
-204966.920   166.628    40.29   24.69
-204590.493   179.297    33.65   30.15
-204214.062   197.040    47.13   33.85
-203837.629   211.989    39.71   31.52
-203461.191   225.989    37.19   24.62
-203084.750   236.908    29.00   18.79
-202708.306   243.305    16.99   16.71
-202331.858   243.289    -0.04   18.27
-201955.749   237.043   -16.61   26.04
-201579.986   220.989   -42.72   29.02
-201204.220   207.042   -37.12   23.71
-200828.450   210.384     8.89   26.00
-200452.676   219.719    24.84   25.79
-200076.899   230.939    29.86   23.07
-199701.119   237.594    17.71   23.77
-199325.335   240.448     7.59   19.62
-198949.548   241.278     2.21   22.32
-198573.757   237.378   -10.38   26.79
-198197.963   230.374   -18.64   28.14
-197822.165   219.092   -30.02   29.46
-197446.364   204.989   -37.52   30.19
-197070.559   180.205   -65.95   23.97
-196694.751   166.665   -36.03   22.02
-196318.939   154.963   -31.14   14.14
-195943.124   148.939   -16.03    5.02
-195567.305   149.530     1.57    7.04
-195191.483   154.886    14.25   11.09
-194815.657   162.305    19.74   14.61
-194439.828   176.357    37.39   27.96
-194063.996   191.070    39.14   32.58
-193688.160   204.939    36.90   30.48
-193312.320   217.200    32.62   23.61
-192936.477   221.043    10.23   22.11
-192560.630   218.584    -6.54   24.53
-192184.780   213.461   -13.63   27.30
-191808.926   207.810   -15.04   26.89
-191433.069   202.271   -14.73   23.04
-191057.208   202.961     1.84   18.59
-190681.344   202.043    -2.44   16.58
-190305.476   198.367    -9.78   15.64
-189929.605   194.805    -9.48   12.80
-189553.730   192.689    -5.63   10.68
-189177.852   189.611    -8.19    9.25
-188801.970   187.322    -6.09   12.93
-188426.085   185.068    -6.00   12.72
-188050.196   181.117   -10.51   11.75
-187674.304   178.367    -7.32    9.93
-187298.408   177.514    -2.27    9.11
-186922.508   175.594    -5.11    8.69
-186546.605   174.448    -3.05    9.63
-186170.699   172.692    -4.67   10.14
-185794.789   168.906   -10.07    6.98
-185418.875   170.015     2.95    7.44
-185042.958   172.553     6.75    7.23
-184667.037   174.683     5.67    7.11
-184291.113   177.070     6.35    6.66
-183915.185   176.908    -0.43    6.20
-183539.254   175.700    -3.21    6.58
-183163.319   173.364    -6.21    7.44
-182787.380   170.286    -8.19    6.94
-182411.438   166.989    -8.77    5.98
-182035.493   166.936    -0.14    6.12
-181659.544   168.194     3.35    6.06
-181283.591   169.854     4.41    6.20
-180907.635   172.414     6.81    6.05
-180531.675   173.963     4.12    5.11
-180155.712   174.394     1.15    5.01
-179779.745   173.503    -2.37    5.43
-179403.774   172.646    -2.28    4.90
-179027.800   172.835     0.50    4.86
-178651.823   173.476     1.70    4.44
-178275.841   173.378    -0.26    4.88
-177899.857   176.043     7.09    6.29
-177523.868   177.611     4.17    6.78
-177147.876   178.226     1.64    6.23
-176771.881   176.414    -4.82    6.75
-176395.882   174.530    -5.01    4.89
-176019.879   171.707    -7.51    5.70
-175643.873   168.831    -7.65    5.20
-175267.863   166.297    -6.74    3.85
-174891.850   165.665    -1.68    3.82
-174515.833   165.914     0.66    3.63
-174139.812   167.489     4.19    4.44
-173763.788   170.043     6.79    4.78
-173387.760   172.448     6.40    4.78
-173011.728   172.683     0.62    2.87
-172635.693   173.527     2.24    3.16
-172259.655   174.733     3.20    4.02
-171883.613   176.246     4.02    4.09
-171507.567   177.286     2.77    3.64
-171131.517   176.854    -1.15    3.82
-170755.464   175.594    -3.35    3.37
-170379.408   174.764    -2.21    3.11
-170003.347   175.070     0.81    3.77
-169627.283   175.220     0.40    4.50
-169251.216   174.647    -1.52    4.85
-168875.145   173.374    -3.39    4.95
-168499.070   173.394     0.06    4.00
-168122.992   174.264     2.31    4.08
-167746.910   176.226     5.22    4.51
-167370.824   179.072     7.57    3.38
-166994.735   181.665     6.89    3.19
-166618.642   181.935     0.72    3.29
-166242.545   181.271    -1.77    3.68
-165866.445   179.117    -5.73    4.71
-165490.341   176.703    -6.42    4.37
-165114.234   174.719    -5.28    3.91
-164738.123   173.097    -4.31    4.15
-164362.008   172.908    -0.50    3.47
-163985.890   174.414     4.00    4.46
-163609.768   176.881     6.56    5.19
-163233.642   179.278     6.37    4.94
-162857.513   180.121     2.24    4.70
-162481.380   178.963    -3.08    5.43
-162105.244   178.205    -2.02    5.09
-161729.103   178.589     1.02    5.09
-161352.959   179.489     2.39    5.60
-160976.812   181.572     5.54    4.96
-160600.661   184.124     6.78    5.74
-160224.506   188.557    11.78    6.26
-159848.347   192.912    11.58    6.79
-159472.185   197.963    13.43    7.85
-159096.019   204.246    16.70   13.93
-158719.850   218.286    37.32   26.77
-158343.677   225.881    20.19   31.70
-157967.500   228.719     7.54   30.02
-157591.319   233.864    13.68   29.24
-157215.135   241.746    20.95   31.23
-156838.947   269.194    72.96   45.25
-156462.756   290.015    55.35   38.50
-156086.560   300.194    27.06   29.20
-155710.361   303.421     8.58   24.93
-155334.159   304.656     3.28   28.27
-154957.953   323.015    48.80   45.75
-154581.743   361.322   101.82   59.40
-154205.529   394.700    88.72   63.13
-153829.312   406.259    30.73   54.56
-153453.091   387.630   -49.51   72.47
-153076.866   324.399  -168.06   84.67
-152700.637   264.322  -159.68   58.99
-152324.405   237.475   -71.35   36.10
-151948.169   242.557    13.50   40.05
-151571.930   255.421    34.19   39.37
-151195.687   258.707     8.73   34.13
-150819.440   254.421   -11.39   33.66
-150443.189   230.733   -62.96   28.49
-150066.935   213.143   -46.75   22.36
-149690.677   200.553   -33.46   18.67
-149314.415   189.232   -30.09   14.24
-148938.149   179.939   -24.70   11.99
-148561.880   174.568   -14.27    9.35
-148185.607   169.906   -12.39    3.88
-147809.331   168.348    -4.14    6.76
-147433.050   169.665     3.50   12.96
-147056.766   176.384    17.86   22.53
-146680.478   184.656    21.98   37.58
-146304.187   185.239     1.55   39.57
-145927.891   179.673   -14.79   34.64
-145551.592   166.831   -34.13   12.70
-145175.290   163.259    -9.49    8.30
-144798.983   161.245    -5.35    7.61
-144422.673   159.097    -5.71    4.90
-144046.359   157.271    -4.85    3.38
-143670.041   157.297     0.07    3.42
-143293.720   158.810     4.02    4.41
-142917.395   160.557     4.64    6.38
-142541.066   163.527     7.89    6.36
-142164.733   165.322     4.77    5.77
-141788.397   165.433     0.30    7.13
-141412.057   167.707     6.04    7.97
-141035.713   168.097     1.04    6.88
-140659.365   169.630     4.07    6.76
-140283.014   171.886     6.00    7.21
-139906.658   172.739     2.27    6.29
-139530.300   173.042     0.80    7.14
-139153.937   173.448     1.08    7.01
-138777.570   171.800    -4.38    7.27
-138401.200   171.656    -0.38    7.28
-138024.826   170.178    -3.93    8.07
-137648.448   167.092    -8.20    7.32
-137272.067   164.322    -7.36    7.64
-136895.682   161.463    -7.60    5.53
-136519.292   160.489    -2.59    4.95
-136142.900   163.938     9.16   10.18
-135766.503   168.758    12.81   11.07
-135390.103   173.530    12.68    9.31
-135013.698   174.963     3.81    7.57
-134637.290   176.043     2.87    7.69
-134260.879   178.245     5.85    8.15
-133884.463   180.476     5.93    7.83
-133508.044   183.677     8.50    7.30
-133131.621   183.938     0.69    7.57
-132755.194   184.463     1.39    7.79
-132378.763   187.665     8.51    7.01
-132002.328   191.746    10.84    6.51
-131625.890   196.461    12.53    5.39
-131249.448   198.425     5.22    4.64
-130873.002   199.527     2.93    4.36
-130496.552   200.726     3.18    4.57
-130120.099   201.399     1.79    4.95
-129743.642   203.758     6.27    5.48
-129367.180   203.527    -0.61    5.47
-128990.716   203.475    -0.14    5.51
-128614.247   203.758     0.75    6.43
-128237.774   204.962     3.20    6.49
-127861.298   208.252     8.74    4.89
-127484.818   210.042     4.75    4.48
-127108.334   211.770     4.59    4.06
-126732.444   211.861     0.24    3.74
-126356.718   211.173    -1.83    4.40
-125980.988   209.278    -5.04    5.77
-125605.255   205.124   -11.06    6.32
-125229.517   202.656    -6.57    5.97
-124853.776   202.092    -1.50    6.37
-124478.031   202.348     0.68    6.28
-124102.282   201.584    -2.03    6.64
-123726.530   201.502    -0.22    5.74
-123350.773   199.989    -4.03    5.64
-122975.013   196.297    -9.83    7.16
-122599.249   193.827    -6.57    6.97
-122223.481   193.425    -1.07    6.23
-121847.709   197.313    10.35    9.31
-121471.933   203.515    16.50   10.34
-121096.154   207.121     9.59    9.94
-120720.371   207.427     0.81    8.55
-120344.583   206.271    -3.07    7.43
-119968.792   205.621    -1.73    6.31
-119592.998   204.778    -2.24    5.82
-119217.199   205.124     0.92    5.29
-118841.397   206.350     3.26    5.75
-118465.590   208.143     4.77    6.18
-118089.780   208.322     0.48    6.25
-117713.966   209.831     4.01    6.60
-117338.148   212.733     7.72    8.07
-116962.326   215.630     7.71    9.32
-116586.501   216.117     1.30    9.61
-116210.671   217.746     4.33    9.80
-115834.838   219.963     5.90    8.55
-115459.001   222.935     7.91    9.29
-115083.160   224.399     3.90    9.15
-114707.315   227.656     8.66    8.95
-114331.466   226.583    -2.85    8.29
-113955.614   224.322    -6.01    8.10
-113579.757   222.800    -4.05    8.11
-113203.897   220.778    -5.38    6.23
-112828.033   219.611    -3.11    6.80
-112452.165   219.461    -0.40    7.65
-112076.293   218.040    -3.78    8.71
-111700.417   215.066    -7.91    8.92
-111324.537   214.805    -0.69    9.17
-110948.653   219.245    11.81    9.88
-110572.766   221.681     6.48    9.89
-110196.875   223.989     6.14   10.85
-109820.979   228.503    12.01   12.64
-109445.080   229.271     2.04   12.63
-109069.177   229.178    -0.25   11.70
-108693.270   231.502     6.18   12.20
-108317.359   228.117    -9.00   12.09
-107941.445   229.474     3.61   13.26
-107565.526   232.604     8.33   14.30
-107189.604   239.611    18.64   19.65
-106813.677   245.094    14.59   20.52
-106437.747   248.530     9.14   16.64
-106061.813   247.822    -1.88   14.79
-105685.875   243.066   -12.65   15.27
-105309.933   236.912   -16.37   12.69
-104933.987   231.410   -14.63    8.59
-104558.037   230.476    -2.48    7.63
-104182.083   228.810    -4.43    6.79
-103806.125   226.066    -7.30    7.71
-103430.164   222.313    -9.98    6.84
-103054.198   222.733     1.12    7.23
-102678.229   223.045     0.83    6.25
-102302.255   222.630    -1.10    7.21
-101926.278   221.489    -3.03    6.30
-101550.297   220.928    -1.49    6.01
-101174.312   223.245     6.16    6.64
-100798.323   226.097     7.58    5.99
-100422.330   226.621     1.39    6.15
-100046.333   224.394    -5.92    4.19
 -99670.332   223.378    -2.70    3.53
 -99294.327   225.168     4.76    4.48
 -98918.318   227.194     5.39    5.76
 -98542.306   230.515     8.83    5.61
 -98166.289   233.527     8.01    5.09
 -97790.269   236.476     7.84    5.79
 -97414.244   239.604     8.32    7.50
 -97038.216   244.908    14.10    7.14
 -96662.183   251.374    17.19   12.08
 -96286.147   260.239    23.58   16.71
 -95910.106   268.778    22.71   18.06
 -95534.062   276.864    21.50   15.49
 -95158.014   280.046     8.46   11.60
 -94781.962   279.476    -1.52    9.51
 -94405.906   279.286    -0.50    7.10
 -94029.845   282.124     7.55    9.14
 -93653.781   286.313    11.14   10.21
 -93277.713   289.822     9.33    9.07
 -92901.641   293.864    10.75   10.74
 -92525.565   298.297    11.79   12.16
 -92149.485   303.594    14.09   12.37
 -91773.401   309.374    15.37   13.27
 -91397.314   311.527     5.73   12.37
 -91021.222   312.117     1.57   12.13
 -90645.126   312.394     0.74   10.61
 -90269.026   310.707    -4.49    8.85
 -89892.922   312.628     5.11   10.77
 -89516.814   316.489    10.27   13.98
 -89140.703   319.064     6.85   12.15
 -88764.587   317.332    -4.61   13.09
 -88388.467   313.322   -10.66   12.50
 -88012.343   301.665   -30.99   15.75
 -87636.216   290.665   -29.24   16.60
 -87260.084   279.097   -30.75   14.26
 -86883.948   269.850   -24.58   11.18
 -86507.808   261.114   -23.23   10.16
 -86131.664   258.194    -7.76    6.76
 -85755.517   260.936     7.29    9.42
 -85379.365   266.451    14.66   10.75
 -85003.209   271.425    13.22    9.13
 -84627.049   276.117    12.47    7.82
 -84250.886   277.305     3.16    7.43
 -83874.718   277.015    -0.77    8.73
 -83498.546   278.016     2.66   12.67
 -83122.370   278.331     0.84   14.17
 -82746.190   282.589    11.32   14.91
 -82370.007   285.989     9.04   12.26
 -81993.819   290.348    11.59   11.67
 -81617.627   295.151    12.77    8.69
 -81241.431   294.611    -1.44   10.06
 -80865.231   294.016    -1.58   10.70
 -80489.027   292.100    -5.09    9.59
 -80112.819   291.114    -2.62    8.12
 -79736.607   291.339     0.60    7.65
 -79360.391   294.884     9.42    7.38
 -78984.171   301.322    17.11   11.22
 -78607.946   308.579    19.29   11.87
 -78231.718   314.092    14.65    9.26
 -77855.486   317.357     8.68    7.25
 -77479.250   318.066     1.88    6.88
 -77103.009   316.259    -4.80    5.96
 -76726.765   314.515    -4.64    6.58
 -76350.517   313.451    -2.83    7.28
 -75974.264   312.433    -2.70    6.60
 -75598.008   314.733     6.11    5.26
 -75221.747   317.016     6.07    5.98
 -74845.482   319.394     6.32    5.88
 -74469.214   322.827     9.12    5.10
 -74092.941   324.267     3.83    4.12
 -73716.664   323.364    -2.40    4.61
 -73340.383   325.039     4.45    7.30
 -72964.098   326.831     4.76    7.96
 -72587.809   331.297    11.87   11.07
 -72211.516   333.384     5.55   10.08
 -71835.219   336.451     8.15   12.82
 -71458.918   340.322    10.29   15.56
 -71082.613   341.399     2.86   15.11
 -70706.303   342.692     3.43   10.85
 -70329.990   343.117     1.13    9.11
 -69953.672   344.564     3.84    7.53
 -69577.351   348.205     9.68    8.78
 -69201.025   353.040    12.85   14.57
 -68824.695   369.205    42.95   33.47
 -68448.361   391.557    59.39   40.96
 -68072.024   395.475    10.41   40.98
 -67695.681   387.989   -19.89   34.87
 -67319.335   374.214   -36.60   22.18
 -66942.985   385.564    30.16   46.37
 -66566.631   417.448    84.72   73.58
 -66190.272   444.739    72.51   74.64
 -65813.910   465.752    55.83   67.88
 -65437.543   449.989   -41.88   73.04
 -65061.173   403.681  -123.04   44.33
 -64684.798   382.647   -55.89   25.23
 -64308.419   384.752     5.59   37.71
 -63932.036   393.040    22.02   48.59
 -63555.649   400.739    20.45   53.21
 -63179.257   392.881   -20.88   45.39
 -62802.862   380.514   -32.86   32.32
 -62426.462   376.502   -10.66   16.66
 -62050.059   380.795    11.40   16.42
 -61673.651   399.854    50.63   27.47
 -61297.239   434.572    92.23   50.48
 -60920.823   486.502   137.96   76.97
 -60544.403   530.314   116.39   64.65
 -60167.979   554.746    64.90   46.04
 -59791.551   566.314    30.73   22.81
 -59415.118   570.394    10.84   18.29
 -59038.681   578.752    22.20   23.51
 -58662.241   593.066    38.02   32.68
 -58285.796   611.384    48.66   33.42
 -57909.347   619.226    20.83   33.52
 -57532.894   616.778    -6.50   37.28
 -57156.436   608.239   -22.68   37.47
 -56779.975   592.448   -41.94   21.51
 -56403.509   594.526     5.52   20.41
 -56027.039   596.425     5.04   20.00
 -55650.565   587.205   -24.49   20.35
 -55274.087   582.286   -13.07   17.80
 -54897.605   574.394   -20.96   19.65
 -54521.119   565.245   -24.30   20.21
 -54144.628   566.040     2.11   21.86
 -53768.134   567.461     3.77   21.53
 -53391.635   575.451    21.22   24.04
 -53015.132   585.700    27.22   19.75
 -52638.625   589.340     9.67   24.58
 -52262.113   575.117   -37.78   33.13
 -51885.649   556.515   -49.41   33.30
 -51509.957   542.553   -37.16   23.87
 -51134.260   538.515   -10.75   25.20
 -50758.559   545.614    18.89   28.19
 -50382.854   547.827     5.89   30.75
 -50007.145   546.209    -4.31   31.12
 -49631.431   538.451   -20.65   20.52
 -49255.714   521.433   -45.29   30.26
 -48879.992   495.394   -69.30   44.24
 -48504.266   459.557   -95.38   46.88
 -48128.536   434.579   -66.48   32.65
 -47752.802   426.784   -20.75   21.64
 -47377.064   436.489    25.83   31.93
 -47001.321   461.220    65.82   35.90
 -46625.574   491.746    81.24   38.31
 -46249.823   521.773    79.91   41.36
 -45874.068   530.439    23.06   34.57
 -45498.309   536.232    15.42   31.15
 -45122.546   524.515   -31.18   27.92
 -44746.778   510.147   -38.24   20.40
 -44371.006   502.264   -20.98   25.03
 -43995.230   500.827    -3.82   28.78
 -43619.450   494.550   -16.70   27.28
 -43243.666   481.348   -35.13   22.06
 -42867.877   478.584    -7.36   21.10
 -42492.084   473.232   -14.24   19.60
 -42116.287   469.475   -10.00   21.13
 -41740.486   466.810    -7.09   30.52
 -41364.681   458.348   -22.52   36.04
 -40988.871   448.489   -26.23   33.78
 -40613.058   440.673   -20.80   30.99
 -40237.240   435.989   -12.46   25.68
 -39861.417   436.410     1.12   22.30
 -39485.591   441.114    12.52   24.94
 -39109.760   442.394     3.41   24.51
 -38733.926   446.173    10.05   26.02
 -38358.087   448.857     7.14   24.74
 -37982.243   441.784   -18.82   18.97
 -37606.396   436.854   -13.12   13.28
 -37230.544   442.314    14.53   18.57
 -36854.688   444.527     5.89   24.43
 -36478.828   435.340   -24.44   33.08
 -36102.964   420.205   -40.27   38.83
 -35727.095   395.322   -66.20   26.69
 -35351.222   383.656   -31.04   13.67
 -34975.345   377.245   -17.05   12.33
 -34599.464   373.267   -10.58   13.78
 -34223.579   371.331    -5.15   15.99
 -33847.689   368.489    -7.56   18.51
 -33471.795   372.436    10.50   25.32
 -33095.897   371.364    -2.85   26.11
 -32719.994   368.908    -6.53   25.59
 -32344.088   373.707    12.77   28.54
 -31968.177   372.700    -2.68   28.18
 -31592.261   373.938     3.29   27.74
 -31216.342   378.773    12.86   29.16
 -30840.418   365.939   -34.14   31.13
 -30464.490   358.827   -18.92   27.62
 -30088.558   356.286    -6.76   29.91
 -29712.622   346.746   -25.38   24.17
 -29336.681   345.406    -3.56   23.54
 -28960.736   339.451   -15.84   21.80
 -28584.787   327.989   -30.49   16.67
 -28208.833   322.178   -15.46   15.77
 -27832.875   314.700   -19.89   13.48
 -27456.913   313.933    -2.04   14.30
 -27080.947   317.384     9.18   19.32
 -26704.976   316.964    -1.12   19.83
 -26329.002   318.503     4.09   22.10
 -25953.022   320.220     4.57   26.35
 -25577.039   311.357   -23.57   41.71
 -25201.051   289.245   -58.81   58.11
 -24825.059   254.070   -93.55   64.42
 -24449.063   228.614   -67.70   48.10
 -24073.063   202.827   -68.58   40.71
 -23697.058   178.719   -64.12   59.21
 -23321.049   148.124   -81.37   66.95
 -22945.035   114.795   -88.64   39.80
 -22569.017   117.912     8.29   44.98
 -22192.996   164.810   124.72   76.76
 -21816.969   216.854   138.41   78.92
 -21440.939   258.989   112.05   52.47
 -21064.904   262.461     9.23   51.38
 -20688.865   231.963   -81.10   66.78
 -20312.821   172.940  -156.96   69.47
 -19936.773   129.178  -116.37   55.32
 -19560.721    97.502   -84.23   35.87
 -19184.665    79.226   -48.60   13.53
 -18808.604    68.245   -29.20   18.70
 -18432.539    60.178   -21.45   16.58
 -18056.470    57.114    -8.15   12.35
 -17680.396    56.503    -1.63   10.39
 -17304.318    58.854     6.25    9.40
 -16928.236    58.322    -1.41   13.52
 -16552.149    53.933   -11.67   15.50
 -16176.058    52.784    -3.06   16.86
 -15799.963    46.194   -17.52   19.65
 -15423.863    41.421   -12.69   18.90
 -15047.759    31.989   -25.08   17.95
 -14671.651    25.017   -18.54   14.66
 -14295.539    21.630    -9.00   10.46
 -13919.422    18.550    -8.19    4.90
 -13543.300    18.800     0.66    4.00
 -13167.175    19.864     2.83    2.52
 -12791.045    20.042     0.47    1.72
 -12414.911    19.579    -1.23    1.83
 -12038.772    19.665     0.23    2.04
 -11662.629    19.564    -0.27    1.77
 -11286.482    19.638     0.20    1.57
 -10910.330    18.884    -2.00    2.13
 -10534.174    16.989    -5.04    4.15
 -10158.014    16.850    -0.37    5.46
  -9781.849    15.015    -4.88    7.45
  -9405.680    12.886    -5.66    9.38
  -9029.506    13.124     0.63    9.64
  -8653.328    10.178    -7.83    8.22
  -8277.146     7.530    -7.04    4.99
  -7900.960     5.989    -4.10    5.94
  -7524.769     3.282    -7.20    5.05
  -7148.574     0.989    -6.09    2.90
  -6772.374    -0.036    -2.72    0.16
  -6396.170    -0.037    -0.00    0.16
  -6019.962     0.579     1.64    2.04
  -5643.749     0.861     0.75    2.41
  -5267.532     1.245     1.02    2.81
  -4891.310     1.350     0.28    2.85
  -4515.084     1.015    -0.89    2.17
  -4138.854     0.089    -2.46    1.75
  -3762.619     0.313     0.60    2.53
  -3386.380     0.399     0.23    2.62
  -3010.137     0.681     0.75    2.44
  -2633.889     1.070     1.03    2.01
  -2257.637     0.827    -0.65    1.79
  -1881.380     0.989     0.43    2.30
  -1505.119     1.066     0.20    2.18
  -1128.854     0.889    -0.47    1.60
   -752.584     0.962     0.19    1.88
   -376.310     0.989     0.07    1.89
     -0.031     0.621    -0.98    1.53
    376.252     0.305    -0.84    1.02
    752.539     0.579     0.73    1.39
   1128.831     0.681     0.27    1.42
   1505.127     1.094     1.10    1.72
   1881.428     0.989    -0.28    1.59
   2257.733     0.589    -1.06    1.57
   2634.042     0.584    -0.01    1.59
   3010.356     0.964     1.01    1.64
   3386.675     1.297     0.88    1.56
   3762.997     1.850     1.47    1.27
   4139.324     1.908     0.15    1.36
   4515.656     1.421    -1.29    1.41
   4891.992     1.040    -1.01    1.45
   5268.333     0.489    -1.46    1.24
   5644.677     0.178    -0.83    0.88
   6021.027     0.464     0.76    1.26
   6397.380     0.884     1.12    1.66
   6773.739     1.665     2.07    2.11
   7150.101     2.707     2.77    3.09
   7526.468     4.040     3.54    4.39
   7902.840     6.527     6.61    4.29
   8279.216     7.673     3.04    3.63
   8655.596     7.864     0.51    3.32
   9031.981     5.827    -5.41    3.83
   9408.370     5.477    -0.93    3.51
   9784.764     5.040    -1.16    2.86
  10161.162     5.850     2.15    2.40
  10537.565     6.259     1.09    2.13
  10913.972     6.124    -0.36    1.86
  11290.384     5.835    -0.77    1.87
  11666.800     5.604    -0.61    1.71
  12043.220     6.072     1.24    1.59
  12419.645     5.733    -0.90    1.46
  12796.074     5.121    -1.63    1.66
  13172.508     4.448    -1.79    1.50
  13548.947     4.861     1.10    1.88
  13925.389     4.910     0.13    2.03
  14301.837     5.015     0.28    1.86
  14678.289     5.015     0.00    1.95
  15054.745     4.289    -1.93    1.40
  15431.206     4.043    -0.65    1.31
  15807.671     4.379     0.89    1.46
  16184.140     4.527     0.39    1.41
  16560.615     4.878     0.93    1.37
  16937.093     4.854    -0.06    1.49
  17313.576     4.746    -0.29    1.46
  17690.064     4.831     0.23    1.95
  18066.556     4.579    -0.67    2.48
  18443.053     4.231    -0.92    2.74
  18819.554     4.297     0.17    2.74
  19196.060     3.989    -0.82    2.48
  19572.570     4.394     1.08    1.96
  19949.084     4.630     0.63    1.65
  20325.604     4.827     0.52    1.92
  20702.127     4.579    -0.66    1.96
  21078.655     4.066    -1.36    2.01
  21455.188     4.117     0.14    1.84
  21831.725     3.908    -0.56    1.72
  22208.267     3.630    -0.74    1.86
  22584.813     3.384    -0.65    2.20
  22961.364     2.433    -2.52    2.12
  23337.610     1.912    -1.39    2.30
  23713.264     1.367    -1.45    2.29
  24088.922     1.042    -0.87    2.43
  24464.584     1.015    -0.07    2.53
  24840.251     1.302     0.76    2.22
  25215.923     1.726     1.13    2.77
  25591.599     1.410    -0.84    2.90
  25967.280     0.962    -1.19    2.82
  26342.965     0.681    -0.75    3.20
  26718.655    -0.146    -2.20    2.39
  27094.349    -0.286    -0.37    1.83
  27470.048    -0.473    -0.50    2.04
  27845.751    -0.549    -0.20    2.08
  28221.459    -1.065    -1.37    2.33
  28597.171    -1.211    -0.39    2.46
  28972.888    -0.590     1.65    3.21
  29348.609    -0.067     1.39    3.41
  29724.335     1.810     4.99    4.41
  30100.065     1.962     0.41    4.76
  30475.800     1.527    -1.16    4.77
  30851.540     1.579     0.14    4.72
  31227.284     0.932    -1.72    4.24
  31603.032     0.259    -1.79    3.70
  31978.785    -0.011    -0.72    3.39
  32354.543    -1.037    -2.73    2.34
  32730.305    -1.136    -0.26    2.38
  33106.072    -1.389    -0.67    2.35
  33481.843    -1.786    -1.06    2.19
  33857.619    -1.755     0.08    2.19
  34233.399    -1.601     0.41    2.01
  34609.184    -1.443     0.42    1.98
  34984.973    -0.985     1.22    1.83
  35360.767    -1.300    -0.84    2.07
  35736.566    -1.844    -1.45    2.43
  36112.369    -1.960    -0.31    2.82
  36488.177    -2.400    -1.17    2.56
  36863.989    -2.242     0.42    2.52
  37239.806    -2.601    -0.96    2.31
  37615.627    -3.928    -3.53    1.36
  37991.453    -3.254     1.79    2.25
  38367.283    -2.552     1.87    2.66
  38743.118    -2.626    -0.20    2.79
  39118.958    -2.670    -0.11    2.83
  39494.802    -2.903    -0.62    2.95
  39870.651    -3.661    -2.02    2.67
  40246.504    -3.485     0.47    2.63
  40622.362    -3.248     0.63    2.57
  40998.225    -3.222     0.07    2.16
  41374.092    -3.267    -0.12    2.07
  41749.964    -4.222    -2.54    1.68
  42125.840    -4.849    -1.67    1.17
  42501.721    -5.011    -0.43    1.04
  42877.606    -5.146    -0.36    1.13
  43253.496    -5.036     0.29    1.31
  43629.391    -4.908     0.34    1.92
  44005.290    -5.308    -1.06    1.37
  44381.194    -5.389    -0.22    1.44
  44757.103    -5.470    -0.22    1.41
  45133.016    -5.344     0.34    1.38
  45508.934    -4.986     0.95    2.24
  45884.856    -4.200     2.09    2.84
  46260.783    -3.661     1.43    2.92
  46636.714    -3.274     1.03    3.14
  47012.650    -3.379    -0.28    2.89
  47388.591    -3.883    -1.34    2.73
  47764.536    -4.165    -0.75    2.10
  48140.486    -4.669    -1.34    1.55
  48516.441    -4.774    -0.28    1.95
  48892.400    -4.711     0.17    1.94
  49268.364    -4.525     0.50    1.99
  49644.333    -3.861     1.76    2.46
  50020.306    -3.561     0.80    2.50
  50396.283    -3.872    -0.83    2.52
  50772.266    -4.443    -1.52    2.43
  51148.253    -5.039    -1.58    2.67
  51524.244    -5.186    -0.39    2.74
  51900.241    -5.086     0.27    2.79
  52276.242    -5.274    -0.50    2.73
  52652.247    -5.186     0.23    2.53
  53028.257    -5.406    -0.58    1.81
  53404.272    -5.421    -0.04    1.79
  53780.292    -5.575    -0.41    1.67
  54156.316    -5.616    -0.11    1.39
  54532.345    -5.853    -0.63    1.15
  54908.378    -5.564     0.77    1.27
  55284.416    -5.411     0.41    1.19
  55660.459    -5.389     0.06    1.32
  56036.506    -5.211     0.47    1.29
  56412.558    -5.242    -0.08    1.06
  56788.615    -5.344    -0.27    1.01
  57164.676    -5.227     0.31    1.25
  57540.743    -5.289    -0.16    1.23
  57916.813    -5.242     0.13    1.22
  58292.889    -5.636    -1.05    1.27
  58668.969    -5.795    -0.42    1.16
  59045.053    -5.575     0.58    1.29
  59421.143    -5.594    -0.05    1.38
  59797.237    -5.498     0.26    1.39
  60173.336    -5.447     0.14    1.48
  60549.439    -5.222     0.60    1.77
  60925.547    -5.222     0.00    1.68
  61301.660    -4.932     0.77    1.62
  61677.778    -4.836     0.26    1.52
  62053.900    -5.416    -1.54    1.07
  62430.027    -5.231     0.49    1.21
  62806.158    -4.806     1.13    1.15
  63182.295    -4.687     0.32    1.13
  63558.436    -4.849    -0.43    1.26
  63934.581    -4.849     0.00    1.32
  64310.732    -4.729     0.32    1.45
  64686.887    -4.755    -0.07    1.48
  65063.046    -4.678     0.20    1.37
  65439.211    -4.774    -0.26    1.58
  65815.380    -4.817    -0.11    1.39
  66191.554    -4.906    -0.24    1.43
  66567.733    -4.886     0.05    1.40
  66943.916    -5.119    -0.62    1.20
  67320.104    -4.806     0.83    1.22
  67696.297    -4.748     0.15    1.06
  68072.494    -4.652     0.25    1.20
  68448.696    -4.470     0.48    1.17
  68824.903    -4.536    -0.17    1.24
  69201.115    -4.300     0.63    1.54
  69577.331    -3.984     0.84    1.69
  69953.552    -4.065    -0.22    1.79
  70329.778    -4.483    -1.11    1.87
  70706.009    -4.729    -0.65    1.49
  71082.244    -5.114    -1.02    1.48
  71458.484    -4.443     1.78    2.92
  71834.729    -3.985     1.22    2.95
  72210.978    -2.928     2.81    4.68
  72587.232    -3.090    -0.43    4.12
  72963.491    -3.736    -1.72    3.62
  73339.755    -4.606    -2.31    1.54
  73716.024    -4.806    -0.53    1.64
  74092.297    -5.116    -0.82    1.54
  74468.575    -4.960     0.42    2.04
  74844.857    -4.200     2.02    3.20
  75221.145    -2.811     3.69    4.02
  75597.437    -1.564     3.31    4.12
  75973.734    -1.254     0.82    4.10
  76350.036    -2.590    -3.55    3.89
  76726.342    -4.761    -5.77    1.40
  77102.654    -5.242    -1.28    1.18
  77478.970    -5.421    -0.48    1.16
  77855.291    -5.308     0.30    1.27
  78231.616    -5.335    -0.07    1.27
  78607.946    -5.092     0.65    1.53
  78984.282    -5.190    -0.26    2.15
  79360.621    -5.572    -1.01    2.17
  79736.966    -5.795    -0.59    2.29
  80113.316    -5.886    -0.24    2.13
  80489.670    -6.169    -0.75    1.52
  80866.029    -6.406    -0.63    1.26
  81242.393    -6.432    -0.07    1.41
  81618.761    -6.190     0.64    1.65
  81995.135    -5.379     2.16    1.94
  82371.513    -5.092     0.76    1.75
  82747.896    -5.211    -0.32    1.45
  83124.283    -5.564    -0.94    1.39
  83500.676    -5.761    -0.52    1.19
  83877.073    -5.652     0.29    1.39
  84253.475    -5.539     0.30    1.23
  84629.882    -5.335     0.54    1.18
  85006.294    -5.400    -0.17    1.08
  85382.711    -5.242     0.42    1.22
  85759.132    -4.961     0.75    1.06
  86135.558    -4.876     0.23    1.16
  86511.989    -4.811     0.17    1.34
  86888.425    -4.857    -0.12    1.20
  87264.866    -4.616     0.64    1.44
  87641.311    -4.353     0.70    1.81
  88017.761    -4.088     0.70    2.30
  88394.216    -3.396     1.84    3.15
  88770.676    -3.300     0.25    3.56
  89147.141    -2.936     0.97    3.58
  89523.610    -3.643    -1.88    2.66
  89900.085    -4.511    -2.31    1.59
  90276.564    -4.786    -0.73    1.42
  90653.048    -4.254     1.41    3.37
  91029.537    -3.525     1.94    4.50
  91406.031    -2.714     2.15    5.15
  91782.529     0.168     7.66    6.43
  92159.033     2.117     5.18    6.85
  92535.541     2.178     0.16    6.86
  92912.054     0.399    -4.72    6.79
  93288.572    -2.458    -7.59    5.97
  93665.094    -4.984    -6.71    1.32
  94041.622    -5.114    -0.34    1.07
  94418.154    -4.934     0.48    1.01
  94794.692    -4.729     0.54    1.23
  95171.234    -4.800    -0.19    1.42
  95547.781    -4.661     0.37    1.75
  95924.333    -4.389     0.72    2.07
  96300.890    -4.401    -0.03    2.06
  96677.451    -4.780    -1.01    1.88
  97054.018    -5.067    -0.76    1.85
  97430.589    -5.011     0.15    1.75
  97807.165    -4.458     1.47    1.59
  98183.746    -4.116     0.91    1.43
  98559.740    -4.114     0.01    1.29
  98935.365    -4.253    -0.37    1.39
  99310.994    -1.549     7.20    5.11
  99686.629     1.278     7.53    5.60
 100062.268     4.151     7.65    4.65
 100437.912     6.639     6.62    1.42
 100813.561     6.594    -0.12    1.13
 101189.215     6.938     0.91    1.41
 101564.874     7.384     1.19    1.41
 101940.538     7.835     1.20    1.29
 102316.206     7.746    -0.24    1.30
 102691.879     7.038    -1.88    1.45
 103067.558     5.910    -3.00    1.88
 103443.241     5.072    -2.23    1.61
 103818.929     4.436    -1.69    1.35
 104194.622     4.070    -0.97    1.21
 104570.319     4.502     1.15    1.59
 104946.022     5.810     3.48    2.47
 105321.729     6.850     2.77    2.83
 105697.442     7.367     1.38    2.75
 106073.159     6.611    -2.01    3.39
 106448.881     6.348    -0.70    3.13
 106824.608     5.914    -1.16    2.86
 107200.340     6.259     0.92    2.64
 107576.077     6.089    -0.45    2.49
 107951.818     5.410    -1.81    2.80
 108327.565     5.374    -0.10    2.43
 108703.316     5.367    -0.02    3.00
 109079.073     6.139     2.05    3.00
 109454.834     6.647     1.35    2.86
 109830.600     6.584    -0.17    3.01
 110206.371     6.463    -0.32    2.89
 110582.147     5.773    -1.84    2.43
 110957.928     6.322     1.46    2.44
 111333.714     5.886    -1.16    2.72
 111709.505     4.205    -4.47    4.24
 112085.300     2.259    -5.18    4.84
 112461.101     1.557    -1.87    4.44
 112836.906     1.220    -0.90    4.15
 113212.717     2.209     2.63    4.11
 113588.532     3.881     4.45    3.57
 113964.352     4.864     2.62    3.37
 114340.177     6.647     4.74    4.81
 114716.007     9.297     7.05    5.38
 115091.842     8.989    -0.82    7.27
 115467.682     7.451    -4.09    8.58
 115843.527     4.910    -6.76    9.37
 116219.377     1.647    -8.68    9.17
 116595.232    -2.088    -9.94    7.57
 116971.091    -4.552    -6.55    5.15
 117346.956    -4.883    -0.88    4.63
 117722.825    -2.934     5.18    6.93
 118098.700    -0.335     6.91    8.01
 118474.579     2.719     8.13    8.45
 118850.464     4.767     5.45    7.57
 119226.353     7.464     7.18    4.65
 119602.247     8.739     3.39    2.82
 119978.146     9.252     1.37    2.09
 120354.051     9.189    -0.17    2.03
 120729.960     9.094    -0.25    2.74
 121105.874     8.630    -1.24    3.29
 121481.793     8.322    -0.82    3.69
 121857.717     8.656     0.89    3.32
 122233.646     8.773     0.31    3.33
 122609.580     8.733    -0.11    3.19
 122985.519     8.764     0.08    2.76
 123361.463     9.475     1.89    2.65
 123737.412     9.614     0.37    2.49
 124113.366     9.331    -0.75    2.58
 124489.324     9.989     1.75    2.12
 124865.288    10.124     0.36    2.06
 125241.257     9.933    -0.51    2.06
 125617.231     9.839    -0.25    2.12
 125993.209     9.784    -0.15    1.99
 126369.193     9.611    -0.46    2.15
 126745.182     9.681     0.19    2.26
 127121.176     9.232    -1.19    2.20
 127497.174     9.451     0.58    2.19
 127873.178     9.568     0.31    2.14
 128249.187     9.656     0.23    1.94
 128625.200     9.805     0.40    2.20
 129001.219     9.322    -1.28    2.29
 129377.243     9.452     0.35    1.99
 129753.271     9.072    -1.01    2.10
 130129.305     9.614     1.44    1.88
 130505.344    10.200     1.56    2.08
 130881.387    10.935     1.96    2.01
 131257.436    11.665     1.94    1.63
 131633.490    12.132     1.24    1.50
 132009.549    12.579     1.19    1.55
 132385.612    12.476    -0.27    1.75
 132761.681    12.394    -0.22    1.77
 133137.755    12.143    -0.67    1.61
 133513.834    12.072    -0.19    1.57
 133889.918    12.527     1.21    1.67
 134266.007    12.425    -0.27    1.64
 134642.100    12.016    -1.09    1.79
 135018.199    10.938    -2.87    2.32
 135394.303     9.502    -3.82    2.34
 135770.412     9.064    -1.16    2.42
 136146.526     8.584    -1.28    2.69
 136522.645     8.912     0.87    3.07
 136898.769     8.475    -1.16    3.25
 137274.899     8.297    -0.48    2.83
 137651.033     7.778    -1.38    2.33
 138027.172     6.864    -2.43    1.83
 138403.316     7.040     0.47    1.90
 138779.466     6.568    -1.26    1.67
 139155.620     6.121    -1.19    1.79
 139531.779     6.143     0.06    1.66
 139907.944     5.989    -0.41    1.55
 140284.113     5.066    -2.45    2.44
 140660.288     3.835    -3.27    3.59
 141036.468     1.489    -6.24    4.35
 141412.652     0.089    -3.72    3.89
 141788.842     0.425     0.89    4.47
 142165.037     0.758     0.89    4.31
 142541.237     1.151     1.04    3.73
 142917.442     0.015    -3.02    3.54
 143293.652    -2.443    -6.53    2.41
 143669.867    -3.195    -2.00    1.67
 144046.087    -3.261    -0.17    1.85
 144422.313    -0.811     6.51    5.14
 144798.543     1.476     6.08    7.12
 145174.778     0.935    -1.44    8.62
 145551.019    -0.173    -2.95    8.96
 145927.265    -0.038     0.36    9.01
 146303.515     2.517     6.79    9.48
 146679.771     2.814     0.79    9.28
 147056.032     2.117    -1.85    9.70
 147432.298     1.226    -2.37   10.71
 147808.569     4.092     7.62   12.78
 148184.845     6.707     6.95   13.03
 148561.126    12.527    15.47   10.63
 148937.413    15.726     8.50    5.90
 149313.704    15.861     0.36    4.19
 149690.001    13.854    -5.33    4.52
 150066.302    12.938    -2.43    4.50
 150442.609    12.939     0.00    5.07
 150818.921    11.961    -2.60    5.83
 151195.238    11.579    -1.02    6.35
 151571.560    10.800    -2.07    5.83
 151947.888    11.448     1.72    4.82
 152324.220    11.638     0.50    4.84
 152700.557    11.156    -1.28    5.94
 153076.900    12.389     3.28    3.92
