-169451.280   -11.495     0.00    3.78
-169074.931   -12.227    -1.94    4.18
-168698.586   -14.739    -6.68    4.74
-168322.244   -16.612    -4.98    4.82
-167945.905   -18.848    -5.94    5.09
-167569.569   -20.689    -4.89    4.46
-167193.236   -21.227    -1.43    4.55
-166816.906   -21.315    -0.24    4.98
-166440.579   -21.561    -0.65    5.44
-166064.255   -22.700    -3.03    5.22
-165687.934   -23.848    -3.05    4.99
-165311.616   -24.631    -2.08    4.76
-164935.301   -25.142    -1.36    4.31
-164558.989   -24.595     1.45    3.97
-164182.680   -24.330     0.70    3.97
-163806.374   -23.793     1.43    3.66
-163430.071   -23.612     0.48    4.28
-163053.772   -23.868    -0.68    4.76
-162677.475   -23.817     0.14    5.45
-162301.181   -23.577     0.64    5.70
-161924.890   -24.945    -3.64    6.56
-161548.602   -27.172    -5.92    8.42
-161172.317   -30.118    -7.83    8.36
-160796.036   -33.199    -8.19    8.05
-160419.757   -36.503    -8.78    6.37
-160043.481   -38.663    -5.74    4.23
-159667.208   -40.069    -3.74    0.90
-159290.939   -40.145    -0.20    0.77
-158914.672   -40.253    -0.29    0.41
-158538.408   -40.253     0.00    0.00
-158162.147   -40.253     0.00    0.00
-157785.889   -40.176     0.20    0.48
-157409.634   -39.253     2.45    3.94
-157033.382   -38.073     3.13    6.15
-156657.134   -35.561     6.68    9.07
-156280.888   -34.586     2.59    9.85
-155904.645   -31.199     9.00   11.68
-155528.405   -28.778     6.43   11.74
-155152.168   -25.712     8.15   11.40
-154775.934   -22.388     8.84   10.62
-154399.703   -18.875     9.34    8.05
-154023.475   -16.710     5.75    3.87
-153647.250   -15.945     2.03    2.35
-153271.028   -16.817    -2.32    2.74
-152894.808   -17.531    -1.90    3.05
-152518.592   -19.016    -3.95    3.12
-152142.379   -19.170    -0.41    3.15
-151766.169   -17.727     3.84    2.87
-151389.961   -16.928     2.12    2.83
-151013.757   -16.199     1.94    2.54
-150637.556   -16.832    -1.68    3.66
-150261.357   -17.385    -1.47    4.28
-149885.162   -19.099    -4.56    5.06
-149508.969   -22.172    -8.17    5.10
-149132.780   -23.403    -3.27    5.04
-148756.593   -25.016    -4.29    4.69
-148380.409   -26.280    -3.36    5.17
-148004.228   -27.631    -3.59    3.93
-147628.051   -28.753    -2.98    2.85
-147251.876   -28.689     0.17    2.60
-146875.704   -27.868     2.18    2.32
-146499.535   -27.420     1.19    2.87
-146123.369   -25.648     4.71    3.91
-145747.206   -24.064     4.21    5.07
-145371.045   -21.990     5.51    5.38
-144994.888   -19.478     6.68    5.82
-144618.734   -17.496     5.27    5.10
-144242.582   -14.016     9.25    5.60
-143866.434   -11.174     7.56    5.20
-143490.288    -9.432     4.63    4.52
-143114.146    -7.577     4.93    3.47
-142738.006    -5.277     6.11    3.16
-142361.869    -3.894     3.68    3.55
-141985.735    -3.145     1.99    3.36
-141609.604    -1.685     3.88   10.29
-141233.476     0.044     4.60   14.19
-140857.351    -1.766    -4.81   14.30
-140481.228    -3.125    -3.61   13.04
-140105.109    -6.910   -10.06    7.47
-139728.993    -8.202    -3.43    8.00
-139352.879    -6.875     3.53    9.55
-138976.768    -2.725    11.03   13.57
-138600.661     1.388    10.94   12.78
-138224.556     4.477     8.21   11.28
-137848.454     5.311     2.22   11.17
-137472.355     3.010    -6.12    9.32
-137096.258     3.847     2.23   12.44
-136720.165     0.828    -8.03    5.65
-136344.075     1.332     1.34    7.78
-135967.987    15.209    36.90   30.67
-135591.902    41.025    68.65   53.36
-135215.821    69.342    75.30   56.58
-134839.742    79.423    26.81   51.22
-134463.666    66.484   -34.41   57.33
-134087.593    39.516   -71.71   43.56
-133711.522    26.191   -35.43   23.63
-133335.455    22.644    -9.43   19.64
-132959.391    23.694     2.79   22.01
-132583.329    17.969   -15.22   19.67
-132207.270    14.568    -9.05   19.54
-131831.214    11.388    -8.46   18.53
-131455.161     6.593   -12.75   13.73
-131079.111     1.668   -13.10    6.99
-130703.064     0.297    -3.65    5.42
-130327.019     0.855     1.48    7.61
-129950.978    -0.853    -4.54    7.34
-129574.939    -3.586    -7.27    4.49
-129198.903    -3.503     0.22    7.09
-128822.870    -1.821     4.47   10.24
-128446.840     6.585    22.35   23.78
-128070.812     9.693     8.27   32.05
-127694.788    11.106     3.76   36.35
-127318.766     9.071    -5.41   29.19
-126942.748     8.029    -2.77   25.36
-126566.732    12.037    10.66   31.17
-126190.719    12.261     0.60   34.86
-125814.708    10.260    -5.32   37.69
-125438.701     2.747   -19.98   32.63
-125062.696   -10.330   -34.78    7.97
-124686.694   -12.280    -5.19    5.45
-124310.696   -12.407    -0.34    4.64
-123934.699    -9.658     7.31    5.73
-123558.706    -8.022     4.35    4.96
-123182.716    -5.953     5.50    6.31
-122806.728    -4.253     4.52   13.33
-122430.743    -7.388    -8.34    5.59
-122054.761    -6.496     2.37    5.63
-121678.782    -4.604     5.03    8.90
-121302.806    -4.200     1.07    8.90
-120926.832    -4.309    -0.29    9.34
-120550.862    -9.753   -14.48   11.20
-120174.894   -14.990   -13.93    9.61
-119798.929   -20.604   -14.93    8.75
-119422.966   -22.945    -6.23    7.95
-119047.007   -23.200    -0.68    7.41
-118671.050   -19.385    10.15    8.06
-118295.096   -15.947     9.14    6.79
-117919.145   -12.125    10.17    5.45
-117543.197   -10.550     4.19    5.23
-117167.252    -9.407     3.04    5.95
-116791.309    -9.503    -0.26    7.07
-116415.369   -12.453    -7.85    9.65
-116039.432   -17.956   -14.64   10.74
-115663.498   -24.550   -17.54    6.96
-115287.566   -26.523    -5.25    4.68
-114911.637   -25.174     3.59    6.47
-114535.712   -22.253     7.77    8.23
-114159.788   -21.521     1.95    8.12
-113783.868   -19.997     4.06    9.07
-113407.950   -20.983    -2.62    9.11
-113032.036   -23.279    -6.11    7.90
-112656.124   -24.885    -4.27    6.14
-112280.214   -24.894    -0.03    6.25
-111904.308   -24.642     0.67    6.83
-111528.404   -24.304     0.90    7.07
-111152.503   -24.836    -1.42    6.78
-110776.605   -24.868    -0.09    6.98
-110400.710   -25.330    -1.23    6.05
-110024.817   -26.539    -3.22    4.81
-109648.927   -26.577    -0.10    4.70
-109273.040   -27.469    -2.37    2.50
-108897.156   -25.332     5.69    8.45
-108521.274   -19.542    15.40   12.57
-108145.396   -12.836    17.84   14.86
-107769.519     8.089    55.67   37.78
-107393.646    24.901    44.73   39.28
-107017.776    30.720    15.48   38.56
-106641.908    27.315    -9.06   40.92
-106266.043    10.931   -43.59   29.70
-105890.180    -0.279   -29.82   15.67
-105514.321    -2.614    -6.21    9.16
-105138.464    -0.817     4.78    9.28
-104762.610     0.136     2.54    8.83
-104386.605     0.644     1.35    5.27
-104010.216     0.516    -0.34    4.09
-103633.830     3.497     7.92    7.87
-103257.447     7.612    10.93   10.31
-102881.066    15.909    22.05   18.31
-102504.689    23.693    20.68   26.85
-102128.313    38.694    39.86   46.21
-101751.941    46.693    21.25   51.53
-101375.571    38.106   -22.82   48.58
-100999.204    29.209   -23.64   37.31
-100622.840    18.563   -28.29   11.84
-100246.479    20.879     6.15   13.60
 -99870.120    27.055    16.41   19.31
 -99493.764    23.260   -10.08   11.58
 -99117.411    22.044    -3.23    9.32
 -98741.060    21.824    -0.59    9.44
 -98364.712    30.720    23.64   26.05
 -97988.367    37.260    17.38   32.97
 -97612.025    38.286     2.73   33.53
 -97235.685    38.466     0.48   34.40
 -96859.348    32.696   -15.33   21.62
 -96483.014    39.668    18.53   22.25
 -96106.682    48.612    23.77   26.22
 -95730.353    54.824    16.51   22.80
 -95354.027    59.580    12.64   21.16
 -94977.704    65.773    16.46   24.10
 -94601.383    76.311    28.00   25.03
 -94225.065    79.666     8.92   22.46
 -93848.750    90.388    28.49   23.52
 -93472.437   104.388    37.20   22.91
 -93096.127   113.209    23.44   20.98
 -92719.820   117.315    10.91   17.35
 -92343.515   113.747    -9.48   19.00
 -91967.213   105.747   -21.26   19.17
 -91590.914    99.221   -17.34   19.20
 -91214.618   102.300     8.18   22.79
 -90838.324   106.372    10.82   22.36
 -90462.033   111.516    13.67   25.46
 -90085.744   104.037   -19.88   30.81
 -89709.458    87.386   -44.25   33.57
 -89333.175    68.465   -50.28   21.78
 -88956.895    64.053   -11.73   17.88
 -88580.617    65.747     4.50   18.42
 -88204.342    64.901    -2.25   18.73
 -87828.070    60.828   -10.82   18.10
 -87451.800    55.132   -15.14   14.09
 -87075.533    51.286   -10.22   10.06
 -86699.268    52.106     2.18   12.26
 -86323.007    54.342     5.94   14.89
 -85946.748    50.722    -9.62   12.13
 -85570.491    48.342    -6.33   11.80
 -85194.237    46.315    -5.39    7.77
 -84817.986    46.017    -0.79    8.91
 -84441.738    44.777    -3.30    9.31
 -84065.492    44.568    -0.56    9.08
 -83689.249    45.516     2.52   10.89
 -83313.008    46.886     3.64   12.66
 -82936.770    47.798     2.43   12.88
 -82560.535    45.997    -4.79   12.42
 -82184.303    46.484     1.29   11.85
 -81808.073    44.286    -5.84   10.14
 -81431.846    42.585    -4.52    9.95
 -81055.621    39.431    -8.38   11.68
 -80679.399    32.984   -17.14   10.19
 -80303.180    29.516    -9.22    8.23
 -79926.963    27.963    -4.13   11.09
 -79550.749    34.722    17.97   22.46
 -79174.537    57.132    59.57   46.14
 -78798.328    67.396    27.28   46.88
 -78422.122    73.720    16.81   43.57
 -78045.919    76.639     7.76   45.05
 -77669.718    70.952   -15.12   43.48
 -77293.519    78.721    20.65   45.00
 -76917.324    85.386    17.72   44.69
 -76541.130    77.300   -21.50   46.00
 -76164.940    51.664   -68.15   38.65
 -75788.752    29.936   -57.76   15.08
 -75412.567    22.875   -18.77    9.51
 -75036.384    21.315    -4.15    5.79
 -74660.204    21.879     1.50    5.06
 -74284.027    23.379     3.99    4.44
 -73907.852    21.947    -3.81    5.17
 -73531.680    20.044    -5.06    7.33
 -73155.510    20.972     2.47    9.35
 -72779.343    23.952     7.92   12.67
 -72403.179    30.423    17.20   13.93
 -72027.017    38.288    20.91   21.04
 -71650.858    55.963    46.99   30.24
 -71274.701    68.694    33.85   32.73
 -70898.547    71.773     8.18   33.21
 -70522.396    71.886     0.30   34.48
 -70146.247    66.747   -13.66   32.70
 -69770.100    60.694   -16.09   23.46
 -69393.957    56.775   -10.42   16.43
 -69017.816    51.615   -13.72   14.96
 -68641.677    47.850   -10.01   13.60
 -68265.541    46.311    -4.09   12.03
 -67889.408    45.773    -1.43   10.37
 -67513.277    46.322     1.46    8.81
 -67137.149    48.152     4.87    7.60
 -66761.023    49.622     3.91    8.05
 -66384.900    53.337     9.88    9.62
 -66008.780    54.633     3.45    9.73
 -65632.662    50.639   -10.62    9.06
 -65256.546    47.071    -9.49    9.61
 -64880.434    44.639    -6.47    8.99
 -64504.323    42.362    -6.05    9.07
 -64128.216    40.261    -5.59    8.68
 -63752.111    38.847    -3.76    7.44
 -63376.008    37.826    -2.71    8.68
 -62999.908    37.423    -1.07    7.74
 -62623.811    41.465    10.75   14.07
 -62247.716    49.183    20.52   22.87
 -61871.623    54.405    13.89   22.54
 -61495.533    56.775     6.30   22.00
 -61119.446    50.542   -16.57   17.58
 -60743.362    49.125    -3.77   11.58
 -60367.279    51.472     6.24   12.34
 -59991.200    56.472    13.30   14.02
 -59615.123    59.690     8.56   14.73
 -59239.048    54.882   -12.78   18.22
 -58862.976    47.558   -19.48   19.49
 -58486.907    42.342   -13.87   17.26
 -58110.840    38.010   -11.52   10.92
 -57734.775    37.414    -1.59    9.77
 -57358.713    41.698    11.39   17.63
 -56982.654    47.773    16.15   27.85
 -56606.597    48.882     2.95   36.30
 -56230.543    45.670    -8.54   41.82
 -55854.491    41.089   -12.18   40.36
 -55478.442    32.234   -23.55   31.70
 -55102.395    27.247   -13.26   28.88
 -54726.351    22.670   -12.17   24.12
 -54350.309    14.775   -21.00   14.30
 -53974.270    15.644     2.31   12.10
 -53598.233    21.568    15.75   13.82
 -53222.199    31.633    26.77   12.20
 -52846.168    34.882     8.64    9.23
 -52470.138    44.828    26.45   15.11
 -52094.112    50.905    16.16   15.43
 -51718.088    55.879    13.23   14.98
 -51342.066    61.136    13.98   18.64
 -50966.047    76.918    41.97   32.21
 -50590.030    88.337    30.37   32.65
 -50214.016    96.017    20.43   28.85
 -49838.005    89.963   -16.10   33.92
 -49461.995    73.879   -42.78   37.70
 -49085.989    62.696   -29.74   41.19
 -48709.985    59.997    -7.18   40.21
 -48333.983    67.337    19.52   39.65
 -47957.984    71.053     9.88   37.15
 -47581.987    66.721   -11.52   35.02
 -47205.993    56.157   -28.10   37.38
 -46830.001    45.841   -27.44   29.48
 -46454.012    45.666    -0.46   28.21
 -46078.025    50.504    12.87   31.34
 -45702.041    56.963    17.18   38.82
 -45326.059    60.668     9.85   46.94
 -44950.079    55.288   -14.31   48.43
 -44574.102    44.362   -29.06   40.13
 -44198.128    35.568   -23.39   26.89
 -43822.156    29.431   -16.32   10.62
 -43446.187    27.531    -5.05    5.36
 -43070.220    27.491    -0.11    4.45
 -42694.255    27.029    -1.23    4.66
 -42318.293    26.469    -1.49    3.85
 -41942.333    27.465     2.65    4.35
 -41566.376    29.017     4.13    3.93
 -41190.421    29.747     1.94    3.14
 -40814.469    30.568     2.18    2.72
 -40438.519    30.028    -1.43    2.25
 -40062.572    30.388     0.96    2.30
 -39686.627    30.773     1.02    2.10
 -39310.684    30.666    -0.29    2.06
 -38934.744    31.209     1.44    2.14
 -38558.807    31.747     1.43    2.35
 -38182.872    32.080     0.89    2.59
 -37806.939    32.644     1.50    2.48
 -37431.009    33.168     1.39    2.09
 -37055.081    33.537     0.98    2.45
 -36679.155    33.132    -1.08    3.92
 -36303.232    31.055    -5.52    5.02
 -35927.312    28.358    -7.17    4.62
 -35551.394    25.300    -8.14    3.30
 -35175.478    22.369    -7.80    2.95
 -34799.565    20.125    -5.97    4.82
 -34423.654    17.568    -6.80    5.41
 -34047.745    15.435    -5.67    5.42
 -33671.839    13.927    -4.01    5.46
 -33295.936    14.978     2.80    5.35
 -32920.035    16.053     2.86    5.84
 -32544.136    18.465     6.42    5.40
 -32168.240    21.071     6.93    3.03
 -31792.346    21.465     1.05    2.21
 -31416.454    22.615     3.06    2.86
 -31040.565    24.405     4.76    3.39
 -30664.678    26.273     4.97    3.42
 -30288.794    28.491     5.90    2.74
 -29912.912    29.644     3.07    3.05
 -29537.033    28.553    -2.90    4.12
 -29160.858    27.774    -2.07    4.88
 -28784.499    29.017     3.30    6.71
 -28408.142    31.179     5.75    7.06
 -28031.787    34.071     7.68    6.91
 -27655.435    33.747    -0.86    6.75
 -27279.085    31.003    -7.29    5.36
 -26902.738    30.234    -2.04    4.87
 -26526.393    29.580    -1.74    3.89
 -26150.050    27.978    -4.26    5.00
 -25773.710    25.477    -6.65    5.65
 -25397.372    23.183    -6.10    5.22
 -25021.037    21.931    -3.33    4.93
 -24644.704    21.106    -2.19    5.96
 -24268.373    19.612    -3.97    5.96
 -23892.045    17.696    -5.09    8.72
 -23515.719    17.723     0.07   10.24
 -23139.395    17.330    -1.04   12.06
 -22763.074    19.273     5.16   12.66
 -22386.755    20.152     2.34   11.64
 -22010.439    20.909     2.01    9.97
 -21634.125    22.098     3.16    8.39
 -21257.813    22.890     2.10    8.86
 -20881.504    23.622     1.95    8.16
 -20505.197    24.978     3.60    6.78
 -20128.893    25.044     0.18    5.63
 -19752.590    24.439    -1.61    5.55
 -19376.290    26.247     4.80    5.88
 -18999.993    28.037     4.76    5.62
 -18623.698    43.927    42.23   32.31
 -18247.405    47.668     9.94   35.58
 -17871.115    41.720   -15.81   37.12
 -17494.827    32.063   -25.66   32.04
 -17118.541    17.422   -38.91   10.48
 -16742.257    15.828    -4.24    4.49
 -16365.976    17.055     3.26    3.12
 -15989.698    18.477     3.78    2.01
 -15613.421    19.234     2.01    1.39
 -15237.147    19.612     1.01    1.34
 -14860.876    19.886     0.73    1.27
 -14484.607    20.106     0.58    1.66
 -14108.340    19.847    -0.69    1.93
 -13732.075    19.720    -0.34    2.09
 -13355.813    19.722     0.01    2.17
 -12979.553    19.668    -0.14    2.07
 -12603.295    19.747     0.21    1.75
 -12227.040    20.379     1.68    1.60
 -11850.787    20.458     0.21    1.27
 -11474.536    20.469     0.03    1.75
 -11098.288    21.615     3.05    2.81
 -10722.042    22.897     3.41    3.97
 -10345.798    23.275     1.00    4.21
  -9969.557    24.286     2.69    5.46
  -9593.317    26.439     5.72    7.73
  -9217.081    24.261    -5.79    9.26
  -8840.846    21.179    -8.19   12.29
  -8464.614    19.469    -4.55   12.91
  -8088.384    19.029    -1.17   11.71
  -7712.157    20.465     3.82   10.89
  -7335.932    23.477     8.01   12.45
  -6959.709    27.447    10.55   12.39
  -6583.488    29.721     6.04   12.99
  -6207.270    28.537    -3.15   12.28
  -5831.054    24.936    -9.57   10.14
  -5454.840    21.080   -10.25    9.32
  -5078.629    17.747    -8.86    8.40
  -4702.420    16.136    -4.28    7.86
  -4326.213    17.157     2.71    7.42
  -3950.008    17.553     1.05    6.27
  -3573.806    17.439    -0.30    5.88
  -3197.606    19.388     5.18    6.11
  -2821.408    19.661     0.73    6.41
  -2445.213    20.828     3.10    5.49
  -2069.020    24.261     9.12   12.72
  -1692.829    30.693    17.10   20.20
  -1316.641    28.497    -5.84   20.53
   -940.454    24.288   -11.19   23.90
   -564.270    15.322   -23.83   25.53
   -188.089     2.773   -33.36    8.18
    188.091     2.931     0.42    8.67
    564.268     5.828     7.70    9.64
    940.443    10.491    12.39    9.18
   1316.616    15.642    13.69    6.44
   1692.786    17.525     5.01    4.06
   2068.954    17.311    -0.57    4.17
   2445.120    17.275    -0.10    3.87
   2821.284    17.537     0.70    4.33
   3197.445    19.388     4.92    4.25
   3573.604    20.903     4.03    3.26
   3949.761    21.963     2.82    2.35
   4325.915    21.931    -0.09    2.51
   4702.068    22.017     0.23    2.14
   5078.218    22.362     0.92    2.41
   5454.366    21.936    -1.13    2.82
   5830.511    20.978    -2.55    4.09
   6206.655    20.106    -2.32    5.08
   6582.796    18.542    -4.16    5.93
   6958.935    17.423    -2.98    6.32
   7335.071    16.439    -2.61    6.04
   7711.206    17.510     2.85    5.79
   8087.338    19.191     4.47    5.41
   8463.468    21.098     5.07    5.81
   8839.595    23.179     5.53    4.44
   9215.721    24.247     2.84    4.15
   9591.844    25.439     3.17    3.54
   9967.965    26.528     2.90    2.43
  10344.084    26.115    -1.10    4.21
  10720.200    25.516    -1.59    5.03
  11096.315    24.801    -1.90    5.03
  11472.427    23.234    -4.17    5.19
  11848.537    21.585    -4.39    5.71
  12224.644    22.183     1.59    6.80
  12600.750    23.388     3.20    6.62
  12976.853    25.431     5.43    5.75
  13352.954    26.458     2.73    4.91
  13729.053    26.337    -0.32    4.23
  14105.150    24.326    -5.35    6.46
  14481.244    20.886    -9.15    7.38
  14857.336    17.396    -9.28    7.49
  15233.426    13.931    -9.21    5.10
  15609.514    12.774    -3.08    3.52
  15985.600    13.261     1.29    3.81
  16361.683    12.591    -1.78    2.46
  16737.764    14.516     5.12    4.37
  17113.843    17.696     8.45    6.47
  17489.920    20.941     8.63    6.90
  17865.995    24.055     8.28    5.06
  18242.067    23.125    -2.47    6.31
  18618.138    20.080    -8.10    8.37
  18994.206    17.352    -7.25    8.04
  19370.272    14.286    -8.15    6.71
  19746.335    15.017     1.95    6.54
  20122.397    15.388     0.99    5.67
  20498.456    16.297     2.42    5.83
  20874.513    17.518     3.25    5.91
  21250.568    16.450    -2.84    5.50
  21626.621    15.693    -2.01    4.36
  22002.672    16.369     1.80    5.25
  22378.720    18.963     6.90    6.74
  22754.767    22.147     8.47    6.89
  23130.811    23.947     4.79    6.45
  23506.853    26.516     6.83    6.64
  23882.893    28.720     5.86    7.01
  24258.930    31.465     7.30    6.89
  24634.966    33.747     6.07    5.52
  25010.999    36.563     7.49    3.00
  25387.030    37.405     2.24    1.66
  25763.060    37.414     0.02    1.56
  26139.086    36.288    -2.99    3.85
  26515.111    33.721    -6.83    6.29
  26891.134    29.947   -10.04    7.08
  27267.154    26.691    -8.66    6.22
  27643.173    25.879    -2.16    5.19
  28019.189    26.936     2.81    6.61
  28395.203    30.261     8.84    7.53
  28771.215    33.612     8.91    6.88
  29147.224    37.525    10.41    5.28
  29523.232    39.234     4.55    3.42
  29899.237    39.080    -0.41    3.53
  30275.241    38.909    -0.46    3.24
  30651.242    38.183    -1.93    3.73
  31027.241    38.589     1.08    3.91
  31403.238    39.311     1.92    4.02
  31779.233    40.234     2.45    2.98
  32155.225    40.542     0.82    2.38
  32531.216    40.386    -0.41    2.02
  32907.204    40.142    -0.65    3.40
  33283.191    39.927    -0.57    3.80
  33659.175    39.176    -2.00    3.81
  34035.157    38.901    -0.73    3.90
  34411.137    39.693     2.11    3.03
  34787.115    40.396     1.87    3.32
  35163.091    41.828     3.81    2.89
  35539.064    42.219     1.04    3.33
  35915.036    40.029    -5.83    6.30
  36291.005    36.601    -9.12    7.62
  36666.973    34.261    -6.22    7.68
  37042.938    33.106    -3.07    7.17
  37418.901    34.260     3.07    7.61
  37794.862    35.747     3.96    7.31
  38170.821    36.037     0.77    7.52
  38546.778    35.106    -2.48    7.47
  38922.733    32.801    -6.13    6.88
  39298.685    29.882    -7.76    6.36
  39674.636    29.115    -2.04    5.56
  40050.584    30.835     4.57    6.24
  40426.531    32.798     5.22    6.99
  40802.475    36.194     9.03    6.63
  41178.417    38.080     5.02    6.13
  41554.357    34.720    -8.94    6.72
  41930.295    34.108    -1.63    6.86
  42306.231    34.826     1.91    7.41
  42682.165    38.222     9.03    7.44
  43058.097    42.017    10.10    4.31
  43434.027    40.439    -4.20    6.22
  43809.954    35.089   -14.23    9.36
  44185.880    31.388    -9.85    8.51
  44561.803    27.747    -9.69    6.26
  44937.725    27.447    -0.80    5.48
  45313.644    27.179    -0.71    6.38
  45689.562    23.315   -10.28    9.41
  46065.860    17.801   -14.65   10.21
  46442.177    13.890   -10.39    8.75
  46818.492    14.003     0.30    8.76
  47194.804    19.183    13.76   10.10
  47571.115    23.969    12.72    8.08
  47947.423    27.450     9.25    4.27
  48323.730    27.719     0.72    2.95
  48700.034    25.721    -5.31    4.71
  49076.337    25.572    -0.40    4.83
  49452.637    25.125    -1.19    4.34
  49828.935    25.168     0.11    4.18
  50205.231    26.300     3.01    2.78
  50581.526    26.516     0.58    2.57
  50957.818    26.963     1.19    2.45
  51334.108    27.622     1.75    2.53
  51710.396    27.852     0.61    2.33
  52086.682    27.747    -0.28    2.19
  52462.966    27.288    -1.22    1.99
  52839.248    27.275    -0.03    1.89
  53215.528    27.055    -0.58    1.88
  53591.805    26.850    -0.55    2.02
  53968.081    26.747    -0.27    1.85
  54344.355    25.905    -2.24    2.06
  54720.627    24.423    -3.94    3.05
  55096.897    22.914    -4.01    3.73
  55473.164    20.491    -6.44    4.11
  55849.430    19.936    -1.47    4.14
  56225.694    20.029     0.25    4.63
  56601.955    20.431     1.07    4.19
  56978.215    20.972     1.44    4.10
  57354.473    20.612    -0.96    4.49
  57730.728    20.772     0.43    4.29
  58106.982    21.183     1.09    4.38
  58483.234    21.858     1.79    4.18
  58859.483    23.044     3.15    4.03
  59235.731    21.207    -4.88    5.75
  59611.976    19.720    -3.95    5.96
  59988.220    20.055     0.89    6.18
  60364.462    20.490     1.16    6.39
  60740.701    20.798     0.82    7.88
  61116.939    15.563   -13.92   10.18
  61493.174    13.469    -5.56    9.99
  61869.408    14.362     2.37   10.86
  62245.640    15.927     4.16   10.54
  62621.869    17.826     5.05    9.56
  62998.097    19.010     3.15    8.57
  63374.322    19.286     0.73    8.60
  63750.546    18.774    -1.36    8.97
  64126.768    19.286     1.36    8.54
  64502.987    19.597     0.83    8.46
  64879.205    19.303    -0.78    7.67
  65255.421    20.125     2.19    7.14
  65631.635    22.396     6.03    4.72
  66007.846    23.720     3.52    1.95
  66384.056    23.510    -0.56    1.75
  66760.264    23.247    -0.70    1.80
  67136.470    23.197    -0.13    1.47
  67512.674    22.879    -0.85    1.98
  67888.876    22.720    -0.42    2.17
  68265.076    20.619    -5.59    4.19
  68641.274    19.931    -1.83    5.17
  69017.470    19.615    -0.84    5.05
  69393.664    20.098     1.28    5.72
  69769.856    21.132     2.75    5.55
  70146.046    23.219     5.55    4.58
  70522.234    23.029    -0.51    4.30
  70898.421    22.647    -1.02    3.60
  71274.605    21.953    -1.85    2.73
  71650.787    21.504    -1.19    2.78
  72026.968    21.450    -0.14    3.41
  72403.146    20.342    -2.95    3.84
  72779.323    19.774    -1.51    3.76
  73155.497    20.691     2.44    3.80
  73531.670    20.542    -0.40    3.81
  73907.841    21.055     1.36    3.67
  74284.010    20.207    -2.25    3.82
  74660.176    19.800    -1.08    4.08
  75036.341    19.168    -1.68    4.32
  75412.504    17.901    -3.37    4.64
  75788.665    17.855    -0.12    4.55
  76164.824    17.670    -0.49    4.28
  76540.982    18.775     2.94    3.95
  76917.137    19.773     2.65    3.91
  77293.290    19.337    -1.16    4.59
  77669.442    19.872     1.42    4.19
  78045.591    20.901     2.74    3.94
  78421.739    21.585     1.82    3.44
  78797.884    23.017     3.81    2.66
  79174.028    22.990    -0.07    2.24
  79550.170    22.636    -0.94    2.54
  79926.310    23.273     1.69    2.25
  80302.448    23.183    -0.24    2.02
  80678.584    23.288     0.28    1.69
  81054.718    23.183    -0.28    1.57
  81430.850    23.080    -0.27    1.64
  81806.981    23.080     0.00    1.95
  82183.109    22.612    -1.25    1.97
  82559.236    21.696    -2.44    2.53
  82935.361    20.909    -2.09    2.58
  83311.483    20.396    -1.37    2.64
  83687.604    20.423     0.07    2.79
  84063.723    20.466     0.11    3.74
  84439.840    19.439    -2.73    5.67
  84815.956    19.037    -1.07    6.46
  85192.069    19.664     1.67    6.30
  85568.180    20.984     3.51    5.58
  85944.290    22.969     5.28    3.08
  86320.398    23.668     1.86    1.62
  86696.503    23.542    -0.34    1.88
  87072.607    23.315    -0.60    1.94
  87448.709    23.405     0.24    1.77
  87824.810    23.619     0.57    1.78
  88200.908    24.157     1.43    2.02
  88577.004    24.369     0.56    2.05
  88953.099    24.922     1.47    1.85
  89329.191    24.963     0.11    1.78
  89705.282    24.909    -0.14    1.74
  90081.371    25.152     0.65    1.74
  90457.458    24.804    -0.93    1.66
  90833.544    24.850     0.12    1.71
  91209.627    24.798    -0.14    1.78
  91585.708    24.914     0.31    1.86
  91961.788    24.696    -0.58    1.72
  92337.866    24.247    -1.19    1.73
  92713.942    23.694    -1.47    2.12
  93090.016    23.670    -0.06    2.16
  93466.088    23.207    -1.23    2.47
  93842.159    22.747    -1.22    3.05
  94218.227    21.747    -2.66    4.30
  94594.294    20.247    -3.99    4.42
  94970.359    19.152    -2.91    3.90
  95346.422    18.773    -1.01    4.27
  95722.483    19.439     1.77    3.96
  96098.542    18.997    -1.18    4.44
  96474.600    18.017    -2.61    4.00
  96850.655    16.886    -3.01    4.45
  97226.709    15.414    -3.91    4.84
  97602.761    13.414    -5.32    4.65
  97978.811    12.191    -3.25    4.35
  98354.860    10.516    -4.45    2.42
  98730.906    10.477    -0.11    1.98
  99106.951    10.801     0.86    2.96
  99482.994    11.458     1.75    3.70
  99859.035    12.089     1.68    3.75
 100235.074    14.615     6.72    5.70
 100611.111    16.221     4.27    6.10
 100987.147    19.297     8.18    5.91
 101363.181    21.775     6.59    6.44
 101739.213    23.147     3.65    5.91
 102115.243    24.010     2.30    3.68
 102491.271    24.053     0.11    2.91
 102867.298    23.585    -1.24    2.23
 103243.323    23.580    -0.01    2.09
 103619.346    23.826     0.65    2.73
 103995.367    23.872     0.12    2.67
 104371.386    24.747     2.33    2.80
 104747.404    25.397     1.73    2.93
 105123.419    25.542     0.39    2.85
 105499.433    26.142     1.60    3.01
 105875.445    26.773     1.68    3.41
 106251.456    27.644     2.32    3.63
 106627.464    29.510     4.96    5.26
 107003.471    32.053     6.76    7.11
 107379.476    33.491     3.82    6.43
 107755.479    35.330     4.89    6.60
 108131.481    36.362     2.74    6.91
 108507.480    35.234    -3.00    6.27
 108883.478    36.775     4.10    6.52
 109259.474    36.423    -0.94    6.16
 109635.469    35.164    -3.35    5.15
 110011.461    36.063     2.39    5.57
 110387.452    36.183     0.32    5.41
 110763.441    37.044     2.29    5.60
 111139.428    33.952    -8.22    5.14
 111515.414    32.901    -2.80    4.92
 111891.397    32.510    -1.04    4.92
 112267.379    32.315    -0.52    3.94
 112643.359    32.824     1.35    4.23
 113019.338    32.484    -0.90    4.19
 113395.314    32.191    -0.78    3.68
 113771.289    32.080    -0.30    3.83
 114147.262    32.303     0.59    4.02
 114523.234    32.337     0.09    4.00
 114899.203    32.516     0.48    4.67
 115275.171    33.997     3.94    6.11
 115651.137    36.531     6.74    6.83
 116027.102    37.504     2.59    6.36
 116403.064    36.936    -1.51    6.49
 116779.025    36.003    -2.48    6.20
 117154.984    34.639    -3.63    5.73
 117530.942    35.029     1.04    6.56
 117906.897    34.234    -2.11    6.60
 118282.851    33.157    -2.86    6.69
 118658.804    32.179    -2.60    6.66
 119034.754    32.362     0.49    6.13
 119410.703    34.037     4.45    5.86
 119786.650    33.108    -2.47    5.96
 120162.595    31.125    -5.27    5.98
 120538.538    28.693    -6.47    7.14
 120914.580    25.247    -9.16    6.80
 121290.869    21.055   -11.14    6.89
 121667.157    19.185    -4.97    6.91
 122043.442    16.931    -5.99    6.97
 122419.726    15.369    -4.15    7.16
 122796.008    13.608    -4.68    7.08
 123172.288    11.901    -4.54    5.58
 123548.567    14.585     7.13    9.06
 123924.844    20.696    16.24   12.76
 124301.119    26.644    15.81   12.04
 124677.393    31.115    11.88    8.58
 125053.665    33.326     5.87    5.29
 125429.935    33.183    -0.38    5.84
 125806.203    35.106     5.11    5.56
 126182.470    35.525     1.11    5.62
 126558.735    33.639    -5.01    6.03
 126934.998    31.477    -5.75    5.47
 127311.260    29.801    -4.45    4.44
 127687.520    30.125     0.86    4.53
 128063.778    30.717     1.57    5.21
 128440.034    32.183     3.90    6.42
 128816.289    34.414     5.93    6.32
 129192.542    35.136     1.92    6.23
 129568.794    37.055     5.10    5.11
 129945.043    36.801    -0.67    4.59
 130321.291    35.326    -3.92    5.04
 130697.538    33.194    -5.67    5.14
 131073.782    34.337     3.04    7.92
 131450.025    36.801     6.55    7.69
 131826.267    37.458     1.74    7.02
 132202.506    37.622     0.44    7.60
 132578.744    35.890    -4.60    5.89
 132954.981    34.098    -4.76    5.82
 133331.215    32.288    -4.81    5.75
 133707.448    32.152    -0.36    5.49
 134083.679    32.639     1.29    5.92
 134459.909    33.636     2.65    5.80
 134836.137    33.997     0.96    5.68
 135212.363    32.773    -3.25    4.91
 135588.588    31.396    -3.66    4.76
 135964.811    30.568    -2.20    4.90
 136341.032    32.221     4.39    6.19
 136717.252    33.958     4.62    6.66
 137093.470    34.668     1.89    7.01
 137469.686    33.747    -2.45    7.00
 137845.901    30.664    -8.20    7.79
 138222.114    27.563    -8.24    8.27
 138598.325    28.721     3.08   10.86
 138974.535    29.718     2.65   11.62
 139350.743    33.721    10.64   11.83
 139726.950    40.612    18.32   11.79
 140103.154    47.396    18.03   20.39
 140479.357    50.477     8.19   19.82
 140855.559    51.608     3.01   19.68
 141231.759    52.850     3.30   19.93
 141607.957    52.997     0.39   20.16
 141984.154    56.666     9.75   28.47
 142360.349    64.797    21.61   42.33
 142736.542    67.615     7.49   42.70
 143112.734    57.183   -27.73   24.03
 143488.924    47.531   -25.66    7.55
 143865.112    43.670   -10.26    8.66
 144241.299    40.330    -8.88    8.38
 144617.485    37.396    -7.80    5.73
 144993.668    36.484    -2.42    4.76
 145369.850    37.318     2.22    4.91
 145746.031    37.414     0.25    5.22
 146122.209    38.080     1.77    6.14
 146498.386    40.997     7.75    6.63
 146874.562    41.855     2.28    7.09
 147250.736    43.828     5.24    7.47
 147626.908    43.352    -1.26    6.41
 148003.079    42.922    -1.14    5.33
 148379.248    42.747    -0.47    4.68
 148755.416    42.414    -0.89    3.79
 149131.582    45.063     7.04    6.39
 149507.746    46.879     4.83    7.14
 149883.909    45.774    -2.94    8.10
 150260.070    42.997    -7.38    7.81
 150636.229    40.642    -6.26    7.36
 151012.387    38.936    -4.53    5.45
 151388.544    38.666    -0.72    4.99
 151764.698    37.747    -2.44    4.54
 152140.851    37.157    -1.57    4.44
 152517.003    36.798    -0.95    5.49
 152893.153    37.747     2.52    6.35
 153269.301    39.098     3.59    6.18
 153645.448    39.720     1.65    5.60
 154021.594    40.125     1.08    4.99
 154397.737    39.297    -2.20    5.47
 154773.879    38.585    -1.89    5.24
 155150.020    37.958    -1.67    4.62
 155526.159    38.484     1.40    4.35
 155902.296    39.029     1.45    4.30
 156278.432    39.423     1.05    4.33
 156654.566    39.847     1.13    4.24
 157030.699    38.747    -2.92    4.22
 157406.830    39.136     1.03    4.02
 157782.960    38.396    -1.97    4.38
 158159.088    37.691    -1.87    4.39
 158535.214    37.326    -0.97    4.97
 158911.339    37.901     1.53    5.53
 159287.462    37.490    -1.09    5.23
 159663.584    37.927     1.16    5.73
 160039.704    37.721    -0.55    5.16
 160415.823    37.941     0.59    5.12
 160791.940    38.414     1.26    4.81
 161168.056    39.694     3.41    4.44
 161544.170    38.542    -3.06    4.34
 161920.282    37.542    -2.66    4.66
 162296.393    36.260    -3.41    4.91
 162672.503    35.693    -1.51    4.64
 163048.611    36.644     2.53    4.72
 163424.717    36.568    -0.20    3.93
 163800.822    37.775     3.21    3.56
 164176.925    38.909     3.02    3.20
 164553.027    39.990     2.87    3.49
 164929.127    40.828     2.23    3.43
 165305.226    40.694    -0.36    3.78
 165681.323    41.497     2.13    4.08
 166057.419    42.147     1.73    4.24
 166433.513    42.615     1.25    4.08
 166809.605    43.025     1.09    3.65
 167185.696    44.003     2.60    3.50
 167561.786    45.931     5.13    2.81
 167937.874    46.115     0.49    3.27
 168313.960    46.642     1.40    4.22
 168690.045    45.337    -3.47    5.01
 169066.129    43.179    -5.74    4.96
 169442.211    41.901    -3.40    4.82
 169818.291    41.372    -1.41    4.13
 170194.370    41.164    -0.55    3.49
 170570.448    42.801     4.35    4.07
 170946.524    44.342     4.10    3.43
 171322.598    44.801     1.22    3.73
 171698.671    43.612    -3.16    3.62
 172074.743    42.861    -2.00    3.39
 172450.813    43.147     0.76    3.48
 172826.881    44.029     2.35    3.09
 173202.948    44.152     0.33    3.54
 173579.014    44.516     0.97    3.41
 173955.078    44.958     1.17    3.85
 174331.140    46.260     3.46    5.03
 174707.201    48.774     6.69    5.24
 175083.261    50.670     5.04    5.14
 175459.319    52.108     3.82    4.47
 175835.376    52.798     1.84    3.58
 176211.431    52.798     0.00    3.58
 176587.484    52.341    -1.22    3.70
 176963.537    51.207    -3.02    4.13
 177339.587    50.909    -0.79    3.69
 177715.637    49.275    -4.35    3.52
 178091.684    48.125    -3.06    4.11
 178467.731    46.719    -3.74    4.78
 178843.775    45.142    -4.19    4.11
 179219.819    44.491    -1.73    3.71
 179595.861    43.194    -3.45    3.75
 179971.901    42.958    -0.63    3.16
 180347.940    43.029     0.19    3.36
 180723.978    42.798    -0.61    3.24
 181100.014    42.882     0.22    3.26
 181476.048    42.901     0.05    3.22
 181852.081    43.828     2.47    2.81
 182228.113    44.431     1.60    2.66
 182604.143    44.668     0.63    2.99
 182980.172    45.247     1.54    1.67
 183356.199    45.106    -0.38    2.56
 183732.225    44.800    -0.81    2.71
 184108.250    44.639    -0.43    2.90
 184484.273    44.362    -0.74    3.42
 184860.294    44.025    -0.90    2.89
 185236.315    43.721    -0.81    2.78
 185612.333    43.247    -1.26    2.79
 185988.351    42.071    -3.13    3.28
 186364.366    41.003    -2.84    3.14
 186740.381    40.414    -1.57    3.08
 187116.394    39.516    -2.39    3.37
 187492.405    39.136    -1.01    3.31
 187868.416    38.352    -2.08    3.61
 188244.424    37.342    -2.69    3.83
 188620.432    36.504    -2.23    3.64
 188996.437    35.801    -1.87    3.06
 189372.442    34.560    -3.30    3.08
 189748.445    33.875    -1.82    3.24
 190124.447    32.773    -2.93    3.18
 190500.447    32.164    -1.62    3.34
 190876.446    31.670    -1.31    3.30
 191252.443    30.803    -2.31    3.06
 191628.439    29.952    -2.26    3.30
 192004.433    28.516    -3.82    3.98
 192380.427    27.801    -1.90    4.35
 192756.418    26.405    -3.71    4.81
 193132.409    26.003    -1.07    4.69
 193508.398    25.997    -0.02    4.58
 193884.385    25.152    -2.25    3.80
 194260.371    27.234     5.54    6.36
 194636.356    32.563    14.17   11.05
 195012.339    38.125    14.79   11.00
 195388.321    42.936    12.80    7.96
 195764.302    45.690     7.32    4.37
 196140.454    44.824    -2.30    3.54
 196516.706    44.922     0.26    3.86
 196892.956    45.963     2.77    3.92
 197269.205    47.003     2.76    3.85
 197645.452    46.886    -0.31    3.63
 198021.698    47.063     0.47    3.53
 198397.943    45.850    -3.22    3.97
 198774.187    46.247     1.06    3.68
 199150.428    47.469     3.25    5.09
 199526.669    47.589     0.32    5.28
 199902.908    47.647     0.15    5.35
 200279.146    46.497    -3.06    5.93
 200655.383    45.644    -2.27    6.27
 201031.618    44.694    -2.53    6.93
 201407.852    45.044     0.93    6.89
 201784.084    47.288     5.96    7.38
 202160.315    49.191     5.06    6.10
 202536.545    49.055    -0.36    5.73
 202912.773    47.422    -4.34    5.55
 203289.000    46.855    -1.51    4.45
 203665.226    47.122     0.71    4.53
 204041.450    47.800     1.80    4.56
 204417.673    48.721     2.45    4.32
 204793.894    50.369     4.38    3.83
 205170.114    50.978     1.62    4.20
 205546.333    50.666    -0.83    4.55
 205922.551    49.441    -3.25    5.27
 206298.767    48.465    -2.60    5.11
 206674.982    47.858    -1.61    3.65
 207051.195    47.978     0.32    3.41
 207427.407    48.901     2.45    3.38
 207803.618    50.861     5.21    2.97
 208179.828    51.531     1.78    3.14
 208556.036    50.666    -2.30    3.68
 208932.243    51.207     1.44    3.52
 209308.448    51.824     1.64    4.02
 209684.652    53.071     3.32    4.16
 210060.855    54.694     4.31    3.44
 210437.056    54.439    -0.68    4.21
 210813.256    53.668    -2.05    5.46
 211189.455    53.423    -0.65    5.89
 211565.653    54.593     3.11    6.64
 211941.849    54.984     1.04    6.45
 212318.044    56.080     2.91    5.58
 212694.237    57.247     3.10    5.01
 213070.430    58.191     2.51    4.04
 213446.621    58.721     1.41    3.76
 213822.810    58.696    -0.07    4.36
 214198.998    57.560    -3.02    5.01
 214575.185    56.288    -3.38    5.13
 214951.371    55.537    -2.00    5.14
 215327.556    55.369    -0.45    4.56
 215703.739    56.311     2.51    4.10
 216079.920    57.234     2.45    4.55
 216456.101    58.029     2.11    4.92
 216832.280    59.439     3.75    5.13
 217208.458    60.362     2.45    5.20
 217584.635    60.882     1.38    5.27
 217960.810    59.696    -3.15    4.93
 218336.984    60.037     0.91    4.84
 218713.157    60.164     0.34    5.08
 219089.328    60.342     0.47    5.66
 219465.498    60.693     0.93    6.59
 219841.667    59.882    -2.16    6.71
 220217.835    59.388    -1.31    6.60
 220594.001    57.966    -3.78    6.07
 220970.166    57.875    -0.24    5.32
 221346.330    58.927     2.79    4.94
 221722.492    58.941     0.04    5.07
 222098.653    61.491     6.78    5.14
 222474.813    62.125     1.69    5.54
 222850.972    62.670     1.45    5.58
 223227.129    61.537    -3.01    6.63
 223603.285    60.300    -3.29    6.87
 223979.440    57.774    -6.71    6.53
 224355.594    56.747    -2.73    6.06
 224731.746    56.497    -0.66    5.66
 225107.897    55.204    -3.44    5.27
 225484.047    54.801    -1.07    4.55
 225860.196    53.882    -2.44    4.49
 226236.343    52.477    -3.74    5.43
 226612.489    53.585     2.95    6.47
 226988.634    55.982     6.37    6.69
 227364.777    58.372     6.35    6.78
 227740.920    59.824     3.86    4.42
 228117.061    58.666    -3.08    5.05
 228493.200    56.850    -4.83    5.55
 228869.339    54.431    -6.43    4.20
 229245.476    53.168    -3.36    5.41
 229621.612    52.826    -0.91    6.40
 229997.747    51.388    -3.82    9.13
 230373.881    51.504     0.31   11.23
 230750.013    51.115    -1.03   11.75
 231126.144    51.647     1.41   11.77
 231502.274    51.580    -0.18    9.83
 231878.403    50.431    -3.06    9.16
 232254.530    50.747     0.84    9.54
 232630.657    52.558     4.81    7.34
 233006.782    53.342     2.08    7.61
 233382.905    53.219    -0.33    6.79
 233759.028    51.927    -3.44    6.83
 234135.149    50.414    -4.02    6.63
 234511.269    49.330    -2.88    6.28
 234887.388    49.157    -0.46    4.39
 235263.506    49.300     0.38    4.32
 235639.623    49.952     1.73    4.34
 236015.738    51.721     4.70    3.90
 236391.852    52.721     2.66    4.09
 236767.965    54.108     3.69    4.02
 237144.076    54.936     2.20    4.21
 237520.187    54.234    -1.87    4.29
 237896.296    53.661    -1.52    4.15
 238272.404    54.106     1.18    4.15
 238648.511    54.414     0.82    3.90
 239024.616    55.997     4.21    4.51
 239400.721    57.639     4.37    3.94
 239776.824    58.136     1.32    3.61
 240152.926    59.142     2.67    3.54
 240529.027    58.872    -0.72    3.62
 240905.127    59.531     1.75    4.01
 241281.225    58.927    -1.61    4.12
 241657.323    58.379    -1.46    3.75
 242033.419    58.247    -0.35    4.09
 242409.514    57.098    -3.05    3.34
 242785.607    56.047    -2.80    3.43
 243161.700    54.828    -3.24    3.55
 243537.791    52.747    -5.53    3.27
 243913.882    52.639    -0.29    3.56
 244289.971    53.004     0.97    3.83
 244666.058    54.003     2.66    4.47
 245042.145    54.773     2.05    4.55
 245418.231    54.890     0.31    4.67
 245794.315    56.774     5.01    5.01
 246170.398    56.423    -0.93    4.97
 246546.480    58.221     4.78    5.48
 246922.561    59.397     3.13    5.74
 247298.641    60.288     2.37    5.53
 247674.719    60.247    -0.11    6.33
 248050.797    58.879    -3.64    6.90
 248426.873    58.901     0.06    6.56
 248802.948    58.801    -0.27    5.59
 249179.022    59.822     2.71    5.55
 249555.095    60.142     0.85    5.82
 249931.167    59.963    -0.47    6.33
 250307.237    58.152    -4.81    6.53
 250683.306    54.025   -10.98    6.56
 251059.375    50.439    -9.53    6.25
 251435.442    47.234    -8.52    5.08
 251811.508    47.347     0.30    5.75
 252187.572    46.642    -1.88    5.97
 252563.636    46.234    -1.09    6.21
 252939.699    47.803     4.17    7.07
 253315.760    46.901    -2.40    7.83
 253691.820    46.450    -1.20    7.72
 254067.879    48.311     4.95    7.52
 254443.937    47.115    -3.18    7.15
 254819.994    48.247     3.01    7.50
 255196.050    48.666     1.11    6.87
 255572.105    49.272     1.61    6.65
 255948.158    52.465     8.49    8.00
 256324.210    53.636     3.11    8.16
 256700.262    56.261     6.98    6.67
 257076.312    56.639     1.01    6.49
 257452.361    56.693     0.14    6.06
 257828.409    56.747     0.14    5.61
 258204.456    58.504     4.67    5.02
 258580.501    58.747     0.65    5.09
 258956.546    57.352    -3.71    5.48
 259332.589    55.585    -4.70    5.71
 259708.632    54.029    -4.14    4.97
 260084.673    53.362    -1.77    4.74
 260460.713    54.984     4.31    4.77
 260836.752    57.608     6.98    4.33
 261212.790    59.439     4.87    3.87
 261588.827    59.693     0.67    4.42
 261964.863    58.696    -2.65    4.84
 262340.898    57.901    -2.11    4.85
 262716.931    57.661    -0.64    3.99
 263092.964    56.936    -1.93    4.35
 263468.995    55.963    -2.59    6.06
 263845.026    54.342    -4.31    5.09
 264221.055    53.431    -2.42    4.17
 264597.083    52.691    -1.97    3.73
 264973.110    52.113    -1.54    4.11
 265349.136    51.670    -1.18    4.27
 265725.161    51.909     0.64    4.37
 266101.185    53.774     4.96    5.20
 266477.208    55.826     5.46    5.60
 266853.229    56.568     1.97    5.08
 267229.250    58.330     4.69    4.20
 267605.270    57.644    -1.82    4.78
 267981.288    55.858    -4.75    5.34
 268357.306    54.721    -3.02    5.61
 268733.322    54.388    -0.89    5.48
 269109.337    53.560    -2.20    4.63
 269485.351    54.369     2.15    5.08
 269861.365    55.990     4.31    4.99
 270237.377    57.504     4.03    5.62
 270613.388    58.852     3.59    5.53
 270989.398    61.801     7.84    4.40
 271365.612    62.055     0.67    4.35
 271741.829    61.978    -0.20    4.28
 272118.046    61.931    -0.12    4.83
 272494.261    62.531     1.59    4.55
 272870.475    63.773     3.30    4.98
 273246.689    64.388     1.64    5.46
 273622.901    65.234     2.25    4.79
 273999.112    66.311     2.86    5.13
 274375.323    66.666     0.94    4.74
 274751.532    64.450    -5.89    6.98
 275127.740    61.142    -8.79    7.92
 275503.947    57.403    -9.94    9.39
 275880.153    57.414     0.03   10.38
 276256.358    59.927     6.68   10.35
 276632.562    63.664     9.93    8.94
 277008.765    64.516     2.27    7.55
 277384.967    64.886     0.98    7.47
 277761.168    65.183     0.79    7.32
 278137.368    65.537     0.94    7.69
 278513.567    66.207     1.78    7.65
 278889.765    66.504     0.79    7.09
 279265.962    67.798     3.44    6.38
 279642.157    70.157     6.27    5.11
 280018.352    70.386     0.61    5.43
 280394.546    69.747    -1.70    5.87
 280770.739    68.431    -3.50    6.01
 281146.931    68.152    -0.74    5.47
 281523.121    69.017     2.30    5.47
 281899.311    69.604     1.56    5.28
 282275.500    70.414     2.15    5.01
 282651.688    70.414     0.00    4.37
 283027.874    70.136    -0.74    3.68
 283404.060    71.106     2.58    4.33
 283780.245    71.108     0.01    4.54
 284156.429    71.533     1.13    4.42
