-294679.487   390.169     0.00  105.85
-294303.259   364.625   -67.89   89.56
-293927.027   334.802   -79.26   78.76
-293550.792   305.086   -78.98   90.28
-293174.555   261.624  -115.51   80.72
-292798.314   230.419   -82.93   65.62
-292422.070   198.009   -86.14   45.08
-292045.823   178.919   -50.73   28.15
-291669.573   169.752   -24.36   18.34
-291293.320   161.551   -21.80    7.28
-290917.064   159.367    -5.80    4.11
-290540.806   158.014    -3.60    3.70
-290164.544   157.958    -0.15    6.30
-289788.278   158.858     2.39    9.52
-289412.010   163.975    13.60   15.32
-289035.739   167.291     8.81   16.47
-288659.465   171.919    12.30   17.85
-288283.188   172.933     2.69   19.76
-287906.908   175.500     6.82   24.69
-287530.624   170.733   -12.67   28.69
-287154.338   165.445   -14.05   28.94
-286778.048   155.794   -25.65   23.00
-286401.756   147.502   -22.03   12.69
-286025.460   143.394   -10.92    8.74
-285649.162   140.725    -7.09    7.80
-285272.860   141.752     2.73   10.80
-284896.555   144.111     6.27   12.48
-284520.247   146.551     6.48   11.58
-284143.937   147.630     2.87   10.82
-283767.623   145.573    -5.46    8.87
-283391.306   145.119    -1.21    6.49
-283014.986   147.987     7.62    7.64
-282638.662   152.086    10.89    7.70
-282262.336   156.024    10.47    8.05
-281886.007   160.364    11.53   10.65
-281509.674   166.203    15.52   11.24
-281133.339   171.280    13.49   10.24
-280757.000   170.368    -2.42    9.05
-280380.659   168.519    -4.91    7.33
-280004.314   168.419    -0.27    6.33
-279627.966   168.086    -0.89    6.81
-279251.615   169.836     4.65    8.61
-278875.261   172.209     6.30    9.49
-278498.904   169.163    -8.09   11.81
-278122.544   164.314   -12.88   13.28
-277746.181   158.709   -14.89   12.49
-277369.814   154.445   -11.33    8.45
-276993.445   151.594    -7.58    7.37
-276617.072   152.852     3.34   10.22
-276240.696   159.294    17.12   18.04
-275864.317   173.547    37.87   34.41
-275487.936   193.336    52.57   41.45
-275111.550   206.257    34.33   43.41
-274735.162   209.473     8.54   40.48
-274358.771   203.709   -15.31   41.80
-273982.377   191.419   -32.65   40.01
-273605.979   182.058   -24.87   35.25
-273229.579   169.569   -33.18   16.61
-272853.175   165.051   -12.00   13.00
-272476.768   159.225   -15.48    8.94
-272100.358   157.573    -4.39    9.45
-271723.945   155.752    -4.84    9.50
-271347.529   153.829    -5.11    9.53
-270971.237   152.735    -2.91    9.57
-270595.442   154.119     3.68    9.72
-270219.643   157.689     9.50   10.91
-269843.842   161.819    10.99   11.19
-269468.037   166.829    13.33    7.63
-269092.229   169.086     6.00    7.19
-268716.418   169.608     1.39    7.23
-268340.603   168.176    -3.81    8.26
-267964.786   167.392    -2.09    8.83
-267588.966   167.573     0.48    9.58
-267213.142   166.581    -2.64   11.52
-266837.315   164.969    -4.29   12.08
-266461.485   164.445    -1.39   10.97
-266085.652   162.662    -4.74    8.88
-265709.816   157.735   -13.11   11.66
-265333.977   154.547    -8.48   11.55
-264958.134   150.650   -10.37    8.37
-264582.288   151.472     2.19    8.34
-264206.440   155.983    12.00    8.53
-263830.588   157.149     3.10    8.17
-263454.733   157.344     0.52    8.44
-263078.874   154.644    -7.18    8.00
-262703.013   153.562    -2.88    6.63
-262327.148   152.716    -2.25    7.08
-261951.281   150.311    -6.40    8.09
-261575.410   150.473     0.43    9.35
-261199.536   152.269     4.78    9.93
-260823.659   155.419     8.38   11.70
-260447.778   161.894    17.23   10.51
-260071.895   164.727     7.54    9.43
-259696.008   163.798    -2.47    8.78
-259320.118   159.893   -10.39    8.82
-258944.225   158.599    -3.44    9.04
-258568.329   156.367    -5.94    7.99
-258192.429   157.641     3.39    9.33
-257816.527   156.676    -2.57   10.04
-257440.621   154.392    -6.07   11.13
-257064.712   152.194    -5.85   10.66
-256688.800   150.547    -4.38    9.74
-256312.884   151.705     3.08    7.95
-255936.966   152.473     2.04    4.81
-255561.044   151.392    -2.88    4.62
-255185.119   150.235    -3.08    3.83
-254809.191   148.778    -3.88    4.83
-254433.259   147.987    -2.11    4.60
-254057.325   148.819     2.21    5.37
-253681.387   148.035    -2.09    5.27
-253305.446   147.340    -1.85    4.56
-252929.502   146.682    -1.75    4.99
-252553.555   145.137    -4.11    5.63
-252177.604   143.893    -3.31    5.53
-251801.651   142.419    -3.92    5.07
-251425.694   141.137    -3.41    6.48
-251049.733   139.635    -3.99    7.36
-250673.770   139.719     0.22    7.83
-250297.803   137.932    -4.75    7.90
-249921.834   137.505    -1.14    7.94
-249545.861   134.365    -8.35    7.83
-249169.884   131.581    -7.40    6.55
-248793.905   131.788     0.55    7.70
-248417.922   133.163     3.66    7.36
-248041.936   134.987     4.85    7.22
-247665.947   137.494     6.67    6.17
-247289.955   138.035     1.44    4.77
-246913.959   138.314     0.74    5.23
-246537.960   137.051    -3.36    5.03
-246161.958   136.188    -2.29    7.40
-245785.953   135.650    -1.43    8.14
-245409.944   136.614     2.56    9.74
-245033.932   141.009    11.69   10.90
-244657.917   144.669     9.73    9.89
-244281.899   143.419    -3.32    9.82
-243905.877   140.932    -6.61    9.77
-243529.852   137.162   -10.03    7.48
-243153.824   136.798    -0.97    7.24
-242777.793   138.581     4.74    8.28
-242401.759   139.524     2.51    6.43
-242025.721   141.035     4.02    5.83
-241649.680   141.419     1.02    5.64
-241273.635   142.053     1.69    5.51
-240897.588   142.163     0.29    4.77
-240521.537   141.735    -1.14    4.34
-240145.483   141.788     0.14    3.55
-239769.425   141.676    -0.30    3.48
-239393.365   142.496     2.18    4.13
-239017.301   143.502     2.68    4.18
-238641.234   143.855     0.94    4.02
-238265.163   143.586    -0.72    4.13
-237889.090   142.445    -3.03    6.12
-237513.012   139.009    -9.14    7.75
-237136.932   137.705    -3.47    8.32
-236760.849   136.446    -3.35    6.23
-236384.762   136.906     1.22    5.09
-236008.672   136.656    -0.66    4.88
-235632.578   135.393    -3.36    4.66
-235256.482   135.086    -0.82    5.01
-234880.382   135.200     0.30    4.94
-234504.278   134.291    -2.42    4.95
-234128.172   133.581    -1.89    5.01
-233752.062   132.960    -1.65    4.98
-233375.949   132.551    -1.09    4.61
-232999.832   131.727    -2.19    4.31
-232623.712   130.614    -2.96    4.34
-232247.589   130.752     0.37    4.22
-231871.463   130.530    -0.59    4.87
-231495.333   129.906    -1.66    5.37
-231119.200   130.009     0.27    5.74
-230743.064   128.449    -4.15    5.46
-230366.924   129.257     2.15    5.10
-229990.781   129.014    -0.65    4.47
-229614.635   127.445    -4.17    5.17
-229238.486   125.577    -4.97    5.50
-228862.333   124.825    -2.00    4.92
-228486.177   126.419     4.24    6.79
-228110.017   128.496     5.52    7.03
-227733.854   128.867     0.98    7.30
-227357.688   128.235    -1.68    6.53
-226981.519   126.235    -5.32    6.31
-226605.346   124.470    -4.69    6.74
-226229.170   123.825    -1.72    6.09
-225852.990   124.752     2.47    5.88
-225476.808   126.864     5.61    7.66
-225100.621   130.445     9.52    8.73
-224724.432   134.394    10.50    7.87
-224348.239   137.919     9.37    5.14
-223972.043   136.603    -3.50    5.93
-223595.843   133.257    -8.89    5.97
-223219.641   130.077    -8.45    5.93
-222843.434   126.709    -8.95    5.11
-222467.225   125.473    -3.28    4.01
-222091.012   123.619    -4.93    3.94
-221714.796   123.624     0.01    4.54
-221338.576   125.998     6.31    6.77
-220962.353   130.209    11.19    7.55
-220586.127   135.188    13.24    7.14
-220209.897   137.522     6.20    7.08
-219833.664   139.203     4.47    8.63
-219457.428   139.419     0.57    8.05
-219081.188   140.419     2.66    8.96
-218704.945   142.111     4.50    8.93
-218328.699   144.650     6.75    8.15
-217952.449   148.607    10.52    7.10
-217576.196   148.470    -0.36    6.61
-217199.939   149.500     2.74    6.02
-216823.679   147.419    -5.53    7.07
-216447.416   144.203    -8.55    6.92
-216071.149   144.530     0.87    7.51
-215694.879   142.893    -4.35    7.55
-215318.605   143.496     1.60    7.72
-214942.329   143.288    -0.55    7.17
-214566.048   142.547    -1.97    6.15
-214189.765   142.701     0.41    6.05
-213813.478   142.881     0.48    6.56
-213437.187   141.798    -2.88    7.49
-213060.893   141.855     0.15    8.08
-212684.596   139.419    -6.47    9.17
-212308.296   140.051     1.68    9.84
-211931.992   141.945     5.03    9.57
-211555.684   144.357     6.41    9.59
-211179.374   143.881    -1.26    9.29
-210803.059   141.867    -5.35    9.58
-210426.742   136.662   -13.83   12.18
-210050.421   131.473   -13.79   10.95
-209674.096   128.558    -7.75    9.35
-209297.768   126.945    -4.28   10.58
-208921.437   127.932     2.62   10.94
-208545.103   127.203    -1.94   10.25
-208168.765   125.291    -5.08    9.43
-207792.423   125.676     1.02    8.49
-207416.078   123.958    -4.56    8.54
-207039.730   123.024    -2.48    7.58
-206663.378   121.932    -2.90    7.96
-206287.023   120.662    -3.37    7.30
-205910.664   120.798     0.36    7.15
-205534.302   120.840     0.11    7.12
-205157.937   120.449    -1.04    6.28
-204781.568   122.881     6.46    7.50
-204405.196   124.932     5.45    9.65
-204028.820   124.919    -0.03   10.57
-203652.441   125.446     1.40   10.25
-203276.058   127.558     5.61    8.33
-202899.672   127.577     0.05    7.56
-202523.282   125.322    -5.99    7.91
-202146.890   124.311    -2.68    7.57
-201770.493   123.906    -1.08    6.69
-201394.093   124.367     1.22    7.16
-201017.690   128.472    10.91    9.02
-200641.283   133.906    14.44    9.07
-200264.873   137.444     9.40    8.33
-199888.459   139.987     6.75    8.68
-199512.042   144.825    12.85   10.99
-199135.622   150.893    16.12   12.48
-198759.198   166.058    40.29   24.69
-198382.770   178.727    33.65   30.15
-198006.339   196.470    47.13   33.85
-197629.905   211.419    39.71   31.52
-197253.467   225.419    37.19   24.62
-196877.025   236.338    29.00   18.79
-196500.581   242.735    16.99   16.71
-196124.132   242.719    -0.04   18.27
-195748.022   236.473   -16.61   26.04
-195372.259   220.419   -42.72   29.02
-194996.492   206.472   -37.12   23.71
-194620.721   209.814     8.89   26.00
-194244.947   219.149    24.84   25.79
-193869.170   230.369    29.86   23.07
-193493.389   237.024    17.71   23.77
-193117.604   239.879     7.59   19.62
-192741.817   240.709     2.21   22.32
-192366.025   236.808   -10.38   26.79
-191990.230   229.804   -18.64   28.14
-191614.432   218.522   -30.02   29.46
-191238.630   204.419   -37.52   30.19
-190862.825   179.635   -65.95   23.97
-190487.016   166.095   -36.03   22.02
-190111.204   154.393   -31.14   14.14
-189735.388   148.369   -16.03    5.02
-189359.569   148.960     1.57    7.04
-188983.746   154.317    14.25   11.09
-188607.920   161.735    19.74   14.61
-188232.090   175.788    37.39   27.96
-187856.257   190.500    39.14   32.58
-187480.420   204.369    36.90   30.48
-187104.580   216.630    32.62   23.61
-186728.736   220.473    10.23   22.11
-186352.889   218.014    -6.54   24.53
-185977.038   212.891   -13.63   27.30
-185601.184   207.240   -15.04   26.89
-185225.326   201.701   -14.73   23.04
-184849.465   202.391     1.84   18.59
-184473.600   201.473    -2.44   16.58
-184097.732   197.798    -9.78   15.64
-183721.860   194.235    -9.48   12.80
-183345.985   192.119    -5.63   10.68
-182970.106   189.041    -8.19    9.25
-182594.223   186.752    -6.09   12.93
-182218.338   184.498    -6.00   12.72
-181842.448   180.547   -10.51   11.75
-181466.555   177.798    -7.32    9.93
-181090.659   176.944    -2.27    9.11
-180714.759   175.024    -5.11    8.69
-180338.855   173.879    -3.05    9.63
-179962.948   172.122    -4.67   10.14
-179587.037   168.336   -10.07    6.98
-179211.123   169.445     2.95    7.44
-178835.205   171.983     6.75    7.23
-178459.284   174.114     5.67    7.11
-178083.359   176.500     6.35    6.66
-177707.431   176.338    -0.43    6.20
-177331.499   175.130    -3.21    6.58
-176955.563   172.794    -6.21    7.44
-176579.624   169.716    -8.19    6.94
-176203.682   166.419    -8.77    5.98
-175827.736   166.367    -0.14    6.12
-175451.786   167.624     3.35    6.06
-175075.833   169.284     4.41    6.20
-174699.876   171.844     6.81    6.05
-174323.916   173.393     4.12    5.11
-173947.952   173.825     1.15    5.01
-173571.984   172.933    -2.37    5.43
-173196.013   172.076    -2.28    4.90
-172820.038   172.265     0.50    4.86
-172444.060   172.906     1.70    4.44
-172068.078   172.808    -0.26    4.88
-171692.093   175.473     7.09    6.29
-171316.104   177.041     4.17    6.78
-170940.112   177.656     1.64    6.23
-170564.115   175.844    -4.82    6.75
-170188.116   173.960    -5.01    4.89
-169812.112   171.137    -7.51    5.70
-169436.106   168.261    -7.65    5.20
-169060.095   165.727    -6.74    3.85
-168684.081   165.095    -1.68    3.82
-168308.064   165.344     0.66    3.63
-167932.042   166.919     4.19    4.44
-167556.017   169.473     6.79    4.78
-167179.989   171.879     6.40    4.78
-166803.957   172.114     0.62    2.87
-166427.921   172.958     2.24    3.16
-166051.882   174.163     3.20    4.02
-165675.839   175.676     4.02    4.09
-165299.793   176.716     2.77    3.64
-164923.743   176.284    -1.15    3.82
-164547.689   175.024    -3.35    3.37
-164171.632   174.194    -2.21    3.11
-163795.571   174.500     0.81    3.77
-163419.507   174.650     0.40    4.50
-163043.439   174.077    -1.52    4.85
-162667.367   172.804    -3.39    4.95
-162291.291   172.825     0.06    4.00
-161915.213   173.694     2.31    4.08
-161539.130   175.656     5.22    4.51
-161163.044   178.502     7.57    3.38
-160786.954   181.095     6.89    3.19
-160410.860   181.365     0.72    3.29
-160034.763   180.701    -1.77    3.68
-159658.663   178.547    -5.73    4.71
-159282.558   176.133    -6.42    4.37
-158906.450   174.149    -5.28    3.91
-158530.339   172.527    -4.31    4.15
-158154.223   172.338    -0.50    3.47
-157778.104   173.844     4.00    4.46
-157401.982   176.311     6.56    5.19
-157025.855   178.709     6.37    4.94
-156649.726   179.551     2.24    4.70
-156273.592   178.394    -3.08    5.43
-155897.455   177.635    -2.02    5.09
-155521.314   178.019     1.02    5.09
-155145.170   178.919     2.39    5.60
-154769.021   181.002     5.54    4.96
-154392.870   183.554     6.78    5.74
-154016.714   187.987    11.78    6.26
-153640.555   192.342    11.58    6.79
-153264.392   197.394    13.43    7.85
-152888.226   203.676    16.70   13.93
-152512.056   217.716    37.32   26.77
-152135.882   225.311    20.19   31.70
-151759.705   228.149     7.54   30.02
-151383.523   233.294    13.68   29.24
-151007.339   241.176    20.95   31.23
-150631.150   268.624    72.96   45.25
-150254.958   289.445    55.35   38.50
-149878.762   299.624    27.06   29.20
-149502.563   302.852     8.58   24.93
-149126.359   304.086     3.28   28.27
-148750.153   322.445    48.80   45.75
-148373.942   360.752   101.82   59.40
-147997.728   394.130    88.72   63.13
-147621.510   405.689    30.73   54.56
-147245.288   387.060   -49.51   72.47
-146869.063   323.829  -168.06   84.67
-146492.834   263.752  -159.68   58.99
-146116.601   236.906   -71.35   36.10
-145740.364   241.987    13.50   40.05
-145364.124   254.852    34.19   39.37
-144987.881   258.137     8.73   34.13
-144611.633   253.852   -11.39   33.66
-144235.382   230.163   -62.96   28.49
-143859.127   212.573   -46.75   22.36
-143482.868   199.983   -33.46   18.67
-143106.606   188.662   -30.09   14.24
-142730.340   179.369   -24.70   11.99
-142354.070   173.998   -14.27    9.35
-141977.796   169.336   -12.39    3.88
-141601.519   167.778    -4.14    6.76
-141225.238   169.095     3.50   12.96
-140848.953   175.814    17.86   22.53
-140472.665   184.086    21.98   37.58
-140096.373   184.669     1.55   39.57
-139720.077   179.103   -14.79   34.64
-139343.777   166.261   -34.13   12.70
-138967.474   162.689    -9.49    8.30
-138591.167   160.676    -5.35    7.61
-138214.856   158.527    -5.71    4.90
-137838.541   156.701    -4.85    3.38
-137462.223   156.727     0.07    3.42
-137085.901   158.240     4.02    4.41
-136709.575   159.987     4.64    6.38
-136333.246   162.958     7.89    6.36
-135956.912   164.752     4.77    5.77
-135580.575   164.864     0.30    7.13
-135204.235   167.137     6.04    7.97
-134827.890   167.527     1.04    6.88
-134451.542   169.060     4.07    6.76
-134075.190   171.317     6.00    7.21
-133698.834   172.169     2.27    6.29
-133322.474   172.472     0.80    7.14
-132946.111   172.879     1.08    7.01
-132569.744   171.230    -4.38    7.27
-132193.373   171.086    -0.38    7.28
-131816.999   169.608    -3.93    8.07
-131440.620   166.522    -8.20    7.32
-131064.238   163.752    -7.36    7.64
-130687.852   160.893    -7.60    5.53
-130311.462   159.919    -2.59    4.95
-129935.069   163.368     9.16   10.18
-129558.672   168.188    12.81   11.07
-129182.271   172.960    12.68    9.31
-128805.866   174.394     3.81    7.57
-128429.457   175.473     2.87    7.69
-128053.045   177.676     5.85    8.15
-127676.629   179.906     5.93    7.83
-127300.209   183.107     8.50    7.30
-126923.785   183.368     0.69    7.57
-126547.358   183.893     1.39    7.79
-126170.926   187.095     8.51    7.01
-125794.491   191.176    10.84    6.51
-125418.052   195.891    12.53    5.39
-125041.609   197.855     5.22    4.64
-124665.163   198.958     2.93    4.36
-124288.713   200.156     3.18    4.57
-123912.258   200.829     1.79    4.95
-123535.800   203.188     6.27    5.48
-123159.339   202.958    -0.61    5.47
-122782.873   202.906    -0.14    5.51
-122406.404   203.188     0.75    6.43
-122029.931   204.392     3.20    6.49
-121653.454   207.682     8.74    4.89
-121276.973   209.472     4.75    4.48
-120900.488   211.200     4.59    4.06
-120524.598   211.291     0.24    3.74
-120148.871   210.603    -1.83    4.40
-119773.141   208.709    -5.04    5.77
-119397.407   204.554   -11.06    6.32
-119021.669   202.086    -6.57    5.97
-118645.927   201.522    -1.50    6.37
-118270.181   201.778     0.68    6.28
-117894.432   201.014    -2.03    6.64
-117518.678   200.932    -0.22    5.74
-117142.921   199.419    -4.03    5.64
-116767.160   195.727    -9.83    7.16
-116391.396   193.257    -6.57    6.97
-116015.627   192.855    -1.07    6.23
-115639.855   196.743    10.35    9.31
-115264.078   202.945    16.50   10.34
-114888.298   206.551     9.59    9.94
-114512.514   206.857     0.81    8.55
-114136.727   205.701    -3.07    7.43
-113760.935   205.051    -1.73    6.31
-113385.140   204.209    -2.24    5.82
-113009.340   204.554     0.92    5.29
-112633.537   205.780     3.26    5.75
-112257.730   207.573     4.77    6.18
-111881.919   207.752     0.48    6.25
-111506.105   209.261     4.01    6.60
-111130.286   212.163     7.72    8.07
-110754.464   215.060     7.71    9.32
-110378.638   215.547     1.30    9.61
-110002.808   217.176     4.33    9.80
-109626.974   219.394     5.90    8.55
-109251.136   222.365     7.91    9.29
-108875.294   223.829     3.90    9.15
-108499.449   227.086     8.66    8.95
-108123.599   226.013    -2.85    8.29
-107747.746   223.752    -6.01    8.10
-107371.889   222.230    -4.05    8.11
-106996.028   220.209    -5.38    6.23
-106620.163   219.041    -3.11    6.80
-106244.295   218.891    -0.40    7.65
-105868.422   217.470    -3.78    8.71
-105492.545   214.496    -7.91    8.92
-105116.665   214.235    -0.69    9.17
-104740.781   218.676    11.81    9.88
-104364.893   221.111     6.48    9.89
-103989.001   223.419     6.14   10.85
-103613.105   227.933    12.01   12.64
-103237.205   228.701     2.04   12.63
-102861.301   228.608    -0.25   11.70
-102485.394   230.932     6.18   12.20
-102109.482   227.547    -9.00   12.09
-101733.567   228.904     3.61   13.26
-101357.648   232.035     8.33   14.30
-100981.725   239.041    18.64   19.65
-100605.798   244.524    14.59   20.52
-100229.867   247.960     9.14   16.64
 -99853.932   247.252    -1.88   14.79
 -99477.993   242.496   -12.65   15.27
 -99102.050   236.342   -16.37   12.69
 -98726.104   230.840   -14.63    8.59
 -98350.153   229.906    -2.48    7.63
 -97974.199   228.240    -4.43    6.79
 -97598.241   225.496    -7.30    7.71
 -97222.278   221.743    -9.98    6.84
 -96846.312   222.163     1.12    7.23
 -96470.342   222.475     0.83    6.25
 -96094.368   222.060    -1.10    7.21
 -95718.390   220.919    -3.03    6.30
 -95342.408   220.359    -1.49    6.01
 -94966.423   222.676     6.16    6.64
 -94590.433   225.527     7.58    5.99
 -94214.439   226.051     1.39    6.15
 -93838.442   223.825    -5.92    4.19
 -93462.440   222.808    -2.70    3.53
 -93086.435   224.599     4.76    4.48
 -92710.425   226.624     5.39    5.76
 -92334.412   229.945     8.83    5.61
 -91958.395   232.958     8.01    5.09
 -91582.374   235.906     7.84    5.79
 -91206.348   239.035     8.32    7.50
 -90830.319   244.338    14.10    7.14
 -90454.286   250.804    17.19   12.08
 -90078.249   259.669    23.58   16.71
 -89702.208   268.209    22.71   18.06
 -89326.163   276.294    21.50   15.49
 -88950.114   279.476     8.46   11.60
 -88574.062   278.906    -1.52    9.51
 -88198.005   278.716    -0.50    7.10
 -87821.944   281.554     7.55    9.14
 -87445.879   285.743    11.14   10.21
 -87069.811   289.252     9.33    9.07
 -86693.738   293.294    10.75   10.74
 -86317.661   297.727    11.79   12.16
 -85941.581   303.024    14.09   12.37
 -85565.496   308.804    15.37   13.27
 -85189.408   310.958     5.73   12.37
 -84813.315   311.547     1.57   12.13
 -84437.219   311.825     0.74   10.61
 -84061.118   310.137    -4.49    8.85
 -83685.014   312.058     5.11   10.77
 -83308.905   315.919    10.27   13.98
 -82932.793   318.494     6.85   12.15
 -82556.676   316.762    -4.61   13.09
 -82180.556   312.752   -10.66   12.50
 -81804.431   301.095   -30.99   15.75
 -81428.303   290.095   -29.24   16.60
 -81052.171   278.527   -30.75   14.26
 -80676.034   269.280   -24.58   11.18
 -80299.894   260.544   -23.23   10.16
 -79923.749   257.624    -7.76    6.76
 -79547.601   260.367     7.29    9.42
 -79171.449   265.881    14.66   10.75
 -78795.292   270.855    13.22    9.13
 -78419.132   275.547    12.47    7.82
 -78042.967   276.735     3.16    7.43
 -77666.799   276.445    -0.77    8.73
 -77290.626   277.446     2.66   12.67
 -76914.450   277.761     0.84   14.17
 -76538.269   282.019    11.32   14.91
 -76162.085   285.419     9.04   12.26
 -75785.896   289.778    11.59   11.67
 -75409.704   294.581    12.77    8.69
 -75033.507   294.041    -1.44   10.06
 -74657.307   293.446    -1.58   10.70
 -74281.102   291.530    -5.09    9.59
 -73904.893   290.544    -2.62    8.12
 -73528.681   290.769     0.60    7.65
 -73152.464   294.314     9.42    7.38
 -72776.243   300.752    17.11   11.22
 -72400.018   308.009    19.29   11.87
 -72023.789   313.522    14.65    9.26
 -71647.557   316.788     8.68    7.25
 -71271.320   317.496     1.88    6.88
 -70895.079   315.689    -4.80    5.96
 -70518.834   313.945    -4.64    6.58
 -70142.584   312.881    -2.83    7.28
 -69766.331   311.864    -2.70    6.60
 -69390.074   314.163     6.11    5.26
 -69013.813   316.446     6.07    5.98
 -68637.548   318.825     6.32    5.88
 -68261.278   322.257     9.12    5.10
 -67885.005   323.697     3.83    4.12
 -67508.727   322.794    -2.40    4.61
 -67132.446   324.469     4.45    7.30
 -66756.160   326.261     4.76    7.96
 -66379.871   330.727    11.87   11.07
 -66003.577   332.814     5.55   10.08
 -65627.279   335.881     8.15   12.82
 -65250.977   339.752    10.29   15.56
 -64874.671   340.829     2.86   15.11
 -64498.361   342.122     3.43   10.85
 -64122.047   342.547     1.13    9.11
 -63745.729   343.994     3.84    7.53
 -63369.407   347.635     9.68    8.78
 -62993.080   352.470    12.85   14.57
 -62616.750   368.635    42.95   33.47
 -62240.415   390.987    59.39   40.96
 -61864.077   394.906    10.41   40.98
 -61487.734   387.419   -19.89   34.87
 -61111.387   373.644   -36.60   22.18
 -60735.036   384.994    30.16   46.37
 -60358.681   416.879    84.72   73.58
 -59982.322   444.169    72.51   74.64
 -59605.959   465.182    55.83   67.88
 -59229.592   449.419   -41.88   73.04
 -58853.220   403.111  -123.04   44.33
 -58476.845   382.077   -55.89   25.23
 -58100.465   384.182     5.59   37.71
 -57724.082   392.470    22.02   48.59
 -57347.694   400.169    20.45   53.21
 -56971.302   392.311   -20.88   45.39
 -56594.906   379.944   -32.86   32.32
 -56218.506   375.932   -10.66   16.66
 -55842.101   380.225    11.40   16.42
 -55465.693   399.284    50.63   27.47
 -55089.280   434.002    92.23   50.48
 -54712.864   485.932   137.96   76.97
 -54336.443   529.744   116.39   64.65
 -53960.018   554.176    64.90   46.04
 -53583.589   565.744    30.73   22.81
 -53207.156   569.825    10.84   18.29
 -52830.719   578.182    22.20   23.51
 -52454.277   592.496    38.02   32.68
 -52077.832   610.814    48.66   33.42
 -51701.382   618.656    20.83   33.52
 -51324.928   616.209    -6.50   37.28
 -50948.470   607.669   -22.68   37.47
 -50572.008   591.879   -41.94   21.51
 -50195.542   593.956     5.52   20.41
 -49819.071   595.855     5.04   20.00
 -49442.597   586.635   -24.49   20.35
 -49066.118   581.716   -13.07   17.80
 -48689.635   573.825   -20.96   19.65
 -48313.148   564.676   -24.30   20.21
 -47936.657   565.470     2.11   21.86
 -47560.161   566.891     3.77   21.53
 -47183.662   574.881    21.22   24.04
 -46807.158   585.130    27.22   19.75
 -46430.650   588.771     9.67   24.58
 -46054.138   574.547   -37.78   33.13
 -45677.674   555.945   -49.41   33.30
 -45301.980   541.983   -37.16   23.87
 -44926.283   537.945   -10.75   25.20
 -44550.581   545.044    18.89   28.19
 -44174.876   547.257     5.89   30.75
 -43799.166   545.639    -4.31   31.12
 -43423.452   537.881   -20.65   20.52
 -43047.733   520.864   -45.29   30.26
 -42672.011   494.825   -69.30   44.24
 -42296.284   458.987   -95.38   46.88
 -41920.554   434.009   -66.48   32.65
 -41544.819   426.214   -20.75   21.64
 -41169.080   435.919    25.83   31.93
 -40793.337   460.650    65.82   35.90
 -40417.589   491.176    81.24   38.31
 -40041.838   521.203    79.91   41.36
 -39666.082   529.869    23.06   34.57
 -39290.322   535.662    15.42   31.15
 -38914.558   523.945   -31.18   27.92
 -38538.789   509.577   -38.24   20.40
 -38163.017   501.694   -20.98   25.03
 -37787.240   500.257    -3.82   28.78
 -37411.459   493.980   -16.70   27.28
 -37035.674   480.778   -35.13   22.06
 -36659.885   478.014    -7.36   21.10
 -36284.092   472.662   -14.24   19.60
 -35908.294   468.906   -10.00   21.13
 -35532.492   466.240    -7.09   30.52
 -35156.686   457.778   -22.52   36.04
 -34780.876   447.919   -26.23   33.78
 -34405.061   440.103   -20.80   30.99
 -34029.243   435.419   -12.46   25.68
 -33653.420   435.840     1.12   22.30
 -33277.593   440.544    12.52   24.94
 -32901.762   441.825     3.41   24.51
 -32525.926   445.603    10.05   26.02
 -32150.086   448.288     7.14   24.74
 -31774.242   441.214   -18.82   18.97
 -31398.394   436.284   -13.12   13.28
 -31022.542   441.744    14.53   18.57
 -30646.685   443.958     5.89   24.43
 -30270.825   434.771   -24.44   33.08
 -29894.960   419.635   -40.27   38.83
 -29519.090   394.752   -66.20   26.69
 -29143.217   383.086   -31.04   13.67
 -28767.339   376.676   -17.05   12.33
 -28391.457   372.697   -10.58   13.78
 -28015.571   370.761    -5.15   15.99
 -27639.680   367.919    -7.56   18.51
 -27263.786   371.867    10.50   25.32
 -26887.887   370.794    -2.85   26.11
 -26511.984   368.338    -6.53   25.59
 -26136.076   373.137    12.77   28.54
 -25760.165   372.130    -2.68   28.18
 -25384.249   373.368     3.29   27.74
 -25008.329   378.203    12.86   29.16
 -24632.404   365.369   -34.14   31.13
 -24256.476   358.257   -18.92   27.62
 -23880.543   355.716    -6.76   29.91
 -23504.606   346.176   -25.38   24.17
 -23128.664   344.836    -3.56   23.54
 -22752.718   338.881   -15.84   21.80
 -22376.769   327.419   -30.49   16.67
 -22000.814   321.608   -15.46   15.77
 -21624.856   314.130   -19.89   13.48
 -21248.893   313.364    -2.04   14.30
 -20872.926   316.814     9.18   19.32
 -20496.955   316.394    -1.12   19.83
 -20120.979   317.933     4.09   22.10
 -19744.999   319.650     4.57   26.35
 -19369.015   310.788   -23.57   41.71
 -18993.027   288.676   -58.81   58.11
 -18617.034   253.500   -93.55   64.42
 -18241.037   228.044   -67.70   48.10
 -17865.036   202.257   -68.58   40.71
 -17489.031   178.149   -64.12   59.21
 -17113.021   147.554   -81.37   66.95
 -16737.007   114.225   -88.64   39.80
 -16360.988   117.342     8.29   44.98
 -15984.966   164.240   124.72   76.76
 -15608.939   216.284   138.41   78.92
 -15232.907   258.419   112.05   52.47
 -14856.872   261.891     9.23   51.38
 -14480.832   231.394   -81.10   66.78
 -14104.788   172.370  -156.96   69.47
 -13728.739   128.608  -116.37   55.32
 -13352.686    96.932   -84.23   35.87
 -12976.629    78.656   -48.60   13.53
 -12600.568    67.676   -29.20   18.70
 -12224.502    59.608   -21.45   16.58
 -11848.432    56.544    -8.15   12.35
 -11472.358    55.933    -1.63   10.39
 -11096.279    58.284     6.25    9.40
 -10720.196    57.752    -1.41   13.52
 -10344.109    53.364   -11.67   15.50
  -9968.017    52.214    -3.06   16.86
  -9591.921    45.624   -17.52   19.65
  -9215.821    40.852   -12.69   18.90
  -8839.716    31.419   -25.08   17.95
  -8463.607    24.447   -18.54   14.66
  -8087.494    21.060    -9.00   10.46
  -7711.376    17.980    -8.19    4.90
  -7335.254    18.230     0.66    4.00
  -6959.128    19.294     2.83    2.52
  -6582.997    19.472     0.47    1.72
  -6206.862    19.009    -1.23    1.83
  -5830.723    19.095     0.23    2.04
  -5454.579    18.994    -0.27    1.77
  -5078.431    19.068     0.20    1.57
  -4702.279    18.314    -2.00    2.13
  -4326.122    16.419    -5.04    4.15
  -3949.961    16.280    -0.37    5.46
  -3573.796    14.445    -4.88    7.45
  -3197.626    12.317    -5.66    9.38
  -2821.452    12.554     0.63    9.64
  -2445.273     9.608    -7.83    8.22
  -2069.090     6.960    -7.04    4.99
  -1692.903     5.419    -4.10    5.94
  -1316.711     2.712    -7.20    5.05
   -940.516     0.419    -6.09    2.90
   -564.315    -0.606    -2.72    0.16
   -188.110    -0.607    -0.00    0.16
    188.099     0.009     1.64    2.04
    564.312     0.291     0.75    2.41
    940.530     0.676     1.02    2.81
   1316.752     0.780     0.28    2.85
   1692.979     0.445    -0.89    2.17
   2069.210    -0.481    -2.46    1.75
   2445.445    -0.257     0.60    2.53
   2821.685    -0.171     0.23    2.62
   3197.929     0.111     0.75    2.44
   3574.178     0.500     1.03    2.01
   3950.430     0.257    -0.65    1.79
   4326.688     0.419     0.43    2.30
   4702.949     0.496     0.20    2.18
   5079.216     0.319    -0.47    1.60
   5455.486     0.392     0.19    1.88
   5831.761     0.419     0.07    1.89
   6208.040     0.051    -0.98    1.53
   6584.324    -0.265    -0.84    1.02
   6960.612     0.009     0.73    1.39
   7336.905     0.111     0.27    1.42
   7713.202     0.524     1.10    1.72
   8089.503     0.419    -0.28    1.59
   8465.809     0.019    -1.06    1.57
   8842.119     0.014    -0.01    1.59
   9218.434     0.394     1.01    1.64
   9594.753     0.727     0.88    1.56
   9971.076     1.280     1.47    1.27
  10347.404     1.338     0.15    1.36
  10723.736     0.852    -1.29    1.41
  11100.073     0.470    -1.01    1.45
  11476.414    -0.081    -1.46    1.24
  11852.760    -0.392    -0.83    0.88
  12229.110    -0.106     0.76    1.26
  12605.464     0.314     1.12    1.66
  12981.823     1.095     2.07    2.11
  13358.187     2.137     2.77    3.09
  13734.554     3.470     3.54    4.39
  14110.927     5.958     6.61    4.29
  14487.303     7.103     3.04    3.63
  14863.684     7.294     0.51    3.32
  15240.070     5.257    -5.41    3.83
  15616.460     4.907    -0.93    3.51
  15992.854     4.470    -1.16    2.86
  16369.253     5.280     2.15    2.40
  16745.657     5.689     1.09    2.13
  17122.064     5.554    -0.36    1.86
  17498.477     5.265    -0.77    1.87
  17874.893     5.035    -0.61    1.71
  18251.315     5.502     1.24    1.59
  18627.740     5.163    -0.90    1.46
  19004.171     4.551    -1.63    1.66
  19380.605     3.879    -1.79    1.50
  19757.044     4.291     1.10    1.88
  20133.488     4.340     0.13    2.03
  20509.936     4.445     0.28    1.86
  20886.388     4.445     0.00    1.95
  21262.845     3.719    -1.93    1.40
  21639.307     3.473    -0.65    1.31
  22015.773     3.809     0.89    1.46
  22392.243     3.958     0.39    1.41
  22768.718     4.308     0.93    1.37
  23145.197     4.284    -0.06    1.49
  23521.681     4.176    -0.29    1.46
  23898.170     4.261     0.23    1.95
  24274.663     4.009    -0.67    2.48
  24651.160     3.662    -0.92    2.74
  25027.662     3.727     0.17    2.74
  25404.168     3.419    -0.82    2.48
  25780.679     3.825     1.08    1.96
  26157.194     4.060     0.63    1.65
  26533.714     4.257     0.52    1.92
  26910.239     4.009    -0.66    1.96
  27286.768     3.496    -1.36    2.01
  27663.301     3.547     0.14    1.84
  28039.839     3.338    -0.56    1.72
  28416.381     3.060    -0.74    1.86
  28792.928     2.814    -0.65    2.20
  29169.480     1.864    -2.52    2.12
  29545.726     1.342    -1.39    2.30
  29921.381     0.798    -1.45    2.29
  30297.040     0.472    -0.87    2.43
  30672.703     0.445    -0.07    2.53
  31048.371     0.732     0.76    2.22
  31424.043     1.156     1.13    2.77
  31799.720     0.840    -0.84    2.90
  32175.402     0.392    -1.19    2.82
  32551.087     0.111    -0.75    3.20
  32926.778    -0.716    -2.20    2.39
  33302.473    -0.856    -0.37    1.83
  33678.172    -1.042    -0.50    2.04
  34053.876    -1.119    -0.20    2.08
  34429.585    -1.635    -1.37    2.33
  34805.298    -1.781    -0.39    2.46
  35181.015    -1.160     1.65    3.21
  35556.737    -0.636     1.39    3.41
  35932.464     1.240     4.99    4.41
  36308.195     1.392     0.41    4.76
  36683.931     0.958    -1.16    4.77
  37059.671     1.009     0.14    4.72
  37435.415     0.362    -1.72    4.24
  37811.165    -0.311    -1.79    3.70
  38186.919    -0.581    -0.72    3.39
  38562.677    -1.607    -2.73    2.34
  38938.440    -1.706    -0.26    2.38
  39314.207    -1.959    -0.67    2.35
  39689.979    -2.356    -1.06    2.19
  40065.756    -2.324     0.08    2.19
  40441.537    -2.171     0.41    2.01
  40817.322    -2.013     0.42    1.98
  41193.112    -1.555     1.22    1.83
  41568.907    -1.870    -0.84    2.07
  41944.706    -2.414    -1.45    2.43
  42320.510    -2.530    -0.31    2.82
  42696.319    -2.970    -1.17    2.56
  43072.132    -2.812     0.42    2.52
  43447.949    -3.171    -0.96    2.31
  43823.771    -4.498    -3.53    1.36
  44199.598    -3.824     1.79    2.25
  44575.429    -3.121     1.87    2.66
  44951.265    -3.196    -0.20    2.79
  45327.105    -3.239    -0.11    2.83
  45702.950    -3.473    -0.62    2.95
  46078.800    -4.231    -2.02    2.67
  46454.654    -4.055     0.47    2.63
  46830.513    -3.818     0.63    2.57
  47206.376    -3.791     0.07    2.16
  47582.244    -3.837    -0.12    2.07
  47958.116    -4.791    -2.54    1.68
  48333.993    -5.419    -1.67    1.17
  48709.875    -5.581    -0.43    1.04
  49085.761    -5.716    -0.36    1.13
  49461.652    -5.606     0.29    1.31
  49837.547    -5.478     0.34    1.92
  50213.447    -5.878    -1.06    1.37
  50589.352    -5.959    -0.22    1.44
  50965.261    -6.040    -0.22    1.41
  51341.175    -5.914     0.34    1.38
  51717.094    -5.556     0.95    2.24
  52093.017    -4.770     2.09    2.84
  52468.944    -4.231     1.43    2.92
  52844.876    -3.844     1.03    3.14
  53220.813    -3.949    -0.28    2.89
  53596.755    -4.453    -1.34    2.73
  53972.701    -4.735    -0.75    2.10
  54348.652    -5.239    -1.34    1.55
  54724.607    -5.344    -0.28    1.95
  55100.567    -5.281     0.17    1.94
  55476.532    -5.094     0.50    1.99
  55852.501    -4.431     1.76    2.46
  56228.475    -4.131     0.80    2.50
  56604.453    -4.442    -0.83    2.52
  56980.436    -5.013    -1.52    2.43
  57356.424    -5.609    -1.58    2.67
  57732.416    -5.756    -0.39    2.74
  58108.413    -5.656     0.27    2.79
  58484.415    -5.844    -0.50    2.73
  58860.421    -5.756     0.23    2.53
  59236.432    -5.976    -0.58    1.81
  59612.448    -5.991    -0.04    1.79
  59988.468    -6.145    -0.41    1.67
  60364.493    -6.186    -0.11    1.39
  60740.523    -6.423    -0.63    1.15
  61116.557    -6.133     0.77    1.27
  61492.596    -5.981     0.41    1.19
  61868.639    -5.959     0.06    1.32
  62244.687    -5.781     0.47    1.29
  62620.740    -5.812    -0.08    1.06
  62996.798    -5.914    -0.27    1.01
  63372.860    -5.797     0.31    1.25
  63748.927    -5.859    -0.16    1.23
  64124.998    -5.812     0.13    1.22
  64501.074    -6.206    -1.05    1.27
  64877.155    -6.365    -0.42    1.16
  65253.240    -6.145     0.58    1.29
  65629.331    -6.164    -0.05    1.38
  66005.426    -6.068     0.26    1.39
  66381.525    -6.017     0.14    1.48
  66757.629    -5.791     0.60    1.77
  67133.738    -5.791     0.00    1.68
  67509.852    -5.502     0.77    1.62
  67885.970    -5.406     0.26    1.52
  68262.093    -5.986    -1.54    1.07
  68638.221    -5.800     0.49    1.21
  69014.353    -5.376     1.13    1.15
  69390.490    -5.257     0.32    1.13
  69766.632    -5.419    -0.43    1.26
  70142.778    -5.419     0.00    1.32
  70518.929    -5.299     0.32    1.45
  70895.085    -5.324    -0.07    1.48
  71271.246    -5.248     0.20    1.37
  71647.411    -5.344    -0.26    1.58
  72023.581    -5.386    -0.11    1.39
  72399.755    -5.476    -0.24    1.43
  72775.935    -5.456     0.05    1.40
  73152.119    -5.689    -0.62    1.20
  73528.308    -5.376     0.83    1.22
  73904.501    -5.318     0.15    1.06
  74280.699    -5.222     0.25    1.20
  74656.902    -5.040     0.48    1.17
  75033.110    -5.106    -0.17    1.24
  75409.322    -4.870     0.63    1.54
  75785.539    -4.554     0.84    1.69
  76161.761    -4.635    -0.22    1.79
  76537.988    -5.053    -1.11    1.87
  76914.219    -5.299    -0.65    1.49
  77290.455    -5.683    -1.02    1.48
  77666.696    -5.013     1.78    2.92
  78042.942    -4.555     1.22    2.95
  78419.192    -3.498     2.81    4.68
  78795.447    -3.660    -0.43    4.12
  79171.707    -4.306    -1.72    3.62
  79547.971    -5.175    -2.31    1.54
  79924.240    -5.376    -0.53    1.64
  80300.514    -5.686    -0.82    1.54
  80676.793    -5.530     0.42    2.04
  81053.076    -4.770     2.02    3.20
  81429.365    -3.381     3.69    4.02
  81805.658    -2.133     3.31    4.12
  82181.955    -1.824     0.82    4.10
  82558.258    -3.160    -3.55    3.89
  82934.565    -5.331    -5.77    1.40
  83310.877    -5.812    -1.28    1.18
  83687.194    -5.991    -0.48    1.16
  84063.516    -5.878     0.30    1.27
  84439.842    -5.905    -0.07    1.27
  84816.173    -5.662     0.65    1.53
  85192.509    -5.760    -0.26    2.15
  85568.850    -6.142    -1.01    2.17
  85945.195    -6.365    -0.59    2.29
  86321.545    -6.456    -0.24    2.13
  86697.900    -6.739    -0.75    1.52
  87074.260    -6.976    -0.63    1.26
  87450.625    -7.002    -0.07    1.41
  87826.994    -6.760     0.64    1.65
  88203.368    -5.949     2.16    1.94
  88579.747    -5.662     0.76    1.75
  88956.131    -5.781    -0.32    1.45
  89332.519    -6.133    -0.94    1.39
  89708.913    -6.331    -0.52    1.19
  90085.311    -6.222     0.29    1.39
  90461.714    -6.109     0.30    1.23
  90838.121    -5.905     0.54    1.18
  91214.534    -5.970    -0.17    1.08
  91590.951    -5.812     0.42    1.22
  91967.373    -5.531     0.75    1.06
  92343.800    -5.446     0.23    1.16
  92720.232    -5.381     0.17    1.34
  93096.669    -5.427    -0.12    1.20
  93473.110    -5.186     0.64    1.44
  93849.556    -4.923     0.70    1.81
  94226.007    -4.658     0.70    2.30
  94602.463    -3.965     1.84    3.15
  94978.924    -3.870     0.25    3.56
  95355.389    -3.506     0.97    3.58
  95731.860    -4.212    -1.88    2.66
  96108.335    -5.081    -2.31    1.59
  96484.815    -5.356    -0.73    1.42
  96861.299    -4.824     1.41    3.37
  97237.789    -4.094     1.94    4.50
  97614.284    -3.284     2.15    5.15
  97990.783    -0.401     7.66    6.43
  98367.287     1.547     5.18    6.85
  98743.796     1.608     0.16    6.86
  99120.310    -0.171    -4.72    6.79
  99496.829    -3.028    -7.59    5.97
  99873.352    -5.554    -6.71    1.32
 100249.880    -5.683    -0.34    1.07
 100626.414    -5.504     0.48    1.01
 101002.952    -5.299     0.54    1.23
 101379.495    -5.370    -0.19    1.42
 101756.043    -5.231     0.37    1.75
 102132.595    -4.959     0.72    2.07
 102509.153    -4.971    -0.03    2.06
 102885.715    -5.350    -1.01    1.88
 103262.282    -5.636    -0.76    1.85
 103638.854    -5.581     0.15    1.75
 104015.431    -5.028     1.47    1.59
 104392.013    -4.686     0.91    1.43
 104768.008    -4.683     0.01    1.29
 105143.633    -4.823    -0.37    1.39
 105519.264    -2.119     7.20    5.11
 105894.899     0.709     7.53    5.60
 106270.539     3.581     7.65    4.65
 106646.184     6.069     6.62    1.42
 107021.834     6.024    -0.12    1.13
 107397.489     6.368     0.91    1.41
 107773.148     6.814     1.19    1.41
 108148.813     7.265     1.20    1.29
 108524.482     7.176    -0.24    1.30
 108900.156     6.468    -1.88    1.45
 109275.835     5.340    -3.00    1.88
 109651.519     4.502    -2.23    1.61
 110027.208     3.867    -1.69    1.35
 110402.901     3.500    -0.97    1.21
 110778.600     3.932     1.15    1.59
 111154.303     5.240     3.48    2.47
 111530.011     6.280     2.77    2.83
 111905.724     6.798     1.38    2.75
 112281.442     6.041    -2.01    3.39
 112657.165     5.778    -0.70    3.13
 113032.893     5.344    -1.16    2.86
 113408.626     5.689     0.92    2.64
 113784.363     5.519    -0.45    2.49
 114160.106     4.840    -1.81    2.80
 114535.853     4.804    -0.10    2.43
 114911.605     4.798    -0.02    3.00
 115287.363     5.569     2.05    3.00
 115663.125     6.077     1.35    2.86
 116038.892     6.014    -0.17    3.01
 116414.663     5.893    -0.32    2.89
 116790.440     5.203    -1.84    2.43
 117166.222     5.752     1.46    2.44
 117542.008     5.317    -1.16    2.72
 117917.800     3.635    -4.47    4.24
 118293.596     1.689    -5.18    4.84
 118669.398     0.987    -1.87    4.44
 119045.204     0.650    -0.90    4.15
 119421.015     1.639     2.63    4.11
 119796.831     3.311     4.45    3.57
 120172.652     4.294     2.62    3.37
 120548.478     6.077     4.74    4.81
 120924.309     8.727     7.05    5.38
 121300.145     8.419    -0.82    7.27
 121675.985     6.881    -4.09    8.58
 122051.831     4.340    -6.76    9.37
 122427.682     1.077    -8.68    9.17
 122803.537    -2.658    -9.94    7.57
 123179.398    -5.121    -6.55    5.15
 123555.263    -5.453    -0.88    4.63
 123931.133    -3.504     5.18    6.93
 124307.009    -0.905     6.91    8.01
 124682.889     2.149     8.13    8.45
 125058.774     4.197     5.45    7.57
 125434.664     6.894     7.18    4.65
 125810.559     8.169     3.39    2.82
 126186.459     8.682     1.37    2.09
 126562.364     8.619    -0.17    2.03
 126938.274     8.524    -0.25    2.74
 127314.189     8.060    -1.24    3.29
 127690.109     7.752    -0.82    3.69
 128066.034     8.086     0.89    3.32
 128441.964     8.203     0.31    3.33
 128817.898     8.163    -0.11    3.19
 129193.838     8.194     0.08    2.76
 129569.783     8.906     1.89    2.65
 129945.733     9.044     0.37    2.49
 130321.687     8.761    -0.75    2.58
 130697.647     9.419     1.75    2.12
 131073.611     9.554     0.36    2.06
 131449.581     9.364    -0.51    2.06
 131825.556     9.269    -0.25    2.12
 132201.535     9.214    -0.15    1.99
 132577.520     9.041    -0.46    2.15
 132953.509     9.111     0.19    2.26
 133329.504     8.662    -1.19    2.20
 133705.503     8.881     0.58    2.19
 134081.508     8.998     0.31    2.14
 134457.517     9.086     0.23    1.94
 134833.532     9.235     0.40    2.20
 135209.551     8.752    -1.28    2.29
 135585.576     8.883     0.35    1.99
 135961.605     8.502    -1.01    2.10
 136337.640     9.044     1.44    1.88
 136713.679     9.630     1.56    2.08
 137089.724    10.365     1.96    2.01
 137465.773    11.095     1.94    1.63
 137841.828    11.562     1.24    1.50
 138217.887    12.009     1.19    1.55
 138593.952    11.906    -0.27    1.75
 138970.021    11.825    -0.22    1.77
 139346.096    11.573    -0.67    1.61
 139722.176    11.502    -0.19    1.57
 140098.260    11.958     1.21    1.67
 140474.350    11.855    -0.27    1.64
 140850.445    11.446    -1.09    1.79
 141226.544    10.368    -2.87    2.32
 141602.649     8.932    -3.82    2.34
 141978.759     8.494    -1.16    2.42
 142354.874     8.014    -1.28    2.69
 142730.994     8.342     0.87    3.07
 143107.119     7.906    -1.16    3.25
 143483.248     7.727    -0.48    2.83
 143859.383     7.209    -1.38    2.33
 144235.524     6.294    -2.43    1.83
 144611.669     6.470     0.47    1.90
 144987.819     5.998    -1.26    1.67
 145363.974     5.551    -1.19    1.79
 145740.134     5.573     0.06    1.66
 146116.299     5.419    -0.41    1.55
 146492.470     4.496    -2.45    2.44
 146868.645     3.265    -3.27    3.59
 147244.826     0.919    -6.24    4.35
 147621.011    -0.481    -3.72    3.89
 147997.202    -0.145     0.89    4.47
 148373.397     0.188     0.89    4.31
 148749.598     0.581     1.04    3.73
 149125.804    -0.555    -3.02    3.54
 149502.015    -3.013    -6.53    2.41
 149878.231    -3.765    -2.00    1.67
 150254.452    -3.831    -0.17    1.85
 150630.678    -1.381     6.51    5.14
 151006.909     0.906     6.08    7.12
 151383.145     0.365    -1.44    8.62
 151759.387    -0.743    -2.95    8.96
 152135.633    -0.608     0.36    9.01
 152511.885     1.947     6.79    9.48
 152888.141     2.244     0.79    9.28
 153264.403     1.547    -1.85    9.70
 153640.670     0.656    -2.37   10.71
 154016.942     3.522     7.62   12.78
 154393.219     6.137     6.95   13.03
 154769.501    11.958    15.47   10.63
 155145.788    15.156     8.50    5.90
 155522.080    15.291     0.36    4.19
 155898.378    13.284    -5.33    4.52
 156274.680    12.368    -2.43    4.50
 156650.988    12.369     0.00    5.07
 157027.300    11.391    -2.60    5.83
 157403.618    11.009    -1.02    6.35
 157779.941    10.230    -2.07    5.83
 158156.269    10.879     1.72    4.82
 158532.602    11.068     0.50    4.84
 158908.941    10.586    -1.28    5.94
 159285.284    11.819     3.28    3.92
