-267222.470   485.917     0.00    8.36
-266846.230   488.011     5.56    8.14
-266469.986   488.729     1.91    7.43
-266093.740   488.370    -0.96    6.30
-265717.490   487.908    -1.23    4.71
-265341.238   488.865     2.54    4.49
-264964.982   491.088     5.91    5.21
-264588.723   494.011     7.77    6.02
-264212.462   498.754    12.61    9.71
-263836.197   505.493    17.91   13.56
-263459.929   514.011    22.64   16.22
-263083.659   525.780    31.28   18.53
-262707.385   539.259    35.82   23.92
-262331.108   561.271    58.50   39.09
-261954.828   595.244    90.28   57.60
-261578.545   618.190    60.98   60.19
-261202.259   634.703    43.88   48.78
-260825.970   640.350    15.01   40.71
-260449.678   648.578    21.86   39.27
-260073.383   664.857    43.26   37.14
-259697.084   689.175    64.62   28.81
-259320.783   707.190    47.87   17.88
-258944.479   716.163    23.84   13.42
-258568.171   722.780    17.58   15.76
-258191.861   726.966    11.12   17.23
-257815.547   728.652     4.48   21.77
-257439.231   727.325    -3.53   33.80
-257062.911   716.062   -29.93   41.12
-256686.589   706.953   -24.20   38.53
-256310.263   697.648   -24.73   17.70
-255933.934   703.190    14.73   18.92
-255557.602   713.054    26.21   20.94
-255181.267   716.460     9.05   34.66
-254804.929   720.108     9.69   43.56
-254428.588   713.189   -18.39   55.46
-254052.243   688.903   -64.53   66.18
-253675.896   676.524   -32.89   63.39
-253299.545   676.838     0.84   51.89
-252923.192   690.293    35.75   42.64
-252546.835   708.009    47.07   34.25
-252170.476   726.190    48.31   35.71
-251794.113   743.440    45.83   30.52
-251417.747   751.524    21.48   31.37
-251041.378   763.487    31.78   32.73
-250665.006   767.293    10.11   37.07
-250288.631   759.069   -21.85   45.16
-249912.252   752.842   -16.54   52.56
-249535.871   740.498   -32.79   57.70
-249159.486   731.361   -24.27   54.62
-248783.099   728.838    -6.70   49.62
-248406.708   728.244    -1.58   42.61
-248030.314   720.989   -19.27   40.44
-247653.917   717.447    -9.41   38.12
-247277.517   708.728   -23.16   37.64
-246901.114   703.081   -15.00   37.05
-246524.708   702.242    -2.23   35.23
-246148.298   700.842    -3.72   35.37
-245772.036   702.203     3.62   31.81
-245396.242   699.088    -8.29   30.50
-245020.445   686.150   -34.42   33.72
-244644.644   668.784   -46.21   34.81
-244268.841   647.344   -57.05   25.88
-243893.035   633.228   -37.56    8.32
-243517.225   630.298    -7.80    4.11
-243141.412   631.178     2.34    5.51
-242765.596   634.163     7.94    7.19
-242389.777   638.811    12.37    8.78
-242013.955   650.433    30.92   22.35
-241638.130   677.274    71.42   58.06
-241262.302   729.303   138.43   92.08
-240886.470   794.853   174.40   92.03
-240510.635   850.108   147.01   60.46
-240134.798   888.395   101.87   24.17
-239758.957   912.571    64.32   41.37
-239383.113   935.756    61.68   49.33
-239007.265   955.601    52.80   47.72
-238631.415   971.229    41.58   36.44
-238255.562   981.325    26.86   19.54
-237879.705   982.466     3.04    9.05
-237503.845   978.903    -9.48    9.18
-237127.982   971.757   -19.01   11.03
-236752.116   962.806   -23.81   18.03
-236376.247   946.217   -44.13   43.55
-236000.374   912.217   -90.45   97.34
-235624.499   847.892  -171.12  140.71
-235248.620   787.398  -160.93  155.15
-234872.738   766.113   -56.62  158.19
-234496.853   749.078   -45.32  154.89
-234120.965   741.414   -20.39  157.24
-233745.073   709.903   -83.82  154.65
-233369.179   653.466  -150.13  135.84
-232993.281   611.524  -111.57  104.19
-232617.380   574.524   -98.43   64.34
-232241.476   552.011   -59.89   46.56
-231865.569   533.108   -50.28   39.30
-231489.658   516.861   -43.22   30.99
-231113.745   503.498   -35.55   23.29
-230737.828   496.865   -17.64   17.41
-230361.908   496.883     0.05   16.11
-229985.985   503.440    17.44   25.48
-229610.059   514.892    30.46   39.10
-229234.129   532.298    46.30   40.94
-228858.196   546.509    37.80   37.80
-228482.260   541.190   -14.15   42.13
-228106.321   500.278  -108.82   76.55
-227730.379   460.568  -105.62   96.93
-227354.433   397.603  -167.48   80.24
-226978.485   359.308  -101.86   38.00
-226602.533   361.652     6.23   42.17
-226226.578   370.549    23.67   53.82
-225850.619   362.011   -22.71   50.68
-225474.658   369.036    18.69   47.93
-225098.693   364.650   -11.67   43.18
-224722.725   372.524    20.94   47.87
-224346.754   379.286    17.99   52.18
-223970.780   377.754    -4.07   53.34
-223594.802   381.203     9.17   56.54
-223218.821   382.487     3.41   54.08
-222842.837   367.027   -41.12   50.68
-222466.850   352.481   -38.69   45.01
-222090.859   353.934     3.86   36.18
-221714.866   348.853   -13.51   25.69
-221338.869   346.892    -5.21   25.88
-220962.869   342.553   -11.54   31.40
-220586.865   334.387   -21.72   31.13
-220210.859   350.857    43.80   47.77
-219834.849   371.440    54.74   50.07
-219458.836   388.472    45.30   44.87
-219082.820   407.259    49.96   28.69
-218706.800   409.282     5.38   25.82
-218330.777   413.447    11.07   20.53
-217954.751   428.564    40.20   23.33
-217578.722   443.934    40.87   22.46
-217202.689   461.190    45.89   19.33
-216826.654   469.784    22.85   17.83
-216450.615   471.406     4.31   24.97
-216074.572   469.027    -6.32   34.58
-215698.527   459.959   -24.11   42.06
-215322.478   446.776   -35.06   45.95
-214946.426   436.811   -26.50   45.49
-214570.371   420.678   -42.90   32.82
-214194.312   411.150   -25.33   17.13
-213818.250   408.177    -7.91    6.53
-213442.185   413.757    14.84   10.72
-213066.117   422.903    24.32   17.80
-212690.045   430.595    20.45   18.80
-212313.970   445.622    39.96   30.73
-211937.892   454.545    23.73   35.08
-211561.811   458.148     9.58   29.08
-211185.726   462.985    12.86   25.64
-210809.638   462.652    -0.89   12.02
-210433.547   465.622     7.90    7.43
-210057.453   469.190     9.49    6.00
-209681.355   471.865     7.11    3.78
-209305.254   472.908     2.77    2.33
-208929.149   473.532     1.66    3.61
-208553.042   474.487     2.54    4.46
-208176.931   475.828     3.57    5.29
-207800.816   475.256    -1.52    5.14
-207424.699   473.887    -3.64    4.37
-207048.578   473.190    -1.85    3.78
-206672.454   473.729     1.43    3.43
-206296.327   475.203     3.92    3.60
-205920.196   477.620     6.42    4.84
-205544.062   480.308     7.15    5.52
-205167.925   480.314     0.02   15.86
-204791.784   471.908   -22.35   32.30
-204415.640   456.113   -41.99   47.39
-204039.493   451.190   -13.09   58.06
-203663.342   432.163   -50.58   73.80
-203287.188   414.487   -46.99   80.79
-202911.031   408.985   -14.63   82.65
-202534.871   391.753   -45.81   77.10
-202158.707   377.325   -38.35   66.25
-201782.540   364.278   -34.68   55.90
-201406.369   345.677   -49.45   37.00
-201030.196   336.782   -23.64   20.52
-200654.019   336.568    -0.57   19.33
-200277.838   341.857    14.06   22.63
-199901.655   350.098    21.91   19.79
-199525.467   358.981    23.61   25.86
-199149.277   363.831    12.89   30.68
-198773.083   353.342   -27.88   32.63
-198396.886   347.908   -14.44   33.45
-198020.686   326.062   -58.07   23.06
-197644.482   315.274   -28.67   11.97
-197268.275   310.108   -13.73    9.51
-196892.065   308.919    -3.16    8.04
-196515.851   310.282     3.62    7.19
-196139.634   308.528    -4.66    7.43
-195763.413   308.487    -0.11    7.82
-195387.190   303.828   -12.38    9.76
-195010.963   300.165    -9.74   10.88
-194634.732   298.335    -4.86   10.76
-194258.498   296.838    -3.98    9.66
-193882.261   300.318     9.25    9.43
-193506.020   304.293    10.56   10.84
-193129.776   308.925    12.31   12.67
-192753.529   315.806    18.29   12.79
-192377.279   317.759     5.19   11.68
-192001.025   315.493    -6.02   11.59
-191624.767   309.626   -15.59   12.94
-191248.506   305.409   -11.21   11.30
-190872.242   307.000     4.23   11.88
-190495.975   309.756     7.32   11.41
-190119.704   312.487     7.26    9.46
-189743.430   315.498     8.00   10.94
-189367.152   315.481    -0.05   10.63
-188990.871   315.303    -0.47   10.29
-188614.587   314.754    -1.46    9.41
-188238.299   312.242    -6.68    8.71
-187862.008   313.649     3.74   10.04
-187485.713   314.914     3.36   11.48
-187109.415   315.293     1.01   11.18
-186733.114   315.564     0.72   10.84
-186356.809   316.344     2.07    8.16
-185980.501   316.898     1.47    7.65
-185604.190   318.831     5.14    6.98
-185227.875   321.088     6.00    5.92
-184851.557   321.891     2.13    6.20
-184475.235   321.940     0.13    6.23
-184098.910   321.108    -2.21    7.22
-183722.581   320.541    -1.51    7.70
-183346.250   318.524    -5.36    7.79
-182969.914   318.000    -1.39    8.72
-182593.576   316.062    -5.15    9.05
-182217.233   314.908    -3.07    9.14
-181840.888   314.150    -2.01    8.94
-181464.539   313.282    -2.31    7.79
-181088.187   313.318     0.10    7.05
-180711.831   311.318    -5.31    7.59
-180335.472   310.190    -3.00    7.42
-179959.109   309.088    -2.93    6.81
-179582.743   308.973    -0.30    7.09
-179206.373   312.036     8.14    6.32
-178830.001   311.883    -0.41    5.93
-178453.624   312.141     0.69    6.69
-178077.244   312.780     1.70    5.84
-177700.861   313.000     0.59    5.95
-177324.475   313.676     1.80    5.46
-176948.085   312.756    -2.45    6.66
-176571.691   309.648    -8.26    7.13
-176195.294   307.493    -5.73    6.91
-175818.894   304.677    -7.48    7.58
-175442.490   302.466    -5.87    6.06
-175066.083   301.293    -3.12    6.11
-174689.672   298.652    -7.02    5.95
-174313.258   297.780    -2.32    6.18
-173936.840   297.703    -0.20    5.81
-173560.419   298.344     1.70    6.03
-173183.995   297.487    -2.28    6.09
-172807.567   298.598     2.95    6.26
-172431.135   299.177     1.54    6.30
-172054.700   300.453     3.39    5.70
-171678.262   302.242     4.75    7.23
-171301.820   305.571     8.85    7.79
-170925.375   306.298     1.93    7.14
-170549.303   307.406     2.95    6.34
-170173.546   305.064    -6.23    7.92
-169797.785   301.019   -10.77    8.03
-169422.020   299.806    -3.23    9.55
-169046.252   297.244    -6.82    9.88
-168670.481   297.267     0.06    9.95
-168294.706   296.908    -0.96    9.44
-167918.928   298.370     3.89    6.68
-167543.146   298.081    -0.77    6.50
-167167.361   297.601    -1.28    7.08
-166791.572   296.784    -2.17    6.50
-166415.780   296.493    -0.78    5.71
-166039.984   296.756     0.70    5.73
-165664.185   296.984     0.61    5.98
-165288.383   298.883     5.05    6.69
-164912.577   298.361    -1.39    7.13
-164536.767   297.271    -2.90    7.21
-164160.954   294.649    -6.98    7.63
-163785.138   293.342    -3.48    7.38
-163409.318   291.545    -4.78    7.18
-163033.494   291.036    -1.35    6.39
-162657.667   294.271     8.61   10.70
-162281.837   294.395     0.33   10.36
-161906.003   296.498     5.59   11.19
-161530.165   295.754    -1.98   11.31
-161154.324   293.946    -4.81    8.10
-160778.480   294.216     0.72    7.67
-160402.632   290.892    -8.84    6.18
-160026.780   291.036     0.38    6.16
-159650.925   290.177    -2.29    6.86
-159275.067   289.703    -1.26    6.59
-158899.205   289.062    -1.71    6.73
-158523.340   288.887    -0.46    7.70
-158147.471   289.595     1.88    7.45
-157771.598   289.934     0.90    7.15
-157395.722   288.759    -3.13    7.77
-157019.842   288.966     0.55    7.18
-156643.959   288.139    -2.20    7.42
-156268.073   288.568     1.14    7.32
-155892.183   287.190    -3.66    6.06
-155516.289   285.857    -3.55    5.78
-155140.392   283.421    -6.48    7.20
-154764.491   281.568    -4.93    7.27
-154388.587   280.370    -3.19    7.48
-154012.679   278.000    -6.30    6.03
-153636.768   277.650    -0.93    6.43
-153260.853   276.756    -2.38    6.94
-152884.935   277.516     2.02    6.86
-152509.013   278.575     2.82    7.26
-152133.087   277.493    -2.88    7.83
-151757.158   278.703     3.22    8.04
-151381.226   281.344     7.02    6.99
-151005.290   281.509     0.44    6.59
-150629.350   282.165     1.74    6.72
-150253.407   283.318     3.07    7.01
-149877.460   283.190    -0.34    7.19
-149501.510   284.293     2.93    7.61
-149125.556   285.883     4.23    7.78
-148749.599   288.447     6.82    8.39
-148373.638   290.325     5.00    7.86
-147997.673   289.703    -1.65    8.08
-147621.705   290.649     2.52    7.71
-147245.734   290.256    -1.05    7.11
-146869.758   292.361     5.60    8.72
-146493.780   296.734    11.63    8.29
-146117.797   298.524     4.76    7.32
-145741.811   301.256     7.27    6.18
-145365.822   299.325    -5.14    6.18
-144989.829   296.190    -8.34    9.02
-144613.832   291.398   -12.75    9.92
-144237.832   287.395   -10.64   10.60
-143861.828   283.344   -10.77   10.73
-143485.821   279.703    -9.68    8.34
-143109.810   277.344    -6.27    7.93
-142733.795   276.677    -1.77    6.74
-142357.777   276.447    -0.61    7.35
-141981.755   276.352    -0.25    7.33
-141605.730   274.754    -4.25    8.14
-141229.701   270.811   -10.49    7.88
-140853.669   267.256    -9.45    7.57
-140477.633   263.993    -8.68    6.07
-140101.593   261.484    -6.67    3.59
-139725.550   261.216    -0.71    4.62
-139349.503   263.993     7.38    8.31
-138973.452   265.244     3.33    8.81
-138597.398   266.088     2.24    8.72
-138221.340   265.453    -1.69    7.55
-137845.279   260.835   -12.28    7.91
-137469.214   257.139    -9.83    7.64
-137093.146   252.649   -11.94    6.60
-136717.074   250.242    -6.40    5.35
-136340.998   248.831    -3.75    3.98
-135964.918   248.549    -0.75    3.92
-135588.835   250.027     3.93    4.81
-135212.749   250.780     2.00    4.42
-134836.658   251.946     3.10    4.28
-134460.565   251.541    -1.08    4.91
-134084.467   248.677    -7.62    6.40
-133708.366   246.672    -5.33    7.20
-133332.261   247.293     1.65    7.92
-132956.153   248.203     2.42    9.11
-132580.041   250.298     5.57   10.28
-132203.925   250.045    -0.67    9.38
-131827.806   249.703    -0.91    8.88
-131451.683   250.966     3.36    7.72
-131075.556   252.353     3.69   10.79
-130699.426   252.838     1.29   11.49
-130323.292   255.370     6.73   13.70
-129947.155   258.985     9.61   13.41
-129571.013   263.344    11.59   10.56
-129194.869   266.244     7.71    7.36
-128818.720   266.601     0.95    6.65
-128442.568   265.379    -3.25    6.65
-128066.412   266.460     2.87   10.14
-127690.253   265.838    -1.65   12.02
-127314.090   262.642    -8.50   11.95
-126937.923   257.447   -13.81    8.75
-126561.753   254.729    -7.23    7.70
-126185.578   252.919    -4.81    8.13
-125809.401   249.177    -9.95    8.60
-125433.219   249.564     1.03    9.44
-125057.034   247.335    -5.93    8.65
-124680.845   244.036    -8.77    9.63
-124304.653   240.946    -8.21    8.81
-123928.457   239.113    -4.87    6.72
-123552.257   238.203    -2.42    4.81
-123176.054   237.806    -1.06    4.96
-122799.846   236.973    -2.21    4.78
-122423.636   236.328    -1.72    5.17
-122047.421   234.811    -4.03    6.27
-121671.203   236.838     5.39    7.22
-121294.981   237.325     1.29    7.14
-120918.755   237.789     1.23    6.92
-120542.526   240.216     6.45    5.92
-120166.293   241.549     3.54    6.47
-119790.056   242.027     1.27    5.48
-119413.816   244.406     6.32    6.07
-119037.572   246.648     5.96    7.56
-118661.324   250.256     9.59   12.17
-118285.073   255.778    14.68   15.64
-117908.818   259.352     9.50   18.34
-117532.559   264.370    13.34   19.24
-117156.296   265.335     2.56   25.31
-116780.030   262.549    -7.40   23.24
-116403.760   258.973    -9.50   22.60
-116027.486   250.603   -22.24   15.23
-115651.209   244.993   -14.91   12.88
-115274.928   242.865    -5.65    9.38
-114898.643   242.406    -1.22    7.95
-114522.354   248.342    15.78    8.97
-114146.062   250.318     5.25    7.96
-113769.766   248.857    -3.88    7.90
-113393.466   248.759    -0.26    7.86
-113017.162   246.892    -4.96    6.16
-112640.855   244.865    -5.39    5.21
-112264.544   244.624    -0.64    4.65
-111888.230   246.353     4.59    6.82
-111511.911   247.379     2.73    7.97
-111135.589   248.703     3.52    9.41
-110759.263   247.229    -3.92    8.40
-110382.933   245.344    -5.01    6.94
-110006.600   244.217    -3.00    7.00
-109630.263   243.003    -3.22    6.73
-109253.922   243.440     1.16    5.54
-108877.577   243.814     0.99    5.86
-108501.229   243.545    -0.71    5.49
-108124.877   244.870     3.52    4.94
-107748.521   244.703    -0.44    4.79
-107372.161   245.421     1.91    7.01
-106995.798   246.314     2.37    8.86
-106619.431   246.352     0.10    9.63
-106243.060   245.217    -3.02    6.00
-105866.685   245.135    -0.22    5.36
-105490.307   247.953     7.49   10.85
-105113.925   247.000    -2.53    9.68
-104737.539   245.703    -3.45    5.89
-104361.149   245.242    -1.23    4.87
-103984.755   245.754     1.36    5.25
-103608.358   245.460    -0.78    4.86
-103231.957   245.626     0.44    4.82
-102855.552   245.598    -0.08    4.53
-102479.144   245.286    -0.83    3.38
-102102.731   246.985     4.51    3.53
-101726.315   248.342     3.60    3.48
-101349.895   251.098     7.32    4.93
-100973.471   253.472     6.31    4.74
-100597.044   257.880    11.71    6.17
-100220.613   263.676    15.40    9.53
 -99844.177   271.229    20.06   12.80
 -99467.739   276.244    13.32   12.50
 -99091.296   275.626    -1.64   12.73
 -98714.849   271.120   -11.97   13.07
 -98338.399   264.053   -18.77    5.12
 -97961.945   262.293    -4.68    2.37
 -97585.487   261.959    -0.89    1.45
 -97209.025   261.703    -0.68    0.00
 -96832.560   261.703     0.00    0.00
 -96456.090   261.703     0.00    0.00
 -96079.617   261.703     0.00    0.00
 -95703.140   261.703     0.00    0.00
 -95327.297   261.703     0.00    0.00
 -94951.572   261.703     0.00    0.00
 -94575.843   261.703     0.00    0.00
 -94200.111   261.703     0.00    0.00
 -93824.375   261.838     0.36    0.59
 -93448.635   262.098     0.69    1.28
 -93072.891   262.019    -0.21    1.21
 -92697.143   261.959    -0.16    1.16
 -92321.392   261.973     0.04    1.19
 -91945.637   261.703    -0.72    0.00
 -91569.878   261.703     0.00    0.00
 -91194.115   261.703     0.00    0.00
 -90818.348   261.703     0.00    0.00
 -90442.578   261.703     0.00    0.00
 -90066.803   261.703     0.00    0.00
 -89691.025   261.703     0.00    0.00
 -89315.243   261.703     0.00    0.00
 -88939.457   261.731     0.07    0.17
 -88563.668   262.165     1.15    1.33
 -88187.874   262.165     0.00    1.33
 -87812.077   262.762     1.59    2.90
 -87436.276   262.865     0.27    2.96
 -87060.471   262.887     0.06    3.06
 -86684.662   263.019     0.35    3.02
 -86308.849   264.953     5.15    5.06
 -85933.033   270.259    14.12    9.55
 -85557.213   275.557    14.10   10.40
 -85181.388   279.190     9.67    8.55
 -84805.560   277.088    -5.59    8.30
 -84429.729   271.244   -15.55    8.72
 -84053.893   266.344   -13.04    6.46
 -83678.053   265.601    -1.98    4.98
 -83302.210   265.925     0.86    5.50
 -82926.362   268.318     6.37    6.44
 -82550.511   269.620     3.46    6.46
 -82174.656   269.203    -1.11    6.76
 -81798.797   267.524    -4.47    5.65
 -81422.935   265.997    -4.06    4.93
 -81047.068   263.649    -6.25    3.40
 -80671.198   262.650    -2.66    2.64
 -80295.323   262.071    -1.54    1.65
 -79919.445   261.703    -0.98    0.00
 -79543.563   261.703     0.00    0.00
 -79167.677   261.703     0.00    0.00
 -78791.787   261.703     0.00    0.00
 -78415.893   261.703     0.00    0.00
 -78039.996   261.703     0.00    0.00
 -77664.094   261.703     0.00    0.00
 -77288.189   261.703     0.00    0.00
 -76912.280   261.703     0.00    0.00
 -76536.367   261.703     0.00    0.00
 -76160.450   261.703     0.00    0.00
 -75784.529   261.703     0.00    0.00
 -75408.604   261.703     0.00    0.00
 -75032.675   261.703     0.00    0.00
 -74656.743   261.703     0.00    0.00
 -74280.806   261.703     0.00    0.00
 -73904.866   261.703     0.00    0.00
 -73528.921   261.703     0.00    0.00
 -73152.973   261.703     0.00    0.00
 -72777.021   261.703     0.00    0.00
 -72401.065   261.703     0.00    0.00
 -72025.105   261.703     0.00    0.00
 -71649.141   261.703     0.00    0.00
 -71273.174   261.703     0.00    0.00
 -70897.202   261.703     0.00    0.00
 -70521.226   261.703     0.00    0.00
 -70145.247   261.703     0.00    0.00
 -69769.263   261.703     0.00    0.00
 -69393.276   261.703     0.00    0.00
 -69017.285   261.703     0.00    0.00
 -68641.290   261.703     0.00    0.00
 -68265.291   261.703     0.00    0.00
 -67889.288   261.940     0.63    1.46
 -67513.281   262.861     2.45    4.17
 -67137.270   264.978     5.63    9.25
 -66761.255   267.487     6.67   14.64
 -66385.236   267.606     0.32   14.92
 -66009.213   266.344    -3.35   14.96
 -65633.187   261.703   -12.34    0.00
 -65257.156   261.703     0.00    0.00
 -64881.121   265.934    11.25   12.01
 -64505.083   274.677    23.25   22.14
 -64129.041   278.953    11.37   25.26
 -63752.994   277.677    -3.39   21.48
 -63376.944   271.175   -17.29   14.55
 -63000.890   268.853    -6.18    9.87
 -62624.831   273.985    13.65   12.77
 -62248.769   274.046     0.16   13.31
 -61872.703   278.081    10.73   17.82
 -61496.633   289.325    29.90   23.52
 -61120.559   301.624    32.70   28.08
 -60744.481   300.985    -1.70   28.89
 -60368.399   291.568   -25.04   30.33
 -59992.313   276.386   -40.37   23.37
 -59616.223   266.703   -25.75    7.04
 -59240.129   265.493    -3.22    5.60
 -58864.031   265.729     0.63    5.64
 -58487.929   265.344    -1.02    5.50
 -58111.823   264.754    -1.57    3.69
 -57735.713   265.731     2.60    4.09
 -57359.600   270.318    12.20    7.78
 -56983.482   274.730    11.73   10.63
 -56607.360   278.601    10.29   10.80
 -56231.234   278.934     0.89   10.27
 -55855.105   275.903    -8.06    8.29
 -55478.971   278.946     8.09   12.67
 -55102.833   279.676     1.94   12.73
 -54726.691   289.650    26.52   21.49
 -54350.546   311.293    57.54   37.03
 -53974.396   315.620    11.50   40.77
 -53598.242   316.191     1.52   39.66
 -53222.085   307.113   -24.13   40.61
 -52845.923   290.595   -43.91   28.63
 -52469.757   282.124   -22.52   23.82
 -52093.587   274.624   -19.94   11.70
 -51717.414   276.729     5.59   15.51
 -51341.236   275.842    -2.36   14.80
 -50965.054   273.472    -6.30   15.81
 -50588.868   272.108    -3.63   13.57
 -50212.679   274.318     5.87   14.17
 -49836.485   284.628    27.40   23.73
 -49460.287   305.246    54.81   36.11
 -49084.085   326.568    56.68   58.37
 -48707.879   335.244    23.06   78.59
 -48331.669   324.387   -28.86   82.93
 -47955.456   292.071   -85.90   72.36
 -47579.238   268.231   -63.37   48.67
 -47203.016   250.020   -48.40   25.09
 -46826.790   239.626   -27.63   16.92
 -46450.560   238.217    -3.75   17.27
 -46074.326   236.601    -4.30   13.56
 -45698.087   233.966    -7.00    9.97
 -45321.845   230.447    -9.35    9.60
 -44945.599   231.387     2.50   12.85
 -44569.349   234.139     7.31   15.04
 -44193.095   246.676    33.32   26.98
 -43816.836   266.780    53.43   35.89
 -43440.574   283.903    45.51   32.30
 -43064.308   288.898    13.27   34.41
 -42688.037   280.244   -23.00   35.81
 -42311.763   273.379   -18.24   29.88
 -41935.484   286.135    33.90   41.18
 -41559.201   312.703    70.60   37.91
 -41182.915   317.817    13.59   44.34
 -40806.624   307.353   -27.81   50.86
 -40430.329   296.857   -27.89   53.75
 -40054.030   277.325   -51.91   42.70
 -39677.727   263.293   -37.29   31.32
 -39301.420   246.835   -43.74   18.91
 -38925.109   239.571   -19.30   16.31
 -38548.794   236.256    -8.81   20.18
 -38172.475   237.780     4.05   21.42
 -37796.152   231.514   -16.65   22.44
 -37419.824   229.124    -6.35   17.73
 -37043.493   242.703    36.08   32.66
 -36667.157   261.175    49.08   49.70
 -36290.818   302.703   110.35   62.17
 -35914.474   350.298   126.46   52.93
 -35538.126   378.352    74.54   35.84
 -35161.774   396.298    47.68   29.27
 -34785.418   397.132     2.22   29.56
 -34409.058   376.253   -55.47   47.34
 -34032.694   336.993  -104.31   73.08
 -33656.326   284.217  -140.22   79.93
 -33279.954   224.113  -159.69   67.42
 -32903.577   193.019   -82.61   51.00
 -32527.197   176.831   -43.01   42.77
 -32150.812   174.914    -5.09   41.83
 -31774.423   177.036     5.64   40.81
 -31398.030   177.433     1.05   37.97
 -31021.633   191.088    36.28   53.32
 -30645.232   210.003    50.25   65.78
 -30268.827   224.932    39.66   66.43
 -29892.418   229.595    12.39   70.47
 -29516.004   209.190   -54.21   68.69
 -29139.587   182.514   -70.87   53.45
 -28763.165   176.784   -15.22   40.20
 -28386.739   191.509    39.12   46.30
 -28010.309   218.378    71.38   64.06
 -27633.875   241.780    62.17   70.32
 -27257.437   249.622    20.83   69.55
 -26880.995   239.267   -27.51   67.95
 -26504.549   210.914   -75.32   56.94
 -26128.098   175.908   -92.99   46.30
 -25751.643   149.466   -70.24   39.27
 -25375.185   126.549   -60.87   28.34
 -24998.722   115.081   -30.46   19.84
 -24622.254   112.113    -7.88   18.74
 -24245.783   105.240   -18.26   12.49
 -23869.308    99.175   -16.11   11.27
 -23492.828    94.139   -13.38   10.62
 -23116.345    88.756   -14.30    9.70
 -22739.857    83.325   -14.43   10.23
 -22363.365    84.514     3.16   12.16
 -21986.869    85.874     3.61   12.98
 -21610.368    86.831     2.54   12.76
 -21233.864    90.113     8.72   11.61
 -20857.355    91.081     2.57   12.04
 -20480.950   103.883    34.01   27.45
 -20105.266   116.870    34.57   31.81
 -19729.577   116.113    -2.01   34.89
 -19353.883   106.395   -25.87   37.16
 -18978.186    85.598   -55.36   24.09
 -18602.485    72.177   -35.72   11.27
 -18226.779    66.088   -16.21   10.97
 -17851.069    62.240   -10.24    8.58
 -17475.355    58.675    -9.49    5.30
 -17099.637    59.652     2.60    9.67
 -16723.915    58.887    -2.03   11.56
 -16348.188    55.108   -10.06   11.16
 -15972.458    50.352   -12.66    7.11
 -15596.723    47.474    -7.66    3.61
 -15220.984    46.088    -3.69    1.37
 -14845.241    45.857    -0.61    0.96
 -14469.494    45.870     0.03    1.00
 -14093.742    45.703    -0.44    0.00
 -13717.987    45.703     0.00    0.00
 -13342.227    46.652     2.52    2.67
 -12966.463    52.466    15.47   11.31
 -12590.695    62.282    26.12   16.96
 -12214.923    79.993    47.13   24.45
 -11839.146    94.754    39.28   21.76
 -11463.365   102.581    20.83   15.99
 -11087.581   105.325     7.30    8.73
 -10711.791   104.190    -3.02    4.30
 -10335.998   106.071     5.01    4.98
  -9960.201   110.108    10.74    6.51
  -9584.399   116.487    16.97    6.84
  -9208.593   120.585    10.91    4.54
  -8832.783   121.267     1.81    4.98
  -8456.969   119.011    -6.00    7.23
  -8081.151   114.509   -11.98    7.46
  -7705.328   109.370   -13.67    7.07
  -7329.501   104.953   -11.75    6.16
  -6953.670   100.190   -12.67    7.21
  -6577.835    96.088   -10.92    6.53
  -6201.995    90.440   -15.03    6.90
  -5826.152    87.677    -7.35    8.22
  -5450.304    81.959   -15.21   12.32
  -5074.452    68.603   -35.54   22.66
  -4698.596    53.298   -40.72   24.72
  -4322.735    37.344   -42.45   17.14
  -3946.870    26.756   -28.17    8.57
  -3571.001    20.730   -16.03   10.22
  -3195.128    12.729   -21.29   11.36
  -2819.251     5.391   -19.52    8.38
  -2443.369     1.344   -10.77    5.30
  -2067.483    -0.297    -4.37    0.00
  -1691.593     0.054     0.93    1.49
  -1315.699     0.318     0.70    1.86
   -939.800     0.541     0.59    2.17
   -563.897     0.190    -0.93    1.71
   -187.990    -0.297    -1.30    0.00
    187.921    -0.297     0.00    0.00
    563.837    -0.297     0.00    0.00
    939.757    -0.297     0.00    0.00
   1315.681    -0.271     0.07    0.16
   1691.609     0.433     1.87    2.10
   2067.541     1.472     2.77    2.89
   2443.478     2.298     2.20    3.00
   2819.419     2.857     1.49    2.73
   3195.365     3.344     1.30    2.28
   3571.314     3.984     1.70    1.71
   3947.268     3.806    -0.48    2.77
   4323.226     3.524    -0.75    3.93
   4699.188     2.730    -2.11    4.07
   5075.155     1.908    -2.19    4.27
   5451.126    -0.189    -5.58    3.49
   5827.101    -1.271    -2.88    3.17
   6203.081    -0.682     1.57    4.26
   6579.064     2.571     8.65    6.38
   6955.052     7.036    11.88    8.50
   7331.044    11.677    12.34    8.85
   7707.041    17.267    14.87    8.28
   8083.042    22.325    13.45    8.56
   8459.047    26.601    11.37    8.61
   8835.056    30.703    10.91    6.50
   9211.070    33.011     6.14    5.42
   9587.088    33.113     0.27    4.27
   9963.110    31.078    -5.41    3.82
  10339.137    29.447    -4.34    4.16
  10715.167    30.598     3.06    6.22
  11091.203    35.163    12.14    8.70
  11467.242    43.652    22.58   11.20
  11843.286    52.352    23.14    9.68
  12219.334    60.344    21.25    9.01
  12595.386    67.370    18.68    6.72
  12971.443    71.598    11.24    4.47
  13347.504    74.113     6.69    2.87
  13723.569    75.395     3.41    1.84
  14099.638    75.806     1.09    1.87
  14475.712    76.406     1.60    1.85
  14851.790    76.857     1.20    1.84
  15227.873    77.892     2.75    1.78
  15603.960    78.395     1.34    1.61
  15980.051    78.831     1.16    1.51
  16356.146    79.234     1.07    1.65
  16732.246    78.857    -1.00    1.83
  17108.350    78.487    -0.98    1.73
  17484.458    78.493     0.02    1.65
  17860.571    78.229    -0.70    1.48
  18236.688    78.536     0.82    1.34
  18612.810    78.628     0.24    1.33
  18988.935    78.395    -0.62    1.78
  19365.065    77.756    -1.70    2.18
  19741.200    77.524    -0.62    2.05
  20117.339    78.190     1.77    2.57
  20493.482    79.959     4.70    3.18
  20869.629    80.865     2.41    3.10
  21245.781    80.524    -0.91    3.54
  21621.937    79.953    -1.52    3.51
  21998.098    79.806    -0.39    2.85
  22374.262    79.878     0.19    2.64
  22750.432    80.997     2.98    2.81
  23126.605    83.908     7.74    3.99
  23502.783    86.946     8.08    3.93
  23878.965    88.729     4.74    3.53
  24255.152    89.676     2.52    2.20
  24631.343    89.314    -0.96    2.27
  25007.538    87.228    -5.55    4.06
  25383.738    84.293    -7.80    6.36
  25759.942    79.703   -12.20    7.32
  26136.150    76.216    -9.27    5.38
  26512.363    76.293     0.20    5.11
  26888.580    78.883     6.88    6.07
  27264.802    82.598     9.88    4.57
  27641.028    84.729     5.66    2.60
  28017.258    85.487     2.02    2.75
  28393.493    86.729     3.30    1.91
  28769.732    87.028     0.79    1.91
  29145.975    88.017     2.63    1.51
  29522.223    87.421    -1.58    2.62
  29898.475    84.622    -7.44    5.25
  30274.732    82.595    -5.39    5.53
  30650.993    80.163    -6.46    5.12
  31027.258    78.592    -4.17    4.74
  31403.528    77.278    -3.49    4.23
  31779.802    76.293    -2.62    3.16
  32156.081    76.098    -0.52    2.56
  32532.364    75.985    -0.30    3.21
  32908.651    73.703    -6.06    5.06
  33284.943    70.293    -9.06    6.19
  33661.239    68.177    -5.62    5.34
  34037.540    69.062     2.35    6.24
  34413.845    72.568     9.32    6.90
  34790.154    75.650     8.19    5.49
  35166.468    77.453     4.79    3.96
  35542.786    79.532     5.52    3.50
  35919.109    81.019     3.95    3.79
  36295.436    82.946     5.12    3.55
  36671.768    84.811     4.96    1.87
  37048.104    84.460    -0.93    2.13
  37424.444    83.175    -3.41    2.77
  37800.789    81.478    -4.51    2.45
  38177.138    80.293    -3.15    2.33
  38553.492    80.946     1.74    2.98
  38929.850    81.524     1.53    2.93
  39306.212    82.019     1.32    3.13
  39682.579    84.267     5.97    3.68
  40058.951    85.493     3.26    4.42
  40435.326    86.293     2.13    3.71
  40811.707    85.568    -1.93    3.85
  41188.091    83.601    -5.23    3.01
  41564.481    82.215    -3.68    2.11
  41940.874    81.009    -3.21    2.12
  42317.272    80.011    -2.65    2.58
  42693.675    78.098    -5.08    2.85
  43070.082    77.595    -1.34    2.50
  43446.493    76.406    -3.16    2.87
  43822.909    75.446    -2.55    3.11
  44199.329    73.328    -5.63    4.12
  44575.754    71.267    -5.47    3.32
  44952.183    69.054    -5.88    3.68
  45328.617    66.883    -5.77    3.35
  45705.055    65.648    -3.28    2.55
  46081.498    65.575    -0.19    2.30
  46457.945    65.165    -1.09    2.33
  46834.397    65.519     0.94    3.65
  47210.853    66.256     1.96    4.97
  47587.313    67.806     4.12    5.65
  47963.778    69.679     4.98    4.79
  48340.248    71.108     3.80    3.35
  48716.722    70.328    -2.07    3.20
  49093.200    69.308    -2.71    3.14
  49469.683    68.379    -2.47    3.38
  49846.171    69.838     3.88    4.12
  50222.663    72.092     5.99    4.99
  50599.159    72.831     1.96    5.28
  50975.660    68.677   -11.03    9.34
  51352.165    62.120   -17.42   13.71
  51728.675    50.190   -31.68   15.03
  52105.189    41.342   -23.50   11.37
  52481.708    38.203    -8.34    8.74
  52858.232    42.190    10.59   12.26
  53234.760    50.081    20.96   15.36
  53611.292    61.139    29.37   13.52
  53987.829    68.229    18.83    8.26
  54364.370    71.908     9.77    3.08
  54740.546    72.973     2.83    2.16
  55116.203    72.428    -1.45    2.17
  55491.864    71.754    -1.79    2.01
  55867.530    71.271    -1.29    2.08
  56243.200    72.000     1.94    3.02
  56618.875    72.425     1.13    3.63
  56994.555    73.780     3.61    3.79
  57370.238    75.677     5.05    3.17
  57745.927    76.622     2.51    2.52
  58121.620    76.598    -0.06    2.17
  58497.317    75.898    -1.86    2.38
  58873.019    75.414    -1.29    2.19
  59248.725    75.293    -0.32    2.64
  59624.436    76.000     1.88    3.07
  60000.152    75.883    -0.31    3.49
  60375.872    73.883    -5.32    5.38
  60751.596    69.403   -11.92    7.73
  61127.325    63.487   -15.75    6.57
  61503.059    60.478    -8.01    4.64
  61878.797    59.081    -3.72    3.24
  62254.539    59.054    -0.07    3.27
  62630.286    58.677    -1.01    3.44
  63006.038    58.234    -1.18    3.31
  63381.794    58.959     1.93    3.40
  63757.555    61.493     6.74    4.33
  64133.320    64.568     8.18    4.78
  64509.090    68.571    10.65    4.71
  64884.864    71.564     7.96    3.49
  65260.643    74.318     7.33    3.67
  65636.426    74.928     1.62    3.69
  66012.214    74.190    -1.97    4.17
  66388.007    72.165    -5.39    4.95
  66763.804    69.831    -6.21    4.15
  67139.605    68.139    -4.50    2.95
  67515.411    66.325    -4.83    2.75
  67891.222    65.011    -3.50    2.78
  68267.037    63.514    -3.98    2.77
  68642.857    62.203    -3.49    2.25
  69018.681    61.421    -2.08    2.14
  69394.510    60.880    -1.44    2.17
  69770.344    60.498    -1.02    2.43
  70146.182    58.993    -4.01    3.45
  70522.024    56.361    -7.00    4.38
  70897.872    52.054   -11.46    5.30
  71273.723    49.036    -8.03    4.06
  71649.580    48.011    -2.73    2.97
  72025.440    48.498     1.30    3.37
  72401.306    50.624     5.66    3.40
  72777.176    53.378     7.33    4.32
  73153.051    55.242     4.96    4.54
  73528.930    57.190     5.18    3.99
  73904.814    59.406     5.89    3.29
  74280.702    59.857     1.20    2.05
  74656.595    60.870     2.69    2.83
  75032.492    61.756     2.36    3.00
  75408.394    62.428     1.79    2.85
  75784.301    62.760     0.88    2.52
  76160.212    61.831    -2.47    2.89
  76536.128    60.946    -2.35    2.77
  76912.049    60.703    -0.65    2.97
  77287.974    60.433    -0.72    3.47
  77663.904    59.203    -3.27    4.57
  78039.838    55.953    -8.65    6.22
  78415.777    48.242   -20.51   13.38
  78791.720    37.545   -28.45   15.51
  79167.669    27.601   -26.45   12.54
  79543.621    21.703   -15.69    6.01
  79919.579    19.754    -5.18    4.40
  80295.541    20.071     0.84    5.09
  80671.507    20.806     1.95    5.65
  81047.478    24.811    10.65    4.95
  81423.454    28.545     9.93    4.57
  81799.435    32.278     9.93    5.35
  82175.420    36.332    10.78    5.50
  82551.409    38.892     6.81    4.16
  82927.404    41.000     5.61    3.08
  83303.403    40.433    -1.51    4.83
  83679.406    36.081   -11.57    6.84
  84055.415    33.675    -6.40    5.93
  84431.427    34.428     2.00    5.46
  84807.445    36.729     6.12    5.33
  85183.467    39.811     8.20    2.65
  85559.494    40.626     2.17    1.80
  85935.525    40.098    -1.41    2.20
  86311.561    40.203     0.28    2.41
  86687.602    39.703    -1.33    2.43
  87063.647    39.242    -1.23    2.77
  87439.697    39.487     0.65    3.30
  87815.752    38.934    -1.47    3.38
  88191.811    37.903    -2.74    4.03
  88567.875    37.759    -0.38    3.99
  88943.944    36.811    -2.52    3.83
  89320.017    36.865     0.14    3.43
  89696.095    37.838     2.59    3.58
  90072.178    39.108     3.38    3.93
  90448.265    39.846     1.96    3.69
  90824.357    40.728     2.35    3.03
  91200.453    42.036     3.48    1.30
  91576.555    41.946    -0.24    1.04
  91952.661    41.754    -0.51    1.15
  92328.771    41.624    -0.35    1.28
  92704.887    41.780     0.41    1.35
  93081.007    42.113     0.89    1.39
  93457.131    42.472     0.95    1.33
  93833.261    42.571     0.26    1.40
  94209.395    43.088     1.37    1.60
  94585.533    43.253     0.44    1.43
  94961.677    43.620     0.97    1.66
  95337.825    43.622     0.01    1.61
  95713.978    43.677     0.15    1.42
  96090.135    43.595    -0.22    1.39
  96466.297    42.652    -2.51    2.38
  96842.464    40.909    -4.63    3.26
  97218.636    38.953    -5.20    3.68
  97594.812    37.908    -2.78    3.21
  97970.993    38.271     0.96    2.51
  98347.179    38.652     1.01    2.16
  98723.369    38.919     0.71    1.75
  99099.564    38.883    -0.10    2.10
  99475.764    38.267    -1.64    2.78
  99851.969    36.782    -3.95    3.72
 100228.178    35.466    -3.50    3.49
 100604.392    33.524    -5.16    2.50
 100980.610    32.928    -1.58    2.03
 101356.834    33.433     1.34    2.42
 101733.062    34.216     2.08    2.55
 102109.295    35.308     2.90    1.55
 102485.532    35.019    -0.77    2.01
 102861.775    33.806    -3.22    2.80
 103238.022    33.391    -1.10    3.17
 103614.273    34.036     1.72    3.52
 103990.530    34.575     1.43    3.75
 104366.791    34.406    -0.45    3.71
 104743.057    32.908    -3.98    4.20
 105119.328    31.757    -3.06    3.44
 105495.603    30.575    -3.14    2.15
 105871.883    30.139    -1.16    2.12
 106248.168    30.124    -0.04    2.62
 106624.458    30.088    -0.10    2.29
 107000.752    29.908    -0.48    2.15
 107377.051    29.780    -0.34    1.99
 107753.355    29.406    -0.99    2.77
 108129.664    28.472    -2.48    3.16
 108505.977    27.190    -3.41    2.94
 108882.296    26.242    -2.52    3.11
 109258.618    25.344    -2.38    2.50
 109634.946    25.203    -0.37    2.65
 110011.279    24.857    -0.92    3.05
 110387.616    23.861    -2.65    3.01
 110763.958    22.571    -3.43    2.92
 111140.305    21.595    -2.59    2.56
 111516.656    20.925    -1.78    2.07
 111893.013    20.575    -0.93    1.95
 112269.374    20.447    -0.34    1.52
 112645.739    20.414    -0.09    1.47
 113022.110    20.578     0.44    1.44
 113398.486    20.908     0.88    1.38
 113774.866    21.139     0.61    1.57
 114151.251    21.271     0.35    1.54
 114527.640    21.524     0.67    1.89
 114904.035    22.649     2.99    2.63
 115280.434    23.177     1.40    2.58
 115656.839    23.353     0.47    2.68
 116033.247    23.617     0.70    2.80
 116409.661    23.088    -1.41    2.67
 116786.080    23.703     1.63    2.78
 117162.503    24.973     3.37    3.29
 117538.931    25.676     1.87    3.46
 117915.364    25.648    -0.08    3.48
 118291.802    25.253    -1.05    3.20
 118668.244    24.128    -2.99    1.22
 119044.692    24.361     0.62    1.28
 119421.144    24.395     0.09    1.30
 119797.601    24.421     0.07    1.41
 120174.063    24.908     1.29    1.52
 120550.529    25.308     1.06    1.57
 120927.001    25.754     1.18    1.43
 121303.477    26.298     1.44    1.09
 121679.958    26.267    -0.08    1.07
 122056.444    26.428     0.43    1.04
 122432.935    26.453     0.07    0.87
 122809.430    26.908     1.21    1.24
 123185.931    27.487     1.54    1.34
 123562.436    28.135     1.72    1.41
 123938.946    28.730     1.58    1.24
 124315.461    29.120     1.03    1.18
 124691.980    29.528     1.08    1.24
 125068.505    30.028     1.33    1.67
 125445.034    30.163     0.36    1.64
 125821.568    30.549     1.03    1.51
 126198.108    30.649     0.27    1.39
 126574.652    31.011     0.96    1.84
 126951.200    31.857     2.25    1.50
 127327.754    32.019     0.43    1.38
 127704.312    31.808    -0.56    1.56
 128080.876    31.601    -0.55    1.52
 128457.444    31.653     0.14    1.54
 128834.017    32.000     0.92    1.66
 129210.595    32.503     1.33    1.52
 129587.178    32.703     0.53    1.76
 129963.087    32.433    -0.72    1.87
 130338.708    31.892    -1.44    1.54
 130714.335    31.732    -0.43    1.56
 131089.966    31.293    -1.17    1.37
 131465.602    30.928    -0.97    1.21
 131841.243    30.731    -0.53    1.18
 132216.889    30.703    -0.07    1.12
 132592.539    30.898     0.52    1.53
 132968.195    31.267     0.98    1.55
 133343.855    31.447     0.48    1.52
 133719.520    31.514     0.18    1.31
 134095.190    31.293    -0.59    1.25
 134470.865    31.267    -0.07    1.19
 134846.545    30.874    -1.05    1.28
 135222.229    30.568    -0.81    1.03
 135597.919    30.703     0.36    1.15
 135973.613    30.493    -0.56    1.32
 136349.312    30.782     0.77    1.32
 136725.016    31.177     1.05    1.48
 137100.725    31.484     0.82    1.88
 137476.439    31.652     0.45    1.83
 137852.158    31.387    -0.70    1.86
 138227.881    30.730    -1.75    1.42
 138603.610    30.293    -1.16    1.12
 138979.343    30.342     0.13    1.02
 139355.081    30.831     1.30    1.17
 139730.824    32.062     3.28    2.25
 140106.572    33.414     3.60    2.72
 140482.325    33.780     0.98    2.95
 140858.083    33.703    -0.20    2.95
 141233.845    32.831    -2.32    2.35
 141609.613    31.811    -2.71    1.45
 141985.385    31.421    -1.04    1.36
 142361.163    30.973    -1.19    1.71
 142736.945    30.652    -0.86    1.56
 143112.732    30.421    -0.61    1.45
 143488.524    30.036    -1.02    1.45
 143864.321    30.088     0.14    1.58
 144240.123    30.177     0.24    2.19
 144615.930    29.808    -0.98    1.59
 144991.741    29.959     0.40    1.86
 145367.558    29.925    -0.09    1.85
 145743.380    30.386     1.23    2.93
 146119.206    31.652     3.37    4.06
 146495.037    32.308     1.75    4.49
 146870.874    32.242    -0.18    4.40
 147246.715    31.524    -1.91    3.97
 147622.561    30.036    -3.96    3.02
 147998.412    29.568    -1.25    1.97
 148374.268    29.062    -1.35    1.27
 148750.129    29.433     0.99    1.66
 149125.995    30.318     2.36    2.15
 149501.866    31.003     1.82    2.17
 149877.741    32.092     2.90    1.81
 150253.622    31.892    -0.53    1.63
 150629.508    32.946     2.80    2.42
 151005.398    33.203     0.68    2.87
 151381.294    32.892    -0.83    3.17
 151757.194    33.081     0.50    3.40
 152133.100    33.328     0.66    2.98
 152509.010    33.242    -0.23    2.46
 152884.925    33.676     1.16    1.91
 153260.846    33.318    -0.95    1.79
 153636.771    33.071    -0.66    1.82
 154012.701    32.503    -1.51    1.88
 154388.636    31.335    -3.11    1.53
 154764.576    30.729    -1.61    1.61
 155140.521    30.973     0.65    3.04
 155516.471    30.472    -1.33    3.13
 155892.426    29.953    -1.38    3.46
 156268.386    29.592    -0.96    3.58
 156644.351    28.244    -3.59    2.09
 157020.321    28.108    -0.36    2.29
 157396.296    29.108     2.66    3.63
 157772.276    30.293     3.15    4.21
 158148.261    30.286    -0.02    4.41
 158524.251    29.653    -1.68    3.39
 158900.245    29.098    -1.48    1.82
 159276.245    29.406     0.82    1.71
 159652.250    29.729     0.86    1.74
 160028.260    30.098     0.98    1.91
 160404.274    30.293     0.52    1.98
 160780.294    30.498     0.55    2.07
 161156.319    30.528     0.08    2.19
 161532.349    31.598     2.84    3.32
 161908.383    32.628     2.74    3.58
 162284.423    32.378    -0.66    4.21
 162660.468    31.509    -2.31    3.72
 163036.518    29.217    -6.10    4.61
 163412.572    27.757    -3.88    5.04
 163788.632    27.361    -1.05    5.35
 164164.697    26.139    -3.25    4.97
 164540.767    24.703    -3.82    3.77
 164916.841    24.113    -1.57    2.97
 165292.921    23.703    -1.09    1.86
 165669.006    23.865     0.43    2.24
 166045.096    22.985    -2.34    2.72
 166421.191    22.256    -1.94    3.07
 166797.291    21.421    -2.22    3.46
 167173.396    20.139    -3.41    3.60
 167549.506    18.903    -3.29    3.81
 167925.621    18.000    -2.40    3.69
 168301.741    16.503    -3.98    2.70
 168677.866    16.011    -1.31    2.39
 169053.996    16.620     1.62    2.68
 169430.131    17.019     1.06    2.41
 169806.271    18.677     4.41    3.86
 170182.416    20.308     4.34    3.82
 170558.566    22.447     5.69    3.95
 170934.722    24.430     5.27    2.83
 171310.882    24.440     0.03    2.45
 171687.047    25.054     1.63    2.98
 172063.218    25.946     2.37    4.02
 172439.393    27.853     5.07    4.94
 172815.574    29.135     3.41    4.25
 173191.759    29.386     0.67    4.95
 173567.950    28.421    -2.57    5.11
 173944.146    26.729    -4.50    5.02
 174320.346    24.514    -5.89    4.35
 174696.552    24.318    -0.52    4.23
 175072.763    23.318    -2.66    3.99
 175448.979    23.120    -0.53    4.40
 175825.200    22.985    -0.36    4.13
 176201.426    23.786     2.13    4.18
 176577.657    26.328     6.76    4.17
 176953.894    28.395     5.50    3.18
 177330.135    30.646     5.98    2.62
 177706.381    32.190     4.10    2.78
 178082.633    33.019     2.20    3.21
 178458.889    35.071     5.46    2.93
 178835.151    37.328     6.00    3.29
 179211.418    40.054     7.25    4.26
 179587.690    43.971    10.41    5.24
 179963.966    46.216     5.97    4.86
 180340.248    46.335     0.32    6.52
 180716.536    47.808     3.92    7.09
 181092.828    46.472    -3.55    8.05
 181469.125    44.806    -4.43    8.20
 181845.427    44.677    -0.34    8.66
 182221.735    44.344    -0.88    8.37
 182598.048    47.541     8.50    8.99
 182974.365    47.803     0.70    9.87
 183350.688    47.903     0.27   10.32
 183727.016    47.536    -0.97   10.28
 184103.349    49.163     4.32   11.40
 184479.687    55.838    17.74   11.55
 184856.030    58.325     6.61    9.37
 185232.379    59.934     4.28    9.05
 185608.732    60.054     0.32    8.49
 185985.091    58.626    -3.80    7.75
 186361.455    58.733     0.28    6.78
