# NaN NaN NaN ;Mean Elev.(m), Avg Gradient(m/km), RMS Gradient(m/km) - SRTM1     
#   33.563  -4.088  14.037 ;Mean Elev.(m), Avg Gradient(m/km), RMS Gradient(m/km) - ASTER GDEM
#   15.303  -3.967  12.827 ;Mean Elev.(m), Avg Gradient(m/km), RMS Gradient(m/km) - GMTED2010 
  7    50.306 52470.09351960  7.21 295.205958   7.659360  9.118
  7    47.129 52470.09352025  7.88 295.205218   7.662660  9.118
  7    49.825 52470.09352089  5.97 295.204488   7.665970  9.118
  7    51.597 52470.09352154  6.16 295.203748   7.669270  9.118
  7    51.625 52470.09352218  6.18 295.203018   7.672580  9.118
  8    48.060 52505.09350377  8.27 295.206264   7.662626  9.288
  8    26.924 52505.09350506 31.95 295.204794   7.669236  9.288
  8    27.720 52505.09350570 30.44 295.204064   7.672546  9.288
  8    28.425 52505.09350635 29.65 295.203324   7.675846  9.288
  9    46.956 52540.09348597 17.89 295.210667   7.660727 10.057
  9    26.586 52540.09348726 42.71 295.209197   7.667337 10.057
  9    25.288 52540.09348790 43.16 295.208457   7.670637 10.057
  9    27.528 52540.09348855 40.42 295.207727   7.673947 10.057
  9    27.676 52540.09348919 43.42 295.206987   7.677247 10.057
 11    47.484 52610.09349168  4.10 295.208295   7.660457  9.424
 11    30.780 52610.09349232  8.59 295.207555   7.663757  9.424
 11    22.880 52610.09349296 16.18 295.206825   7.667067  9.424
 11    20.705 52610.09349361 17.66 295.206085   7.670367  9.424
 11    21.047 52610.09349425 18.98 295.205355   7.673677  9.424
 11    21.417 52610.09349490 21.58 295.204615   7.676977  9.424
 12    37.711 52645.09348174 13.92 295.207703   7.659774  3.745
 12    37.360 52645.09348239 18.05 295.206966   7.663072  8.910
 12    36.855 52645.09348303 18.56 295.206226   7.666382  8.910
 12    16.280 52645.09348432 36.37 295.204756   7.672992  8.910
 12    14.145 52645.09348497 38.96 295.204026   7.676292  8.910
 13    45.364 52680.09345852  5.95 295.214061   7.662696  2.940
 13    49.011 52680.09345917  5.80 295.213321   7.665996  2.940
 13    50.192 52680.09345981  6.23 295.212591   7.669306  2.940
 13    18.916 52680.09346045 11.96 295.211850   7.672606  7.074
 13    17.678 52680.09346110 14.18 295.211120   7.675916  7.074
 13    19.447 52680.09346174 14.24 295.210380   7.679216  7.074
 13    19.373 52680.09346239 25.31 295.209650   7.682526  7.074
 15    34.853 52750.09353248 14.65 295.198010   7.660784  8.016
 15    34.207 52750.09353312 13.13 295.197280   7.664094  8.016
 16    42.004 52785.09347512 14.13 295.205252   7.660472 12.278
 16    42.648 52785.09347577 15.81 295.204512   7.663782 12.278
 16    20.972 52785.09347705 28.95 295.203042   7.670392 12.278
 16    20.476 52785.09347770 29.48 295.202302   7.673692 12.278
 17    72.398 52820.09355019  5.44 295.205880   7.659787  9.729
 17    53.110 52820.09355083  6.67 295.205150   7.663087  9.729
 17    50.079 52820.09355148  7.25 295.204410   7.666397  9.729
 17    51.382 52820.09355212  6.93 295.203680   7.669697  9.729
 17    53.460 52820.09355277  7.12 295.202940   7.673007  9.729
 18    47.496 52855.09359878 17.70 295.209425   7.662016 11.245
 18    47.544 52855.09359942 20.56 295.208695   7.665316 11.245
 18    48.169 52855.09360006 19.04 295.207955   7.668626 11.245
 20    46.138 52925.09358496 11.54 295.207394   7.661255  8.698
 20    45.997 52925.09358560 15.64 295.206664   7.664565  8.698
 20    48.023 52925.09358625 12.95 295.205924   7.667865  8.698
 20    52.008 52925.09358689  8.86 295.205194   7.671175  8.698
 21    47.652 52960.09355199  3.82 295.214054   7.661624  9.442
 21    22.485 52960.09355328 21.45 295.212584   7.668234  9.442
 21    22.138 52960.09355392 21.07 295.211844   7.671544  9.442
 21    23.186 52960.09355457 20.03 295.211104   7.674844  9.442
 21    23.748 52960.09355521 20.41 295.210374   7.678154  9.442
 21    24.278 52960.09355586 25.27 295.209634   7.681454  9.442
 22    24.161 52995.09358682 13.91 295.207263   7.664718  9.422
 22    21.522 52995.09358746 18.44 295.206533   7.668028  9.422
 22    19.386 52995.09358811 19.18 295.205793   7.671328  9.422
 22    20.249 52995.09358875 19.72 295.205063   7.674638  9.422
 23    46.008 53030.09355010  7.00 295.209218   7.662754 13.579
 23    23.104 53030.09355075 10.49 295.208478   7.666054 13.579
 23    21.485 53030.09355139 11.51 295.207748   7.669364 13.579
 23    19.726 53030.09355204 14.24 295.207008   7.672664 13.579
 23    18.213 53030.09355268 25.20 295.206278   7.675974 13.579
 24    34.147 53065.09355692 14.21 295.212485   7.660879  8.252
 24    33.555 53065.09355756 18.44 295.211745   7.664189  8.252
 24    32.765 53065.09355821 17.89 295.211015   7.667489  8.252
 24    13.317 53065.09355950 38.08 295.209535   7.674099  8.252
 24    13.068 53065.09356014 44.33 295.208805   7.677409  8.252
 24    14.788 53065.09356079 38.91 295.208065   7.680709  8.252
 25    46.075 53100.09356315  3.31 295.204589   7.659179  2.816
 25    48.768 53100.09356380  3.86 295.203859   7.662489  2.816
 25    47.487 53100.09356444  7.84 295.203121   7.665788 11.267
 28    47.062 53205.09362702 16.36 295.205762   7.663834  6.306
 28    46.807 53205.09362766 17.23 295.205032   7.667144  6.306
 28    47.119 53205.09362831 15.73 295.204292   7.670444  6.306
 29    27.626 53240.09359499 33.68 295.212388   7.665736  9.235
 29    26.925 53240.09359563 35.60 295.211658   7.669046  9.235
 29    27.661 53240.09359628 30.55 295.210918   7.672346  9.235
 29    27.710 53240.09359692 28.64 295.210188   7.675656  9.235
 29    28.629 53240.09359757 28.97 295.209448   7.678956  9.235
 29    28.937 53240.09359821 40.08 295.208718   7.682266  9.235
 31    44.354 53310.09360859  7.69 295.204167   7.659902  5.297
 31    48.483 53310.09360924  4.64 295.203431   7.663201 10.470
 31    23.010 53310.09361053 21.81 295.201961   7.669811 10.470
 31    23.998 53310.09361117 33.07 295.201221   7.673121 10.470
 32    25.145 53345.09357470 13.14 295.208898   7.660984  3.434
 32    23.627 53345.09357535 16.12 295.208156   7.664284  6.844
 32    21.834 53345.09357599 16.75 295.207426   7.667594  6.844
 32    21.370 53345.09357664 15.84 295.206686   7.670894  6.844
 32    21.401 53345.09357728 15.49 295.205956   7.674204  6.844
 32    21.596 53345.09357793 17.01 295.205216   7.677504  6.844
 34    42.256 53415.09355171  6.77 295.213938   7.660648  3.026
 34    45.434 53415.09355236  6.93 295.213194   7.663948  8.427
 34    14.795 53415.09355365 17.84 295.211724   7.670558  8.427
 34    15.138 53415.09355429 19.06 295.210994   7.673868  8.427
 34    15.299 53415.09355494 22.88 295.210254   7.677168  8.427
 34    16.532 53415.09355558 29.10 295.209524   7.680478  8.427
 35    41.943 53450.09354523  6.71 295.208561   7.659603 10.463
 35    31.049 53450.09354587  7.41 295.207831   7.662903 10.463
 35    19.211 53450.09354652 13.74 295.207091   7.666213 10.463
 35    17.434 53450.09354716 15.21 295.206361   7.669513 10.463
 35    14.590 53450.09354781 18.80 295.205621   7.672823 10.463
 35    16.413 53450.09354845 18.88 295.204881   7.676123 10.463
 36    41.908 53485.09363058  6.83 295.200737   7.658539  9.154
 36    17.576 53485.09363316 28.16 295.197797   7.671759  9.154
 37    46.390 53520.09362683  6.64 295.210114   7.660123  9.172
 37    46.892 53520.09362748  6.51 295.209384   7.663433  9.172
 37    21.736 53520.09362877 16.11 295.207914   7.670043  9.172
 37    21.971 53520.09362941 17.46 295.207174   7.673343  9.172
 37    22.017 53520.09363006 19.81 295.206444   7.676653  9.172
 38    44.048 53555.09365016 18.46 295.201230   7.660277 10.488
 38    24.332 53555.09365145 37.16 295.199760   7.666887 10.488
 38    24.548 53555.09365209 43.98 295.199020   7.670187 10.488
 39    45.827 53590.09359311 17.85 295.214960   7.661642  5.504
 39    45.970 53590.09359375 18.29 295.214230   7.664952  5.504
 39    25.684 53590.09359504 37.63 295.212759   7.671562  9.341
 39    25.538 53590.09359568 42.62 295.212019   7.674862  9.341
 39    23.751 53590.09359633 41.12 295.211289   7.678172  9.341
 39    26.393 53590.09359697 38.20 295.210549   7.681472  9.341
 40    25.629 53625.09357485 36.87 295.199787   7.664230 11.412
 40    25.525 53625.09357549 45.47 295.199057   7.667530 11.412
 40    25.373 53625.09357614 47.54 295.198317   7.670840 11.412
 41    43.378 53660.09360006 12.90 295.205921   7.659424  9.700
 41    22.209 53660.09360200 40.80 295.203721   7.669334  9.700
 41    19.643 53660.09360264 47.13 295.202981   7.672644  9.700
 42    48.408 53695.09357445  4.91 295.207778   7.662146  4.414
 42    49.869 53695.09357510  6.09 295.207037   7.665446 11.206
 42    26.210 53695.09357574 13.30 295.206307   7.668756 11.206
 42    21.768 53695.09357639 21.92 295.205567   7.672056 11.206
 42    21.845 53695.09357703 27.40 295.204837   7.675366 11.206
 43    24.562 53730.09349745 14.21 295.212149   7.663158  2.989
 43    22.164 53730.09349809 19.01 295.211412   7.666459  8.001
 43    17.925 53730.09349873 21.33 295.210682   7.669769  8.001
 43    18.467 53730.09349938 22.35 295.209942   7.673069  8.001
 43    18.514 53730.09350002 22.58 295.209212   7.676379  8.001
 43    20.792 53730.09350067 19.99 295.208472   7.679679  8.001
 43    20.510 53730.09350131 41.52 295.207742   7.682989  8.001
 45    35.698 53800.09346873 12.43 295.212638   7.662796 11.774
 45    15.153 53800.09347067 34.62 295.210438   7.672716 11.774
 45    13.224 53800.09347131 38.96 295.209698   7.676016 11.774
 45    17.533 53800.09347196 29.23 295.208968   7.679326 11.774
 45    20.275 53800.09347260 40.65 295.208228   7.682626 11.774
 46    36.515 53835.09347049 16.46 295.208063   7.662090  3.025
 46    36.462 53835.09347114 15.75 295.207331   7.665389  7.732
 46    16.369 53835.09347243 36.97 295.205861   7.671999  7.732
 46    13.706 53835.09347307 43.07 295.205121   7.675309  7.732
 47    46.650 53870.09353046 15.55 295.206983   7.660411  6.002
 47    48.517 53870.09353111 15.80 295.206243   7.663721  6.002
 47    50.753 53870.09353175 16.08 295.205513   7.667021  6.002
 47    51.869 53870.09353240 15.82 295.204783   7.670331  6.002
 47    53.623 53870.09353304 15.56 295.204046   7.673631  5.796
 48    47.641 53905.09356594 11.46 295.205529   7.661482  9.550
 48    49.194 53905.09356659 12.90 295.204799   7.664792  9.550
 48    50.592 53905.09356723 13.79 295.204059   7.668092  9.550
 48    52.817 53905.09356788 12.42 295.203329   7.671402  9.550
 49    47.545 53940.09359829 13.90 295.198465   7.658678  5.767
 49    47.098 53940.09359893 15.37 295.197735   7.661988  5.767
 49    47.847 53940.09359957 17.69 295.196995   7.665288  5.767
 49    27.289 53940.09360086 38.91 295.195529   7.671899  7.479
 50    48.729 53975.09355673 12.68 295.205931   7.662043  5.328
 50    27.354 53975.09355802 30.87 295.204461   7.668653  5.328
 50    26.604 53975.09355866 28.27 295.203721   7.671953  5.328
 50    27.728 53975.09355931 26.33 295.202991   7.675263  5.328
 51    45.979 54010.09355364 15.14 295.208456   7.662614  5.264
 51    45.715 54010.09355428 19.01 295.207726   7.665914  5.264
 51    45.898 54010.09355493 17.05 295.206986   7.669224  5.264
 51    25.201 54010.09355622 45.44 295.205513   7.675833  7.387
 52    48.269 54045.09357060  4.42 295.214002   7.661111  3.734
 52    47.913 54045.09357124  6.49 295.213262   7.664411  3.734
 52    21.454 54045.09357253 20.66 295.211792   7.671021  3.734
 52    21.596 54045.09357318 22.68 295.211052   7.674331  3.734
 52    22.593 54045.09357382 19.68 295.210324   7.677632  6.927
 52    22.921 54045.09357447 21.34 295.209584   7.680942  6.927
 53    47.999 54080.09356372  4.57 295.208683   7.661304  4.660
 53    39.507 54080.09356436  8.62 295.207943   7.664604  4.660
 53    20.974 54080.09356565 19.09 295.206473   7.671214  4.660
 53    20.857 54080.09356630 26.22 295.205743   7.674524  4.660
 54    37.145 54115.09349886 14.23 295.209400   7.661040  6.144
 54    36.461 54115.09349950 16.82 295.208670   7.664350  6.144
 54    16.591 54115.09350079 35.79 295.207200   7.670960  6.144
 54    14.025 54115.09350143 43.08 295.206460   7.674260  6.144
 54    18.930 54115.09350208 38.78 295.205730   7.677570  6.144
 56    78.069 54185.09348955  1.75 295.209667   7.660323  6.045
 56    74.159 54185.09349020  2.69 295.208937   7.663633  6.045
 56    65.777 54185.09349084  2.81 295.208197   7.666933  6.045
 56    51.598 54185.09349149  4.75 295.207467   7.670243  6.045
 56    53.078 54185.09349213  5.13 295.206727   7.673543  6.045
 56    55.003 54185.09349278  5.21 295.205997   7.676853  6.045
 57    38.473 54220.09352095 12.36 295.206892   7.659789  6.968
 57    38.393 54220.09352160 11.85 295.206162   7.663099  6.968
 57    17.034 54220.09352289 32.39 295.204692   7.669709  6.968
 57    16.322 54220.09352353 32.84 295.203952   7.673009  6.968
 58    52.873 54255.09354557  7.39 295.207657   7.661140  7.338
 58    48.551 54255.09354622 10.33 295.206917   7.664440  7.338
 58    51.075 54255.09354686 10.66 295.206187   7.667750  7.338
 58    52.898 54255.09354751 10.61 295.205447   7.671050  7.338
 58    54.511 54255.09354815 10.34 295.204717   7.674360  7.338
 59    48.179 54290.09354804  7.34 295.209952   7.662435  8.452
 59    49.524 54290.09354868  7.47 295.209222   7.665745  8.452
 59    50.780 54290.09354933  8.42 295.208482   7.669045  8.452
 59    51.724 54290.09354997  8.93 295.207752   7.672355  8.452
 60    48.406 54325.09354549  8.41 295.209926   7.663093  9.906
 60    50.775 54325.09354613  7.09 295.209196   7.666403  9.906
 60    26.265 54325.09354742 24.66 295.207726   7.673013  9.906
 60    26.972 54325.09354807 25.16 295.206986   7.676313  9.906
 61    45.285 54360.09349902 14.79 295.210172   7.662080  9.464
 61    48.444 54360.09349966  8.70 295.209432   7.665380  9.464
 61    26.270 54360.09350095 29.20 295.207962   7.671990  9.464
 61    26.634 54360.09350160 32.53 295.207232   7.675300  9.464
 61    26.916 54360.09350224 32.71 295.206492   7.678600  9.464
 62    49.349 54395.09348487  6.15 295.209743   7.659822  9.276
 62    49.112 54395.09348552  5.39 295.209013   7.663122  9.276
 62    50.766 54395.09348616  5.47 295.208273   7.666432  9.276
 62    24.458 54395.09348745 21.20 295.206803   7.673042  9.276
 62    24.725 54395.09348810 22.81 295.206063   7.676342  9.276
 63    54.088 54430.09344849  3.22 295.211023   7.660141  9.567
 63    48.146 54430.09344914  5.32 295.210293   7.663451  9.567
 63    27.230 54430.09344978 12.18 295.209553   7.666751  9.567
 63    21.455 54430.09345107 21.85 295.208083   7.673361  9.567
 63    21.563 54430.09345172 34.10 295.207353   7.676671  9.567
 64    38.242 54465.09346508 10.94 295.209521   7.661752  7.113
 64    17.646 54465.09346701 24.82 295.207311   7.671672  7.113
 64    19.835 54465.09346766 24.37 295.206571   7.674972  7.113
 64    18.963 54465.09346830 40.06 295.205841   7.678282  7.113
 65    35.126 54500.09346055 13.79 295.210147   7.661825  7.529
 65    35.684 54500.09346120 16.48 295.209417   7.665135  7.529
 65    14.110 54500.09346313 33.87 295.207207   7.675045  7.529
 65    17.276 54500.09346378 30.17 295.206477   7.678355  7.529
 66    46.288 54535.09347945  5.44 295.210049   7.661400  2.449
 66    31.891 54535.09348010  7.64 295.209319   7.664710  2.449
 66    32.737 54535.09348074  8.66 295.208579   7.668010  2.449
 66    18.477 54535.09348139 12.60 295.207839   7.671320  2.449
 66    16.522 54535.09348203 16.70 295.207114   7.674618  8.600
 66    19.557 54535.09348268 14.62 295.206374   7.677928  8.600
 67    48.330 54570.09346402  9.56 295.209878   7.663048  7.286
 67    50.737 54570.09346466  9.73 295.209148   7.666358  7.286
 67    51.449 54570.09346530  9.72 295.208408   7.669658  7.286
 67    53.154 54570.09346595  9.85 295.207678   7.672968  7.286
 67    54.818 54570.09346659  9.66 295.206938   7.676268  7.286
 68    55.738 54605.09347423  6.01 295.207970   7.660729  6.972
 68    49.834 54605.09347488  8.86 295.207230   7.664029  6.972
 68    50.730 54605.09347552  9.54 295.206500   7.667339  6.972
 68    52.473 54605.09347617  9.55 295.205760   7.670639  6.972
 68    53.957 54605.09347681  9.86 295.205030   7.673949  6.972
 69    49.561 54640.09348367  6.60 295.208251   7.659982 11.310
 69    49.053 54640.09348431  7.18 295.207521   7.663292 11.310
 69    50.754 54640.09348496  7.73 295.206781   7.666592 11.310
 69    22.383 54640.09348625 20.67 295.205311   7.673202 11.310
 69    22.394 54640.09348689 33.05 295.204581   7.676512 11.310
 70    46.859 54675.09348623 15.89 295.207388   7.660779  8.146
 70    47.239 54675.09348687 17.30 295.206648   7.664089  8.146
 70    47.627 54675.09348752 18.00 295.205908   7.667389  8.146
 71    47.147 54710.09344344 15.94 295.210910   7.663131  7.659
 71    47.931 54710.09344409 17.55 295.210180   7.666441  7.659
 71    27.234 54710.09344538 38.78 295.208710   7.673051  7.659
 71    27.383 54710.09344602 41.49 295.207970   7.676351  7.659
 71    27.410 54710.09344667 41.66 295.207240   7.679661  7.659
 72    45.681 54745.09345361 17.20 295.207883   7.661810  7.945
 72    24.697 54745.09345490 36.16 295.206413   7.668420  7.945
 72    24.295 54745.09345555 41.31 295.205673   7.671720  7.945
 72    25.002 54745.09345619 45.37 295.204943   7.675030  7.945
 73    21.975 54780.09342812 41.62 295.208569   7.669703  9.544
 73    21.532 54780.09342876 46.14 295.207839   7.673013  9.544
 73    19.581 54780.09342941 41.03 295.207099   7.676313  9.544
 74    20.378 54815.09344799 36.35 295.206666   7.669202 10.765
 74    20.312 54815.09344864 32.91 295.205926   7.672502 10.765
 74    22.397 54815.09344928 35.17 295.205196   7.675812 10.765
 75    24.444 54850.09342584 10.73 295.209463   7.661906  9.076
 75    22.643 54850.09342648 12.79 295.208733   7.665216  9.076
 75    19.615 54850.09342713 16.46 295.207993   7.668516  9.076
 75    17.430 54850.09342777 21.37 295.207263   7.671826  9.076
 75    19.614 54850.09342841 21.08 295.206523   7.675126  9.076
 76    46.045 54885.09345024  5.11 295.207248   7.661490  8.381
 76    28.800 54885.09345089  9.77 295.206508   7.664790  8.381
 76    21.895 54885.09345153 13.14 295.205778   7.668100  8.381
 76    15.986 54885.09345218 20.70 295.205038   7.671400  8.381
 76    16.305 54885.09345282 21.46 295.204308   7.674710  8.381
 77    37.156 54920.09342672  8.49 295.207889   7.660060  7.927
 77    45.216 54920.09342736  8.86 295.207149   7.663360  7.927
 77    15.758 54920.09342865 21.82 295.205679   7.669970  7.927
 77    13.370 54920.09342930 27.53 295.204949   7.673280  7.927
 77    16.835 54920.09342994 18.55 295.204209   7.676580  7.927
 78    39.100 54955.09344568 14.36 295.207315   7.659897 12.366
 78    37.895 54955.09344632 18.86 295.206575   7.663197 12.366
 78    15.278 54955.09344826 46.00 295.204375   7.673117 12.366
 78    15.601 54955.09344890 31.80 295.203635   7.676417 12.366
 79    72.520 54990.09346938  1.01 295.205826   7.660015  9.505
 79    68.976 54990.09347002  2.14 295.205096   7.663315  9.505
 79    52.824 54990.09347066  2.88 295.204356   7.666625  9.505
 79    52.020 54990.09347131  3.46 295.203616   7.669925  9.505
 79    52.751 54990.09347195  4.03 295.202886   7.673235  9.505
 80    53.094 55025.09346022  8.59 295.210256   7.660020  7.051
 80    48.390 55025.09346086 11.00 295.209526   7.663330  7.051
 80    50.513 55025.09346151 11.01 295.208786   7.666630  7.051
 80    51.466 55025.09346215  9.42 295.208056   7.669940  7.051
 80    51.936 55025.09346280 13.36 295.207316   7.673240  7.051
 81    46.022 55060.09345468 11.51 295.209113   7.660164 10.406
 81    47.116 55060.09345532  8.95 295.208383   7.663474 10.406
 81    25.563 55060.09345597 25.16 295.207643   7.666774 10.406
 81    25.333 55060.09345661 26.44 295.206913   7.670084 10.406
 81    26.219 55060.09345726 26.77 295.206173   7.673384 10.406
 81    26.389 55060.09345790 38.01 295.205443   7.676694 10.406
 82    45.481 55095.09340659 12.17 295.209277   7.660502  8.282
 82    24.395 55095.09340788 31.51 295.207807   7.667112  8.282
 82    24.802 55095.09340852 35.26 295.207067   7.670412  8.282
 82    24.960 55095.09340917 36.51 295.206337   7.673722  8.282
 82    25.242 55095.09340981 42.94 295.205597   7.677022  8.282
 83    45.666 55130.09339617  6.06 295.208474   7.660274 11.803
 83    20.725 55130.09339746 17.08 295.207004   7.666884 11.803
 83    21.556 55130.09339811 19.88 295.206274   7.670194 11.803
 83    22.059 55130.09339875 24.58 295.205534   7.673494 11.803
 83    22.119 55130.09339940 38.48 295.204804   7.676804 11.803
 84    46.648 55165.09336803  4.78 295.210094   7.660935  8.460
 84    40.415 55165.09336867  9.69 295.209354   7.664235  8.460
 84    19.880 55165.09336932 15.19 295.208624   7.667545  8.460
 84    18.331 55165.09336996 16.74 295.207884   7.670845  8.460
 84    19.675 55165.09337060 20.11 295.207154   7.674155  8.460
 84    20.635 55165.09337125 19.92 295.206414   7.677455  8.460
 85    35.171 55200.09338845 12.50 295.207631   7.660933  8.420
 85    34.363 55200.09338910 15.37 295.206891   7.664233  8.420
 85    14.936 55200.09339039 25.68 295.205421   7.670843  8.420
 85    13.941 55200.09339103 29.87 295.204691   7.674153  8.420
 86    33.240 55235.09337405 19.75 295.208533   7.662585  7.878
 86    33.545 55235.09337470 22.02 295.207803   7.665895  7.878
 86    11.405 55235.09337663 25.68 295.205593   7.675805  7.878
 87    33.968 55270.09338220 12.90 295.209003   7.659639  9.628
 87    33.905 55270.09338284 11.79 295.208273   7.662949  9.628
 87    10.501 55270.09338478 38.12 295.206063   7.672859  9.628
 87     9.878 55270.09338542 34.25 295.205333   7.676169  9.628
 88    36.737 55305.09335506 15.98 295.210645   7.661657  8.391
 88    35.950 55305.09335571 16.34 295.209915   7.664967  8.391
 88    37.343 55305.09335635 11.13 295.209175   7.668267  8.391
 88    51.037 55305.09335700  7.13 295.208445   7.671577  8.391
 88    16.687 55305.09335829 24.18 295.206975   7.678187  8.391
 89    43.787 55340.09335463 12.99 295.209097   7.659833  6.913
 89    42.165 55340.09335528 16.19 295.208367   7.663143  6.913
 89    42.139 55340.09335592 18.22 295.207627   7.666443  6.913
 89    42.588 55340.09335657 17.08 295.206897   7.669753  6.913
 89    20.843 55340.09335785 38.97 295.205427   7.676363  6.913
 90    51.681 55375.09334686  5.81 295.209306   7.662867  9.703
 90    50.787 55375.09334750  7.69 295.208566   7.666167  9.703
 90    51.899 55375.09334815  7.95 295.207836   7.669477  9.703
 90    53.549 55375.09334879  7.57 295.207096   7.672777  9.703
 91    47.934 55410.09336869 12.97 295.209584   7.661261 10.603
 91    47.895 55410.09336933 15.53 295.208844   7.664561 10.603
 91    47.988 55410.09336998 16.06 295.208114   7.667871 10.603
 91    27.808 55410.09337127 39.14 295.206644   7.674481 10.603
 91    28.021 55410.09337191 44.86 295.205904   7.677781 10.603
 92    48.084 55445.09336386 15.73 295.208807   7.663746  9.554
 92    48.369 55445.09336451 18.97 295.208067   7.667046  9.554
 92    49.196 55445.09336515 19.73 295.207337   7.670356  9.554
 92    27.646 55445.09336644 45.92 295.205867   7.676966  9.554
 93    45.876 55480.09329845 13.45 295.210809   7.663168  7.793
 93    45.257 55480.09329909 15.40 295.210069   7.666468  7.793
 93    24.509 55480.09330038 36.32 295.208599   7.673078  7.793
 93    24.073 55480.09330103 44.18 295.207869   7.676388  7.793
 93    23.893 55480.09330167 46.95 295.207129   7.679688  7.793
