-207602.420     6.022     0.00    5.79
-207225.958     7.413     3.70    5.83
-206849.502     9.588     5.78    5.93
-206473.050    10.772     3.15    5.45
-206096.604    12.742     5.23    5.42
-205720.162    13.511     2.04    6.01
-205343.726    15.178     4.43    5.38
-204967.295    17.115     5.14    3.84
-204590.869    17.788     1.79    2.42
-204214.448    17.561    -0.60    2.55
-203838.033    17.174    -1.03    2.61
-203461.622    17.383     0.56    2.36
-203085.216    17.533     0.40    2.06
-202708.816    17.561     0.08    2.14
-202332.421    17.750     0.50    1.95
-201956.031    18.486     1.95    2.26
-201579.646    18.845     0.95    2.70
-201203.266    19.453     1.62    2.63
-200826.891    18.486    -2.57    3.85
-200450.521    16.588    -5.04    4.37
-200074.156    14.804    -4.74    5.18
-199697.797    14.113    -1.84    5.68
-199321.442    14.404     0.77    6.49
-198945.093    15.101     1.85    7.12
-198568.748    15.825     1.92    7.16
-198192.409    15.152    -1.79    7.88
-197816.075    13.507    -4.37    7.94
-197439.746    12.369    -3.03    6.70
-197063.422    11.167    -3.19    5.21
-196687.103    10.616    -1.46    3.57
-196310.789    10.615    -0.00    3.21
-195934.480    10.940     0.86    3.85
-195558.177    12.075     3.02    4.75
-195181.878    12.870     2.11    4.87
-194805.584    12.977     0.28    5.61
-194429.296    12.777    -0.53    5.52
-194053.012    12.048    -1.94    4.51
-193676.734    12.878     2.21    4.06
-193300.461    13.113     0.63    2.95
-192924.192    13.723     1.62    2.80
-192547.929    14.052     0.87    2.49
-192171.671    14.973     2.45    3.50
-191795.418    15.716     1.98    4.04
-191419.170    16.220     1.34    4.59
-191042.927    17.768     4.11    5.26
-190666.689    17.640    -0.34    4.84
-190290.456    17.199    -1.17    4.84
-189914.228    17.947     1.99    4.53
-189538.005    18.453     1.34    3.79
-189161.788    18.988     1.42    3.90
-188785.575    20.050     2.82    4.36
-188409.367    20.360     0.82    4.76
-188033.164    21.075     1.90    5.47
-187656.967    20.831    -0.65    5.10
-187280.774    20.772    -0.16    4.75
-186904.586    21.038     0.71    4.14
-186528.404    21.723     1.82    3.58
-186152.226    23.463     4.63    3.88
-185776.054    25.588     5.65    3.17
-185399.886    27.115     4.06    2.23
-185023.724    26.878    -0.63    2.00
-184647.566    26.152    -1.93    2.30
-184271.414    24.463    -4.49    2.53
-183895.266    23.825    -1.70    2.54
-183519.124    23.913     0.23    2.60
-183142.986    23.457    -1.21    2.69
-182766.854    23.088    -0.98    2.74
-182390.726    22.238    -2.26    2.52
-182014.604    21.533    -1.88    1.53
-181638.487    21.426    -0.28    1.38
-181262.374    21.534     0.29    1.49
-180886.267    21.641     0.28    1.93
-180510.164    21.742     0.27    2.15
-180134.067    22.075     0.88    2.52
-179757.974    22.313     0.63    2.61
-179381.887    21.930    -1.02    2.92
-179005.804    21.588    -0.91    2.27
-178629.727    21.716     0.34    1.92
-178253.654    22.332     1.64    1.87
-177877.587    23.434     2.93    3.04
-177501.524    25.220     4.75    4.27
-177125.467    26.338     2.97    4.13
-176749.414    27.696     3.61    3.81
-176373.366    28.027     0.88    2.84
-175997.324    28.255     0.61    1.74
-175621.286    29.227     2.59    1.53
-175245.253    30.372     3.04    1.90
-174869.226    30.967     1.58    1.60
-174493.203    31.357     1.04    1.58
-174117.185    31.588     0.61    1.40
-173741.172    31.507    -0.22    1.23
-173365.164    31.255    -0.67    1.71
-172989.161    31.483     0.61    2.00
-172613.163    31.237    -0.65    1.72
-172237.170    31.013    -0.59    1.48
-171861.182    31.048     0.09    1.61
-171485.199    31.930     2.35    2.92
-171109.221    33.404     3.92    3.84
-170733.247    34.588     3.15    4.21
-170357.279    34.318    -0.72    4.90
-169981.316    32.930    -3.69    4.49
-169605.357    31.614    -3.50    3.48
-169229.404    31.994     1.01    2.96
-168853.455    32.859     2.30    2.75
-168477.511    32.886     0.07    2.57
-168101.573    32.511    -1.00    2.24
-167725.639    31.922    -1.57    1.46
-167349.710    32.561     1.70    1.40
-166973.786    32.615     0.14    1.72
-166597.867    32.588    -0.07    1.81
-166221.953    32.115    -1.26    1.80
-165846.044    32.288     0.46    1.81
-165470.140    32.183    -0.28    1.57
-165094.240    32.486     0.81    1.62
-164718.346    32.457    -0.08    1.46
-164342.457    32.563     0.28    1.75
-163966.572    33.048     1.29    1.69
-163590.692    33.738     1.84    2.03
-163214.818    34.930     3.17    2.27
-162838.948    35.723     2.11    2.64
-162463.083    36.167     1.18    2.67
-162087.223    37.227     2.82    2.71
-161711.367    37.537     0.82    2.84
-161335.517    38.691     3.07    2.85
-160959.672    39.777     2.89    2.91
-160583.831    40.696     2.45    2.88
-160207.996    41.144     1.19    2.86
-159832.165    40.640    -1.34    2.89
-159456.339    39.320    -3.51    2.83
-159080.518    39.183    -0.36    3.10
-158704.702    38.888    -0.78    3.08
-158328.891    38.878    -0.03    3.42
-157953.085    39.588     1.89    3.60
-157577.284    39.255    -0.89    2.89
-157201.487    39.229    -0.07    2.17
-156825.695    39.750     1.39    2.11
-156449.909    39.167    -1.55    1.48
-156074.127    38.819    -0.93    1.55
-155698.350    38.615    -0.54    1.59
-155322.577    38.281    -0.89    1.32
-154946.810    38.536     0.68    1.63
-154571.048    38.913     1.00    1.55
-154195.290    39.102     0.50    1.30
-153819.537    39.477     1.00    1.35
-153443.790    39.938     1.23    1.25
-153068.047    40.564     1.67    1.57
-152692.308    40.825     0.70    1.42
-152316.575    41.413     1.57    1.57
-151940.847    42.036     1.66    1.74
-151565.123    42.614     1.54    1.94
-151189.404    43.486     2.32    1.90
-150813.691    43.742     0.68    1.81
-150437.981    43.723    -0.05    1.95
-150062.277    43.194    -1.41    1.97
-149686.578    42.663    -1.41    1.42
-149310.883    43.227     1.50    2.19
-148935.194    43.588     0.96    2.29
-148559.509    44.129     1.44    1.99
-148183.829    45.048     2.45    2.16
-147808.153    45.291     0.65    1.35
-147432.483    45.060    -0.61    1.32
-147056.817    45.313     0.67    1.40
-146681.157    45.511     0.53    1.40
-146305.501    46.102     1.57    1.41
-145929.850    46.434     0.89    1.68
-145554.203    46.878     1.18    2.73
-145178.562    47.409     1.41    3.11
-144802.925    47.641     0.62    3.20
-144427.294    48.255     1.63    2.84
-144051.666    47.615    -1.70    3.18
-143676.044    46.973    -1.71    3.04
-143300.427    47.738     2.04    3.20
-142924.814    48.283     1.45    3.14
-142549.020    49.831     4.12    2.50
-142172.454    50.723     2.37    1.58
-141795.893    50.804     0.22    1.46
-141419.337    50.426    -1.00    1.52
-141042.786    49.817    -1.62    1.42
-140666.239    49.763    -0.14    1.63
-140289.698    50.665     2.40    3.37
-139913.161    52.156     3.96    4.12
-139536.629    53.896     4.62    3.91
-139160.102    54.588     1.84    3.61
-138783.579    54.845     0.68    2.86
-138407.062    54.152    -1.84    2.72
-138030.549    52.870    -3.41    1.86
-137654.041    52.588    -0.75    1.79
-137277.538    52.255    -0.89    1.64
-136901.040    52.564     0.82    1.82
-136524.546    53.021     1.21    1.64
-136148.058    53.665     1.71    2.06
-135771.574    54.220     1.47    1.99
-135395.094    54.746     1.40    1.75
-135018.620    54.588    -0.42    1.86
-134642.151    53.941    -1.72    1.82
-134265.686    53.716    -0.60    1.75
-133889.226    54.306     1.57    2.08
-133512.771    55.156     2.26    1.79
-133136.320    55.204     0.13    1.91
-132759.875    54.588    -1.63    2.53
-132383.434    53.640    -2.52    2.89
-132006.998    53.332    -0.82    3.16
-131630.566    52.994    -0.90    4.04
-131254.140    53.255     0.69    4.06
-130877.718    53.178    -0.20    3.80
-130501.301    52.665    -1.36    3.83
-130124.889    52.183    -1.28    3.32
-129748.481    53.486     3.46    3.97
-129372.078    56.048     6.81    4.10
-128995.681    58.299     5.98    3.34
-128619.287    59.772     3.92    1.86
-128242.899    60.120     0.92    1.50
-127866.515    59.819    -0.80    1.81
-127490.136    58.615    -3.20    3.35
-127113.762    55.694    -7.76    5.29
-126737.393    52.048    -9.69    5.73
-126361.028    50.144    -5.06    5.29
-125984.668    47.563    -6.86    5.94
-125608.313    46.930    -1.68    6.08
-125231.962    47.237     0.82    6.45
-124855.617    52.338    13.56    8.70
-124479.276    58.152    15.45    6.71
-124102.940    62.255    10.90    5.16
-123726.608    65.246     7.95    3.19
-123350.281    66.204     2.54    2.68
-122973.959    65.318    -2.35    3.24
-122597.642    64.799    -1.38    3.03
-122221.329    63.845    -2.54    2.29
-121845.022    64.172     0.87    2.09
-121468.718    63.768    -1.07    3.36
-121092.420    61.694    -5.51    4.46
-120716.126    60.913    -2.08    4.74
-120339.837    62.183     3.38    5.54
-119963.553    64.338     5.73    4.92
-119587.274    66.999     7.07    3.02
-119210.999    68.222     3.25    2.57
-118834.729    68.430     0.55    2.30
-118458.463    65.363    -8.15    6.51
-118082.202    62.615    -7.31    7.70
-117705.946    62.050    -1.50    7.79
-117329.695    61.229    -2.18    9.18
-116953.449    59.793    -3.82   10.72
-116577.207    56.291    -9.31   11.17
-116200.969    50.930   -14.25    9.19
-115824.737    48.460    -6.57    5.51
-115448.509    51.075     6.95    8.76
-115072.286    53.306     5.93    9.86
-114696.068    56.048     7.29   11.17
-114319.854    58.264     5.89   12.33
-113943.645    57.264    -2.66   10.73
-113567.440    57.922     1.75   11.10
-113191.241    59.563     4.36   11.28
-112815.046    58.788    -2.06   10.94
-112438.855    58.141    -1.72    8.78
-112062.670    58.338     0.52    6.39
-111686.489    60.036     4.51    7.37
-111310.312    60.204     0.45    7.71
-110934.141    61.409     3.20    7.94
-110557.974    62.562     3.07    8.44
-110181.811    63.930     3.64    8.95
-109805.654    66.563     7.00    9.92
-109429.501    68.213     4.39   11.41
-109053.353    69.264     2.79   12.00
-108677.209    72.313     8.11   12.50
-108301.070    75.220     7.73   12.26
-107924.936    78.237     8.02   10.96
-107548.806    82.615    11.64    6.80
-107172.681    83.845     3.27    5.51
-106796.560    84.332     1.29    5.92
-106420.445    85.463     3.01    4.70
-106044.334    86.669     3.21    3.85
-105668.227    87.281     1.63    4.34
-105292.125    88.394     2.96    4.28
-104916.028    89.050     1.74    4.29
-104539.936    88.511    -1.43    5.14
-104163.848    88.930     1.11    4.89
-103787.764    89.957     2.73    4.13
-103411.686    90.101     0.38    4.39
-103035.612    89.588    -1.36    5.11
-102659.542    89.156    -1.15    5.80
-102283.478    87.588    -4.17    6.28
-101907.418    85.325    -6.02    6.22
-101531.362    83.345    -5.27    5.93
-101155.311    80.859    -6.61    5.12
-100779.265    78.960    -5.05    4.91
-100403.223    78.486    -1.26    4.90
-100027.186    77.204    -3.41    4.43
 -99651.154    76.533    -1.78    3.60
 -99275.126    74.614    -5.10    5.00
 -98899.103    70.560   -10.78    6.31
 -98523.084    67.434    -8.31    5.76
 -98147.070    64.409    -8.05    3.91
 -97771.061    64.129    -0.74    3.78
 -97395.056    64.716     1.56    3.67
 -97019.056    65.101     1.02    3.92
 -96643.060    65.149     0.13    3.84
 -96267.069    64.480    -1.78    3.50
 -95891.083    63.688    -2.11    3.40
 -95515.101    63.588    -0.27    3.99
 -95139.124    63.831     0.65    5.00
 -94763.152    67.102     8.70    8.44
 -94387.184    72.324    13.89   12.20
 -94011.220    78.665    16.87   13.60
 -93635.261    86.434    20.67   11.56
 -93259.307    90.940    11.98    8.17
 -92883.357    93.922     7.93    4.64
 -92507.412    95.644     4.58    3.67
 -92131.472    95.825     0.48    3.21
 -91755.536    95.638    -0.50    2.80
 -91379.604    95.777     0.37    1.94
 -91003.678    95.588    -0.50    1.82
 -90627.755    94.742    -2.25    2.85
 -90251.838    92.588    -5.73    4.75
 -89875.925    89.588    -7.98    5.70
 -89500.016    87.691    -5.05    5.29
 -89124.112    89.102     3.75    6.63
 -88748.213    91.957     7.60    7.57
 -88372.318    96.062    10.92    6.18
 -87996.428    99.963    10.38    3.08
 -87620.542   101.204     3.30    3.54
 -87244.661   102.983     4.73    3.64
 -86868.784   104.696     4.56    2.81
 -86492.912   105.746     2.79    2.46
 -86117.044   106.199     1.21    2.57
 -85741.181   106.665     1.24    3.11
 -85365.323   106.793     0.34    3.32
 -84989.469   106.723    -0.19    3.16
 -84613.620   105.896    -2.20    2.86
 -84237.775   106.050     0.41    2.75
 -83861.935   106.383     0.89    2.99
 -83486.099   107.426     2.78    2.99
 -83110.268   108.742     3.50    3.25
 -82734.441   109.994     3.33    2.99
 -82358.619   111.220     3.26    2.03
 -81982.801   112.204     2.62    2.09
 -81606.988   112.706     1.34    2.21
 -81231.179   112.845     0.37    2.04
 -80855.375   112.825    -0.05    2.26
 -80479.576   112.825     0.00    2.25
 -80103.781   112.156    -1.78    2.29
 -79727.990   110.977    -3.14    3.74
 -79352.204   109.640    -3.56    3.49
 -78976.423   109.127    -1.36    3.14
 -78600.646   109.615     1.30    2.65
 -78224.873   110.613     2.66    1.94
 -77849.105   110.999     1.03    1.68
 -77473.342   111.306     0.82    2.03
 -77097.583   111.886     1.54    2.16
 -76721.828   112.178     0.78    2.15
 -76346.078   111.922    -0.68    3.01
 -75970.333   109.870    -5.46    3.80
 -75594.592   108.588    -3.41    4.65
 -75218.855   106.303    -6.08    4.70
 -74843.123   104.281    -5.38    4.94
 -74467.396   102.102    -5.80    4.71
 -74091.673   100.859    -3.31    3.31
 -73715.954   100.777    -0.22    2.32
 -73340.240   102.005     3.27    2.91
 -72964.531   103.338     3.55    2.59
 -72588.825   104.357     2.71    2.02
 -72213.125   104.667     0.82    1.46
 -71837.429   103.537    -3.01    2.11
 -71461.737   102.246    -3.44    2.56
 -71086.050   101.255    -2.64    2.57
 -70710.367   100.088    -3.11    2.81
 -70334.689    97.742    -6.25    4.75
 -69959.015    94.426    -8.83    6.20
 -69583.346    92.742    -4.48    5.43
 -69207.681    92.713    -0.08    5.29
 -68832.020    96.838    10.98    7.88
 -68456.365   103.859    18.69   10.18
 -68080.713   110.642    18.06    9.61
 -67705.066   117.237    17.56    7.89
 -67328.976   122.237    13.29    7.00
 -66952.448   124.588     6.24    7.05
 -66575.924   128.288     9.83    5.41
 -66199.405   130.742     6.52    4.59
 -65822.891   133.345     6.91    3.36
 -65446.381   134.255     2.42    2.40
 -65069.875   134.772     1.37    2.14
 -64693.374   134.537    -0.63    1.97
 -64316.878   133.825    -1.89    2.65
 -63940.386   132.486    -3.56    2.75
 -63563.898   131.237    -3.32    2.76
 -63187.415   130.141    -2.91    1.94
 -62810.936   130.513     0.99    1.91
 -62434.462   131.422     2.41    2.13
 -62057.992   132.264     2.24    1.99
 -61681.526   132.480     0.57    1.87
 -61305.065   132.075    -1.08    2.09
 -60928.609   132.615     1.44    2.48
 -60552.157   133.366     1.99    3.05
 -60175.709   134.863     3.98    3.39
 -59799.266   136.075     3.22    3.00
 -59422.827   136.804     1.94    2.65
 -59046.393   137.152     0.92    2.34
 -58669.963   137.746     1.58    1.87
 -58293.537   137.281    -1.24    2.15
 -57917.116   135.536    -4.64    3.56
 -57540.700   132.819    -7.22    5.17
 -57164.287   128.615   -11.17    7.56
 -56787.880   123.537   -13.49   10.30
 -56411.476   116.688   -18.20   12.09
 -56035.077   110.449   -16.58   10.24
 -55658.683   104.723   -15.21   10.75
 -55282.293    96.088   -22.94   13.29
 -54905.907    90.156   -15.76   14.42
 -54529.526    81.291   -23.55   13.89
 -54153.149    74.760   -17.35    9.91
 -53776.777    71.488    -8.69    7.29
 -53400.408    70.281    -3.21    5.35
 -53024.045    73.561     8.72    9.22
 -52647.686    80.742    19.08   14.85
 -52271.331    90.477    25.87   15.91
 -51894.980    98.281    20.73   13.23
 -51518.634   106.009    20.54    5.35
 -51142.293   107.878     4.96    2.19
 -50765.955   109.483     4.27    2.67
 -50389.623   110.229     1.98    3.11
 -50013.294   111.369     3.03    3.31
 -49636.970   112.172     2.13    2.79
 -49260.650   112.588     1.11    2.41
 -48884.335   112.878     0.77    2.14
 -48508.024   112.696    -0.48    2.09
 -48131.718   112.777     0.22    2.44
 -47755.416   112.874     0.26    2.18
 -47379.118   113.229     0.94    2.65
 -47002.824   112.947    -0.75    3.22
 -46626.535   112.533    -1.10    3.21
 -46250.251   111.742    -2.10    3.06
 -45873.970   111.338    -1.07    2.33
 -45497.695   112.588     3.32    3.08
 -45121.423   114.178     4.23    3.59
 -44745.156   115.777     4.25    3.49
 -44368.893   117.204     3.79    3.08
 -43992.635   118.486     3.41    2.35
 -43616.380   118.564     0.21    2.23
 -43240.131   118.372    -0.51    2.77
 -42863.885   117.238    -3.01    2.76
 -42487.644   116.851    -1.03    3.11
 -42111.408   116.994     0.38    2.62
 -41735.175   116.561    -1.15    2.84
 -41358.947   116.618     0.15    2.67
 -40982.724   117.050     1.15    2.14
 -40606.504   116.825    -0.60    2.09
 -40230.289   117.264     1.17    2.25
 -39854.079   117.141    -0.33    2.16
 -39477.872   116.949    -0.51    2.13
 -39101.671   116.351    -1.59    2.22
 -38725.473   115.738    -1.63    1.92
 -38349.280   114.994    -1.98    1.79
 -37973.091   113.999    -2.65    2.89
 -37596.906   112.460    -4.09    3.21
 -37220.726   110.870    -4.23    3.28
 -36844.550   109.399    -3.91    2.37
 -36468.378   108.638    -2.02    2.02
 -36092.211   108.075    -1.50    1.80
 -35716.048   108.237     0.43    2.12
 -35339.889   109.115     2.33    3.14
 -34963.735   110.441     3.53    3.16
 -34587.585   110.896     1.21    2.66
 -34211.439   110.665    -0.61    2.33
 -33835.298   110.102    -1.50    2.26
 -33459.161   109.507    -1.58    1.83
 -33083.028   109.227    -0.74    1.73
 -32706.899   109.115    -0.30    1.78
 -32330.775   109.076    -0.10    1.86
 -31954.655   108.669    -1.08    1.75
 -31578.540   107.537    -3.01    2.43
 -31202.428   105.457    -5.53    3.81
 -30826.321   100.178   -14.04    8.00
 -30450.219    92.615   -20.11   10.25
 -30074.120    84.640   -21.20   10.99
 -29698.026    76.426   -21.84    8.34
 -29321.936    70.062   -16.92    6.25
 -28945.851    61.768   -22.05   10.19
 -28569.770    54.217   -20.08   11.21
 -28193.693    50.101   -10.94    9.54
 -27817.620    49.563    -1.43    9.84
 -27441.551    54.480    13.08    9.94
 -27065.487    59.804    14.16    5.56
 -26689.427    61.838     5.41    5.29
 -26313.372    64.793     7.86    4.70
 -25937.321    67.296     6.65    4.41
 -25561.274    69.940     7.03    3.48
 -25185.231    72.213     6.05    2.84
 -24809.192    73.667     3.87    2.65
 -24433.158    74.434     2.04    2.53
 -24057.128    73.957    -1.27    2.84
 -23681.102    72.665    -3.43    3.83
 -23305.081    70.534    -5.67    4.15
 -22929.064    67.351    -8.46    4.77
 -22553.051    62.870   -11.92    7.31
 -22177.042    56.727   -16.34    8.61
 -21801.038    54.127    -6.92    9.43
 -21425.037    51.563    -6.82   10.55
 -21049.041    48.859    -7.19   11.28
 -20673.050    46.831    -5.39   11.91
 -20297.062    43.255    -9.51   11.54
 -19921.079    36.973   -16.71    9.52
 -19545.100    34.393    -6.86    6.48
 -19169.125    33.048    -3.58    4.97
 -18793.155    36.188     8.35    8.15
 -18417.189    41.799    14.92    9.63
 -18041.227    49.793    21.26   10.39
 -17665.269    59.845    26.74    9.39
 -17289.315    67.178    19.51    9.66
 -16913.366    72.291    13.60    7.63
 -16537.421    74.720     6.46    6.40
 -16161.480    74.665    -0.15    7.20
 -15785.543    73.967    -1.86    6.94
 -15409.611    72.793    -3.12    7.01
 -15033.683    71.509    -3.42    6.58
 -14657.758    68.048    -9.21    9.78
 -14281.839    57.750   -27.39   15.58
 -13905.923    45.033   -33.83   16.16
 -13530.012    32.281   -33.92   13.78
 -13154.105    24.466   -20.79    7.20
 -12778.202    22.694    -4.72    4.67
 -12402.303    25.563     7.63    7.43
 -12026.408    29.772    11.20    9.02
 -11650.518    34.281    11.99    9.24
 -11274.632    41.665    19.65   10.80
 -10898.750    45.024     8.94   10.51
 -10522.872    49.399    11.64   10.17
 -10146.999    53.088     9.82    8.05
  -9771.129    54.614     4.06    5.46
  -9395.264    52.727    -5.02    5.85
  -9019.403    48.614   -10.94    6.74
  -8643.546    42.994   -14.95    7.01
  -8267.694    38.886   -10.93    7.07
  -7891.845    35.588    -8.77    6.44
  -7516.001    36.644     2.81    7.10
  -7140.161    41.088    11.83    9.17
  -6764.325    44.281     8.49    9.86
  -6388.493    47.746     9.22    8.10
  -6012.666    50.152     6.40    6.48
  -5636.843    48.075    -5.53    8.11
  -5261.023    41.434   -17.67   13.52
  -4885.208    32.667   -23.33   15.88
  -4509.397    22.742   -26.41   14.46
  -4133.591    14.237   -22.63    9.72
  -3757.788     9.220   -13.35    7.75
  -3381.990     5.638    -9.53    4.90
  -3006.196     4.199    -3.83    3.75
  -2630.406     4.357     0.42    3.34
  -2254.620     5.777     3.78    5.32
  -1878.838    10.994    13.88   12.32
  -1503.060    14.426     9.13   15.70
  -1127.287    13.588    -2.23   17.39
   -751.518     9.513   -10.84   17.44
   -375.753     1.229   -22.05    9.76
      0.008    -2.250    -9.26    0.83
    375.765    -2.412    -0.43    0.00
    751.518    -2.175     0.63    1.46
   1127.267     0.460     7.01    4.85
   1503.011     3.009     6.78    5.94
   1878.751     5.563     6.80    5.54
   2254.487    10.561    13.30    6.53
   2630.219    13.957     9.04    7.45
   3005.947    17.288     8.87    7.01
   3381.671    20.531     8.63    5.58
   3757.391    22.957     6.46    4.74
   4133.106    24.940     5.28    4.06
   4508.818    26.453     4.03    3.39
   4884.525    26.940     1.29    3.59
   5260.228    27.172     0.62    4.37
   5635.927    24.913    -6.01    5.30
   6011.622    22.537    -6.33    5.92
   6387.313    22.615     0.21    5.52
   6762.999    24.127     4.02    6.95
   7138.682    25.536     3.75    7.49
   7514.361    28.667     8.34    8.60
   7890.705    30.772     5.59    8.69
   8267.196    30.255    -1.37    8.28
   8643.683    31.831     4.19    6.99
   9020.166    30.167    -4.42    5.89
   9396.644    29.738    -1.14    5.11
   9773.119    30.017     0.74    5.40
  10149.589    30.318     0.80    6.00
  10526.055    31.507     3.16    5.91
  10902.517    32.831     3.52    6.04
  11278.975    33.426     1.58    5.38
  11655.429    35.227     4.78    6.10
  12031.879    37.113     5.01    7.18
  12408.324    39.691     6.85    8.55
  12784.766    41.129     3.82    8.61
  13161.203    41.665     1.42    7.14
  13537.637    41.588    -0.20    5.87
  13914.066    42.255     1.77    5.22
  14290.491    46.246    10.60    8.12
  14666.912    51.152    13.03   10.30
  15043.329    62.264    29.52   16.88
  15419.742    72.537    27.29   18.82
  15796.151    76.686    11.02   15.74
  16172.555    77.449     2.03   11.94
  16548.956    78.922     3.91   11.27
  16925.353    82.246     8.83   11.74
  17301.745    84.561     6.15    9.71
  17678.133    84.399    -0.43    9.24
  18054.518    79.017   -14.30   11.24
  18430.898    68.768   -27.23    9.89
  18807.274    65.838    -7.78    6.64
  19183.646    66.940     2.93    7.84
  19560.014    73.819    18.28   10.71
  19936.378    83.255    25.07   10.68
  20312.738    93.229    26.50   14.25
  20689.094   104.204    29.16   12.35
  21065.446   111.588    19.62    9.17
  21441.793   114.983     9.02    9.71
  21818.137   114.947    -0.10   11.93
  22194.477   115.188     0.64   12.71
  22570.812   118.345     8.39   12.01
  22947.144   121.588     8.62   10.35
  23323.471   126.246    12.38    7.29
  23699.794   129.318     8.16    6.93
  24076.114   132.345     8.04    7.84
  24452.429   135.033     7.14    6.81
  24828.740   136.383     3.59    5.89
  25205.047   137.663     3.40    5.28
  25581.351   138.696     2.75    4.63
  25957.650   139.281     1.55    5.85
  26333.945   139.449     0.45    7.59
  26710.236   138.024    -3.79    7.99
  27086.523   136.409    -4.29    8.53
  27462.806   132.615   -10.08    8.79
  27839.085   125.957   -17.69   10.18
  28215.360   119.009   -18.46    9.33
  28591.631   111.413   -20.19    9.68
  28967.898   105.588   -15.48    9.12
  29344.161   102.788    -7.44    8.84
  29720.419   100.845    -5.17    8.36
  30096.674   100.642    -0.54    8.77
  30472.925   101.318     1.80    8.92
  30849.172   109.696    22.27   26.13
  31225.415   118.486    23.36   30.96
  31601.653   130.050    30.74   29.98
  31977.888   143.033    34.51   25.94
  32354.119   144.036     2.67   21.33
  32730.346   140.005   -10.71   16.57
  33106.569   136.562    -9.15   16.74
  33482.787   129.263   -19.40   13.98
  33859.002   124.048   -13.86   11.33
  34235.213   120.746    -8.78   11.63
  34611.420   118.825    -5.11   10.21
  34987.622   118.238    -1.56    9.04
  35363.821   121.291     8.11    9.34
  35740.016   124.738     9.16    8.94
  36116.207   129.178    11.80   12.49
  36492.394   134.183    13.30   12.55
  36868.576   135.723     4.10   11.40
  37244.755   132.075    -9.70   11.74
  37620.930   127.178   -13.02    6.97
  37997.101   125.511    -4.43    5.40
  38373.268   123.338    -5.78    5.92
  38749.431   121.325    -5.35    5.16
  39125.590   120.453    -2.32    4.85
  39501.745   121.957     4.00    5.61
  39877.896   123.213     3.34    5.41
  40254.043   125.372     5.74    5.02
  40630.186   125.194    -0.47    4.95
  41006.325   122.088    -8.26    5.34
  41382.460   120.024    -5.49    5.27
  41758.591   117.940    -5.54    5.00
  42134.719   116.613    -3.53    3.44
  42510.842   118.141     4.06    5.60
  42886.961   122.940    12.76    9.70
  43263.077   133.426    27.88   22.86
  43639.188   140.560    18.97   26.48
  44015.296   139.357    -3.20   24.28
  44391.399   130.742   -22.91   12.77
  44767.499   126.560   -11.12    9.99
  45143.594   123.588    -7.90    4.82
  45519.686   123.696     0.29    3.56
  45895.774   123.886     0.50    3.75
  46271.858   126.038     5.72    4.27
  46647.937   127.102     2.83    4.56
  47024.013   127.957     2.27    4.74
  47400.085   128.483     1.40    5.37
  47776.153   128.127    -0.95    5.99
  48152.218   125.886    -5.96    6.33
  48528.278   124.338    -4.11    5.66
  48904.334   122.851    -3.95    4.12
  49280.386   122.755    -0.26    4.19
  49656.435   123.453     1.86    4.98
  50032.479   124.507     2.80    4.34
  50408.520   124.999     1.31    4.28
  50784.557   125.486     1.30    4.31
  51160.589   127.172     4.48    4.79
  51536.618   131.615    11.82    6.66
  51912.643   133.588     5.25    6.45
  52288.664   136.615     8.05    5.26
  52664.681   141.513    13.03   10.12
  53040.695   144.588     8.18   13.56
  53416.704   146.430     4.90   16.77
  53792.709   144.509    -5.11   17.27
  54168.711   138.640   -15.61    9.40
  54544.708   137.183    -3.87    8.72
  54920.702   137.238     0.15    4.75
  55296.692   140.615     8.98    5.26
  55672.678   142.172     4.14    5.68
  56048.660   142.886     1.90    7.06
  56424.638   142.102    -2.08    6.91
  56800.612   140.614    -3.96    5.25
  57176.583   140.845     0.61    5.04
  57552.549   141.131     0.76    4.50
  57928.512   146.102    13.22   10.50
  58304.471   151.453    14.23   12.82
  58680.425   152.777     3.52   11.94
  59056.376   151.713    -2.83   11.91
  59432.323   149.453    -6.01    8.53
  59808.267   148.383    -2.85    6.47
  60184.206   149.220     2.23    6.88
  60560.141   150.563     3.57    7.08
  60936.073   153.507     7.83    6.71
  61312.001   154.263     2.01    6.20
  61687.925   152.272    -5.30    6.02
  62063.845   150.199    -5.51    6.68
  62439.761   148.750    -3.85    5.83
  62815.673   150.940     5.82    7.81
  63191.582   153.999     8.14   10.66
  63567.486   161.768    20.67   19.90
  63943.387   160.703    -2.83   10.68
  64319.284   162.831     5.66   11.14
  64695.177   168.777    15.82   12.55
  65071.066   169.588     2.16   14.40
  65446.951   169.663     0.20   14.96
  65822.833   167.913    -4.66   14.53
  66198.710   166.460    -3.86   12.25
  66574.584   166.009    -1.20   11.62
  66950.454   162.947    -8.15   10.02
  67326.320   161.804    -3.04    7.80
  67702.183   161.163    -1.71    7.61
  68078.041   158.588    -6.85    6.92
  68453.896   156.060    -6.73    6.65
  68829.746   152.345    -9.89    5.20
  69205.593   150.102    -5.97    4.99
  69581.437   149.537    -1.50    4.98
  69957.276   148.127    -3.75    4.53
  70333.111   147.817    -0.82    4.86
  70708.943   146.588    -3.27    6.36
  71084.771   144.129    -6.54    6.76
  71460.595   142.851    -3.40    5.02
  71836.415   141.638    -3.23    4.05
  72212.231   140.886    -2.00    4.48
  72588.044   139.332    -4.13    5.82
  72963.853   135.957    -8.98    5.90
  73339.658   132.665    -8.76    5.51
  73715.459   131.669    -2.65    5.16
  74091.256   130.263    -3.74    4.33
  74467.050   128.983    -3.41    4.32
  74842.840   127.696    -3.42    4.08
  75218.626   125.588    -5.61    3.67
  75594.408   123.672    -5.10    3.45
  75970.186   122.845    -2.20    2.72
  76345.961   122.409    -1.16    2.38
  76721.731   122.033    -1.00    2.34
  77097.498   121.588    -1.18    2.69
  77473.262   120.913    -1.80    3.02
  77849.021   120.483    -1.14    2.85
  78224.777   120.163    -0.85    3.11
  78600.529   119.831    -0.88    3.00
  78976.277   120.486     1.74    3.77
  79352.021   121.562     2.86    4.07
  79727.761   126.229    12.42   10.07
  80103.498   134.723    22.61   23.21
  80479.231   140.888    16.41   27.08
  80854.960   141.878     2.63   25.10
  81230.686   142.642     2.03   23.18
  81606.407   145.102     6.55   21.97
  81982.125   153.188    21.52   26.73
  82357.839   155.229     5.43   25.63
  82733.651   154.691    -1.43   24.03
  83110.111   151.345    -8.89   19.50
  83486.567   145.750   -14.86    9.51
  83863.020   147.129     3.66    9.51
  84239.469   152.220    13.52   10.64
  84615.915   154.513     6.09    8.96
  84992.356   156.210     4.51    8.52
  85368.794   157.614     3.73    7.71
  85745.228   158.088     1.26    6.57
  86121.658   159.434     3.58    5.77
  86498.084   160.507     2.85    5.75
  86874.507   163.388     7.65    8.61
  87250.926   168.430    13.39   10.87
  87627.341   170.533     5.59   10.63
  88003.752   171.615     2.87   11.04
  88380.160   167.338   -11.36   13.57
  88756.564   164.332    -7.99   16.57
  89132.964   155.409   -23.71   18.93
  89509.361   144.033   -30.22   12.18
  89885.753   142.129    -5.06   14.50
  90262.142   148.237    16.23   21.03
  90638.527   156.886    22.98   26.44
  91014.909   166.063    24.38   25.17
  91391.286   164.156    -5.07   21.55
  91767.660   157.127   -18.68   20.11
  92144.031   151.246   -15.62   20.10
  92520.397   150.999    -0.66   18.58
  92896.760   153.913     7.74   22.86
  93273.119   165.640    31.16   35.78
  93649.474   183.509    47.48   46.77
  94025.826   201.505    47.81   51.65
  94402.174   236.615    93.29   71.97
  94778.518   275.033   102.08   68.68
  95154.858   294.409    51.48   58.50
  95531.195   299.409    13.29   42.08
  95907.528   284.922   -38.49   35.10
  96283.857   257.291   -73.42   33.71
  96660.183   246.669   -28.22   27.31
  97036.505   241.183   -14.58   20.97
  97412.823   233.638   -20.05   12.54
  97789.137   230.102    -9.40    9.09
  98165.448   225.838   -11.33    5.52
  98541.755   223.614    -5.91    5.62
  98918.058   224.075     1.23    5.37
  99294.358   226.264     5.82    5.83
  99670.654   227.536     3.38    5.86
 100046.946   226.178    -3.61    6.73
 100423.235   223.088    -8.21    7.98
 100799.520   219.383    -9.85    7.22
 101175.801   217.560    -4.84    6.43
 101552.078   216.430    -3.00    5.60
 101928.352   216.204    -0.60    5.20
 102304.622   217.120     2.43    4.55
 102680.888   219.345     5.91    5.47
 103057.151   221.351     5.33    5.62
 103433.410   224.588     8.60    5.64
 103809.666   229.563    13.22   10.50
 104185.917   232.777     8.54   10.09
 104562.165   235.537     7.33    9.59
 104938.410   237.075     4.09    8.10
 105314.650   238.845     4.70   11.71
 105690.887   236.237    -6.93   11.32
 106067.121   234.742    -3.97   12.71
 106443.350   229.896   -12.88    7.05
 106819.576   226.199    -9.83    8.21
 107195.799   223.127    -8.17    7.92
 107572.017   220.021    -8.26    6.59
 107948.233   218.588    -3.81    6.64
 108324.444   219.716     3.00    7.23
 108700.652   220.870     3.06    5.50
 109076.856   222.878     5.34    5.15
 109453.056   223.967     2.89    4.70
 109829.253   223.318    -1.72    5.88
 110205.446   223.383     0.17    6.67
 110581.636   222.345    -2.76    6.66
 110957.821   221.870    -1.26    7.12
 111334.004   223.204     3.54    7.17
 111710.182   223.351     0.39    7.06
 112086.357   224.641     3.43    7.01
 112462.528   228.434    10.08    7.39
 112838.696   228.742     0.82    6.78
 113214.860   229.156     1.10    6.27
 113591.020   228.127    -2.74    4.83
 113967.177   228.507     1.01    5.87
 114343.330   228.050    -1.22    6.53
 114719.480   231.255     8.52    8.18
 115095.626   232.713     3.88    7.94
 115471.768   235.691     7.92    8.67
 115847.906   240.886    13.81    9.61
 116224.041   244.237     8.91   11.84
 116600.173   249.115    12.97   11.99
 116976.301   253.977    12.93   11.85
 117352.425   258.383    11.71   12.37
 117728.545   259.768     3.68   11.18
 118104.662   258.115    -4.40   10.93
 118480.776   253.825   -11.40   10.20
 118856.885   248.050   -15.35    9.86
 119232.992   250.742     7.16   15.66
 119609.094   257.399    17.70   21.61
 119985.193   265.640    21.91   24.07
 120361.288   273.264    20.27   25.84
 120737.380   272.922    -0.91   23.21
 121113.468   270.665    -6.00   20.78
 121489.553   266.401   -11.34   15.78
 121865.634   267.793     3.70   14.62
 122241.711   270.967     8.44   15.22
 122617.785   272.480     4.02   13.97
 122993.855   270.430    -5.45   11.42
 123369.922   264.422   -15.98    6.49
 123745.985   260.870    -9.44    6.61
 124122.044   257.665    -8.52    6.96
 124498.100   255.588    -5.52    6.19
 124874.152   260.281    12.48   15.71
 125250.201   274.563    37.98   28.41
 125626.246   295.050    54.48   32.95
 126002.288   309.210    37.65   24.73
 126378.326   306.332    -7.65   24.69
 126754.360   300.859   -14.55   24.79
 127130.391   302.229     3.65   24.58
 127506.418   310.640    22.37   25.96
 127882.442   324.463    36.76   20.09
 128258.462   331.024    17.45   13.10
 128634.479   334.194     8.43   16.57
 129010.492   334.588     1.05   17.64
 129386.501   339.372    12.72   19.96
 129762.507   341.088     4.56   19.43
 130138.510   339.641    -3.85   17.02
 130514.509   338.614    -2.73   13.85
 130890.504   333.062   -14.77   13.10
 131266.496   328.178   -12.99   12.42
 131642.484   322.357   -15.48   11.86
 132018.468   311.486   -28.91   18.46
 132394.450   300.291   -29.77   21.18
 132770.427   291.716   -22.81   20.73
 133146.401   283.210   -22.62   19.86
 133522.372   279.050   -11.06   18.24
 133898.339   276.640    -6.41   18.50
 134274.302   269.182   -19.84   12.23
 134650.262   264.691   -11.95    9.88
 135026.218   259.141   -14.76    9.62
 135402.171   255.075   -10.82    8.41
 135778.121   252.048    -8.05    5.03
 136154.066   252.422     0.99    4.68
 136530.009   255.088     7.09    6.57
 136905.947   259.845    12.65    7.68
 137281.883   264.723    12.98    7.76
 137657.814   270.101    14.30    7.43
 138033.743   271.563     3.89    7.17
 138409.667   271.127    -1.16    8.11
 138785.589   270.804    -0.86    9.30
 139161.506   270.486    -0.85    9.87
 139537.420   269.940    -1.45   10.73
 139913.331   269.511    -1.14   11.47
 140289.238   266.325    -8.48   10.95
 140665.142   262.088   -11.27   11.07
 141041.042   259.127    -7.88    8.50
 141416.939   259.325     0.53    7.33
 141792.832   259.777     1.20    6.81
 142168.722   259.947     0.45    5.97
 142544.608   259.672    -0.73    5.93
 142920.491   259.434    -0.63    6.33
 143296.370   258.152    -3.41    6.82
 143672.245   258.886     1.95    6.84
 144048.118   258.075    -2.16    4.83
 144423.986   257.332    -1.98    4.16
 144799.852   259.870     6.75    5.67
 145175.714   260.156     0.76    6.79
 145551.572   260.101    -0.15    7.76
 145927.427   258.967    -3.02    5.93
 146303.278   258.152    -2.17    6.24
 146679.126   257.062    -2.90    5.45
 147054.970   256.463    -1.59    4.10
 147430.811   253.922    -6.76    5.01
 147806.649   252.694    -3.27    5.06
 148182.483   252.075    -1.65    4.64
 148558.313   252.101     0.07    4.21
 148934.140   253.033     2.48    3.76
 149309.964   253.973     2.50    3.82
 149685.784   255.178     3.21    3.18
 150061.601   255.237     0.16    2.96
 150437.414   254.357    -2.34    2.82
 150813.224   254.204    -0.41    2.92
 151189.030   254.024    -0.48    3.13
 151564.833   255.075     2.80    3.44
 151940.633   255.563     1.30    2.75
 152316.429   256.831     3.38    2.83
 152692.221   258.409     4.20    2.73
 153068.010   258.457     0.13    2.91
 153443.796   258.713     0.68    2.71
 153819.578   259.716     2.67    3.45
 154195.357   261.246     4.07    4.99
 154571.132   263.507     6.02    5.79
 154946.904   264.691     3.15    5.70
 155322.673   266.394     4.53    5.15
 155698.438   266.922     1.40    5.16
 156074.199   267.973     2.80    5.66
 156449.958   268.372     1.06    6.11
 156825.712   269.947     4.19    8.30
 157201.464   271.691     4.64   15.92
 157577.212   270.204    -3.96   16.13
 157953.268   268.264    -5.16   16.94
 158329.694   263.024   -13.92    6.86
 158706.116   262.507    -1.37    6.77
 159082.535   261.430    -2.86    5.59
 159458.950   261.588     0.42    5.57
 159835.362   262.682     2.91    7.39
 160211.770   262.024    -1.75    7.70
 160588.176   260.404    -4.30    8.55
 160964.577   258.399    -5.33    8.49
 161340.975   254.050   -11.55    5.30
 161717.370   251.727    -6.17    2.83
 162093.762   251.178    -1.46    2.95
 162470.150   250.409    -2.04    2.69
 162846.534   251.048     1.70    3.12
 163222.916   251.409     0.96    3.06
 163599.293   251.768     0.95    2.54
 163975.668   251.563    -0.54    2.42
 164352.039   251.696     0.36    2.23
 164728.406   251.281    -1.10    2.26
 165104.771   249.967    -3.49    2.83
 165481.132   248.994    -2.59    2.97
 165857.489   247.480    -4.02    2.26
 166233.843   247.245    -0.63    2.27
 166610.194   247.973     1.94    2.74
 166986.541   249.220     3.31    3.82
 167362.885   249.750     1.41    3.69
 167739.225   250.115     0.97    4.12
 168115.562   249.144    -2.58    1.98
 168491.896   249.088    -0.15    1.78
 168868.226   249.152     0.17    1.17
 169244.553   249.696     1.45    1.41
 169620.877   250.537     2.23    2.78
 169997.197   251.229     1.84    2.85
 170373.514   251.537     0.82    2.72
 170749.827   251.399    -0.37    2.59
 171126.137   251.913     1.37    4.86
 171502.444   253.345     3.80    6.23
 171878.747   253.831     1.29    6.57
 172255.047   253.696    -0.36    6.69
 172631.344   252.274    -3.78    5.76
 173007.637   251.178    -2.91    4.58
 173383.927   250.127    -2.79    3.20
 173760.213   250.560     1.15    3.43
 174136.497   250.746     0.49    3.64
 174512.776   251.949     3.20    5.36
 174889.053   255.641     9.81    7.52
 175265.326   259.363     9.89    8.16
 175641.596   263.264    10.37    5.41
 176017.862   264.430     3.10    3.23
 176394.125   264.167    -0.70    3.85
 176770.385   266.204     5.41    4.93
 177146.641   274.021    20.77   16.35
 177522.894   279.188    13.73   18.80
 177899.144   281.404     5.89   18.22
 178275.390   281.156    -0.66   16.00
 178651.634   276.750   -11.71   12.96
 179027.873   271.616   -13.65    5.18
 179404.110   270.101    -4.03    4.08
 179780.343   268.742    -3.61    3.99
 180156.572   268.060    -1.81    4.02
 180532.799   268.036    -0.07    3.84
 180909.022   268.561     1.40    3.90
 181285.242   269.509     2.52    3.63
 181661.458   271.038     4.06    3.87
 182037.671   272.102     2.83    4.13
 182413.881   273.325     3.25    4.28
 182790.087   274.746     3.78    4.84
 183166.291   277.409     7.08    6.65
 183542.490   277.940     1.41    6.59
 183918.687   280.113     5.78    7.42
 184294.880   282.404     6.09   11.29
 184671.070   285.616     8.54   12.44
 185047.257   291.642    16.02   14.64
 185423.440   297.533    15.66   16.49
 185799.620   304.178    17.66   18.21
 186175.797   309.563    14.31   19.42
 186551.970   310.755     3.17   20.03
 186928.140   312.509     4.66   18.57
 187304.307   315.237     7.25   23.35
 187680.471   319.183    10.49   26.43
 188056.631   321.013     4.87   25.13
 188432.788   323.237     5.91   22.49
 188808.942   323.101    -0.36   17.72
 189185.092   322.062    -2.76   12.02
 189561.239   324.896     7.53    8.62
 189937.383   326.859     5.22    6.53
 190313.523   326.954     0.25    5.24
 190689.661   326.024    -2.47    5.17
 191065.795   323.810    -5.89    5.13
 191441.925   321.750    -5.48    4.92
 191818.053   319.894    -4.94    4.01
 192194.177   318.720    -3.12    3.68
 192570.298   319.537     2.17    4.51
 192946.416   319.903     0.97    4.36
 193322.530   319.152    -1.99    5.43
 193698.641   317.615    -4.09    6.05
 194074.749   315.156    -6.54    6.26
 194450.854   314.409    -1.99    6.37
 194826.955   314.457     0.13    6.13
 195203.053   314.793     0.90    6.22
 195579.148   315.768     2.59    6.39
 195955.239   314.819    -2.52    6.54
 196331.328   314.777    -0.11    5.86
 196707.413   313.491    -3.42    6.94
 197083.495   313.101    -1.04    6.82
 197459.573   313.866     2.03    7.62
 197835.648   315.588     4.58    7.49
 198211.721   318.723     8.34    5.41
 198587.789   320.299     4.19    4.99
 198963.855   321.332     2.75    4.83
 199339.917   322.467     3.02    4.50
 199715.977   324.306     4.89    4.79
 200092.032   326.299     5.30    5.28
 200468.085   327.394     2.91    4.01
 200844.135   329.768     6.31    4.59
 201220.181   330.750     2.61    5.90
 201596.224   330.563    -0.50    7.23
 201972.264   331.050     1.30   10.29
 202348.300   330.738    -0.83   12.18
 202724.333   328.642    -5.57   13.60
 203100.364   325.101    -9.42   13.20
 203476.390   323.922    -3.14   12.38
 203852.414   323.755    -0.44   14.77
 204228.435   327.372     9.62   17.72
 204604.452   331.021     9.70   16.13
 204980.466   332.994     5.25   11.56
 205356.477   333.665     1.79    9.31
 205732.484   331.824    -4.90    8.49
 206108.489   328.588    -8.60    9.10
 206484.490   325.720    -7.63   10.12
 206860.488   324.533    -3.16   10.56
 207236.483   317.640   -18.33   11.40
 207612.474   312.831   -12.79   10.82
 207988.463   308.024   -12.79    9.98
 208364.448   304.922    -8.25    8.54
 208740.430   306.204     3.41   13.01
 209116.409   310.957    12.64   17.07
 209492.385   313.537     6.86   16.41
 209868.357   314.229     1.84   15.34
 210244.326   308.144   -16.19    9.96
 210620.292   306.426    -4.57   10.39
 210996.255   303.615    -7.48   10.19
 211372.215   301.129    -6.61    6.98
 211748.172   301.768     1.70    5.89
 212124.125   301.617    -0.40    6.30
 212500.075   301.163    -1.21    7.07
 212876.022   302.615     3.86   12.00
 213251.966   302.283    -0.88   12.73
 213627.907   298.434   -10.24   13.30
 214003.844   294.967    -9.22   12.72
 214379.779   290.434   -12.06    6.73
 214755.710   289.819    -1.64    6.31
 215131.638   290.178     0.95    6.89
 215507.563   292.183     5.33    8.24
 215883.484   292.404     0.59    8.64
 216259.403   291.813    -1.57    7.59
 216635.318   289.644    -5.77    5.18
 217011.231   287.426    -5.90    4.54
 217387.140   287.561     0.36    5.04
 217763.046   286.318    -3.31    5.84
 218138.949   285.194    -2.99    5.41
 218514.848   284.760    -1.15    4.77
 218890.745   287.338     6.86    7.17
 219266.638   292.325    13.27   12.90
 219642.528   295.913     9.54   14.22
 220018.415   294.434    -3.93   10.81
 220394.299   292.246    -5.82   10.96
 220770.180   291.870    -1.00   10.26
 221146.058   292.878     2.68    9.41
 221521.932   296.819    10.49   10.91
 221897.804   300.723    10.39    9.08
 222273.672   300.434    -0.77    9.05
 222649.537   299.688    -1.99    8.15
 223025.399   297.783    -5.07    8.48
 223401.258   297.750    -0.09    8.77
 223777.114   297.075    -1.80    9.60
 224152.967   296.777    -0.79   10.29
 224528.816   296.299    -1.27    8.87
 224904.663   298.531     5.94    7.32
 225280.506   301.088     6.80    7.20
 225656.346   302.851     4.69    5.50
 226032.183   302.994     0.38    3.22
 226408.017   302.819    -0.46    5.24
 226783.848   301.615    -3.20    6.15
 227159.676   301.904     0.77    6.98
 227535.501   302.772     2.31    7.55
 227911.322   303.973     3.19    7.40
 228287.141   306.696     7.25    6.63
 228662.956   306.716     0.05    5.58
 229038.768   308.663     5.18    7.93
 229414.577   310.116     3.87    8.42
 229790.383   310.453     0.90    8.62
 230166.186   311.021     1.51    8.56
 230541.986   309.588    -3.81    8.14
 230917.783   308.669    -2.45    5.01
 231293.577   308.366    -0.81    4.14
 231669.368   306.338    -5.40    5.41
 232045.155   305.024    -3.50    4.85
 232420.940   304.480    -1.45    4.59
 232796.721   304.614     0.36    5.95
 233172.979   304.904     0.77    5.55
 233549.370   303.825    -2.87    5.96
 233925.757   302.667    -3.08    6.62
 234302.141   302.742     0.20    6.16
 234678.522   302.264    -1.27    6.11
 235054.900   304.127     4.95    4.18
 235431.274   304.888     2.02    4.16
 235807.646   304.303    -1.56    3.88
 236184.015   304.913     1.62    3.70
 236560.380   306.102     3.16    3.14
 236936.743   304.940    -3.09    4.38
 237313.102   304.075    -2.30    4.78
 237689.459   303.838    -0.63    5.32
 238065.812   303.688    -0.40    5.80
 238442.162   304.152     1.23    5.70
 238818.509   303.291    -2.29    6.30
 239194.854   301.896    -3.71    6.32
 239571.195   302.720     2.19    6.64
 239947.533   303.588     2.31    5.49
 240323.868   304.453     2.30    5.83
 240700.200   303.537    -2.43    4.10
 241076.528   302.560    -2.59    4.14
 241452.854   300.799    -4.68    5.33
 241829.177   301.138     0.90    5.16
 242205.497   300.274    -2.30    5.53
 242581.813   300.716     1.18    6.73
 242958.127   301.237     1.38    7.27
 243334.438   301.237     0.00    7.96
 243710.745   301.345     0.29    8.16
 244087.050   301.255    -0.24    8.28
 244463.351   297.999    -8.65    7.71
 244839.650   295.947    -5.45    7.49
 245215.945   293.746    -5.85    6.72
 245592.237   291.614    -5.67    5.03
 245968.527   292.765     3.06    5.97
