# NaN NaN NaN ;Mean Elev.(m), Avg Gradient(m/km), RMS Gradient(m/km) - SRTM1     
#   29.338  -0.815   7.470 ;Mean Elev.(m), Avg Gradient(m/km), RMS Gradient(m/km) - ASTER GDEM
#   21.000  -0.986   6.862 ;Mean Elev.(m), Avg Gradient(m/km), RMS Gradient(m/km) - GMTED2010 
  6 293.770251   7.622790    30.132    30.118  4 52438.09750883 21.032
  7 293.775955   7.619706    33.914    33.885  4 52473.09750820 32.380
  8 293.781210   7.619477    33.848    33.867  4 52508.09747846 32.838
  9 293.787635   7.618747    32.762    32.762  2 52543.09746195 34.215
 11 293.777693   7.621314    27.761    27.749  4 52613.09747830 23.932
 12 293.781657   7.620285    24.940    25.245  3 52648.09746083 20.906
 13 293.788194   7.618747    24.789    25.580  3 52683.09743544 22.564
 14 293.777402   7.620372    24.230    24.555  3 52718.09749294 20.175
 15 293.768060   7.623700    24.191    24.190  5 52753.09751846 38.443
 16 293.777718   7.620724    29.913    29.921  4 52788.09746399 46.359
 17 293.779755   7.620360    31.089    31.140  4 52823.09753545 25.745
 18 293.782700   7.619554    34.316    34.290  3 52858.09758186 36.124
 19 293.776499   7.621565    33.874    33.825  4 52893.09761408 32.103
 20 293.778220   7.620900    32.390    32.361  4 52928.09756488 47.257
 21 293.785782   7.618684    30.783    30.783  2 52963.09754094 25.377
 22 293.775658   7.621336    26.744    26.695  4 52998.09758080 19.719
 23 293.779073   7.619465    23.588    23.637  4 53033.09753602 25.681
 24 293.782298   7.619169    22.415    22.473  4 53068.09754877 36.557
 25 293.778255   7.619653    23.112    23.112  4 53103.09753791 26.959
 26 293.783563   7.618002    27.653    27.703  3 53138.09755257 36.767
 27 293.778128   7.620078    31.483    31.577  3 53173.09759680 24.325
 28 293.778440   7.619369    34.180    34.169  4 53208.09761205 46.763
 29 293.783558   7.618115    34.035    34.092  3 53243.09757912 31.165
 30 293.779188   7.619107    33.050    32.999  4 53278.09755527 31.786
 31 293.777952   7.620576    29.881    29.847  3 53313.09758603 20.727
 32 293.782865   7.618972    27.144    27.240  3 53348.09755126 23.337
 33 293.780483   7.619381    24.138    24.180  3 53383.09751926 24.785
 34 293.788485   7.618017    25.013    25.458  3 53418.09753020 20.703
 35 293.781472   7.620076    24.692    24.886  3 53453.09753354 21.495
 36 293.771470   7.623226    27.710    27.714  4 53488.09761971 43.293
 37 293.783312   7.617904    29.827    29.905  3 53523.09760806 32.795
 38 293.772513   7.622310    31.909    31.899  4 53558.09763483 37.077
 39 293.788251   7.619475    33.096    33.082  3 53593.09757080 51.094
 40 293.772102   7.623106    32.243    32.245  4 53628.09756325 23.511
 41 293.776636   7.621592    29.169    29.205  4 53663.09758748 20.165
 42 293.781652   7.619412    29.196    29.116  3 53698.09754933 22.307
 43 293.786253   7.617337    26.478    26.595  3 53733.09747136 19.552
 44 293.786393   7.618182    25.983    25.983  2 53768.09745051 19.242
 45 293.785305   7.619299    25.234    25.634  3 53803.09744895 22.787
 46 293.778840   7.620101    25.446    25.450  3 53838.09746429 39.015
 47 293.780782   7.619206    29.191    29.149  3 53873.09751407 48.604
 48 293.774934   7.622172    31.198    31.230  4 53908.09755707 30.034
 49 293.769843   7.623895    33.782    33.782  4 53943.09758284 26.819
 50 293.778734   7.620647    34.671    34.672  4 53978.09753337 50.337
 51 293.780929   7.619810    31.657    31.592  3 54013.09754258 29.945
 52 293.787436   7.618440    29.830    29.725  3 54048.09755078 30.324
 54 293.782127   7.618509    25.721    26.248  3 54118.09747389 20.897
 55 293.779045   7.620592    23.603    23.101  4 54153.09749802 31.251
 57 293.778797   7.620134    26.406    26.411  4 54223.09750772 34.399
 58 293.780260   7.620497    27.138    29.401  3 54258.09753005 22.953
 59 293.781522   7.620471    32.488    32.503  3 54293.09753240 29.577
 60 293.783113   7.619083    33.943    33.937  3 54328.09752725 42.537
 61 293.782088   7.619036    33.327    33.296  4 54363.09747573 49.010
 62 293.782587   7.619017    31.804    31.807  3 54398.09746695 46.900
 63 293.783291   7.619713    26.285    27.764  3 54433.09742510 23.473
 64 293.782496   7.620116    25.920    26.279  3 54468.09744954 20.015
 66 293.782674   7.618491    24.731    24.981  3 54538.09746466 23.369
 67 293.782433   7.620184    24.999    25.940  3 54573.09744259 21.900
 68 293.780530   7.619314    26.403    26.401  4 54608.09745865 28.679
 69 293.780477   7.619575    30.683    30.687  3 54643.09746678 39.111
 70 293.779494   7.620220    33.609    33.559  3 54678.09746875 28.738
 71 293.783938   7.617564    33.696    33.674  3 54713.09742143 47.978
 72 293.779842   7.619483    31.541    31.513  4 54748.09743774 46.058
 73 293.782738   7.618535    30.153    30.159  3 54783.09740785 47.020
 74 293.780791   7.619953    27.695    27.691  3 54818.09743021 21.237
 75 293.782410   7.618548    25.475    25.111  3 54853.09740565 25.229
 76 293.779269   7.620033    24.144    24.145  4 54888.09743471 32.665
 77 293.780122   7.620103    25.985    25.921  3 54923.09740570 21.806
 78 293.778977   7.619814    26.282    26.303  3 54958.09743212 33.245
 79 293.777904   7.620062    27.321    27.368  3 54993.09745469 28.826
 80 293.781436   7.619067    31.737    31.706  3 55028.09744435 51.241
 81 293.781292   7.620062    32.876    32.766  3 55063.09743709 26.959
 82 293.780737   7.620391    31.801    31.772  3 55098.09738377 49.862
 83 293.780447   7.619168    25.489    27.923  3 55133.09738017 22.451
 84 293.783425   7.618392    26.050    25.674  3 55168.09734524 26.550
 85 293.779728   7.620653    23.868    23.819  4 55203.09737339 35.940
 86 293.781124   7.619170    21.692    21.614  3 55238.09735317 27.666
 87 293.780817   7.619717    21.962    21.957  4 55273.09736644 27.125
 88 293.782897   7.617873    26.368    26.393  3 55308.09733593 28.508
 89 293.781905   7.618747    29.262    29.872  3 55343.09733627 24.375
 90 293.781626   7.619992    32.683    32.611  3 55378.09733025 30.674
 91 293.781095   7.619391    34.243    34.218  4 55413.09735465 31.193
 92 293.782212   7.619107    34.322    34.316  4 55448.09734433 43.110
 93 293.783215   7.620402    30.365    30.470  3 55483.09727274 23.439
