-161159.198   121.935     0.00    5.40
-160783.216   125.135     8.51    5.67
-160407.239   127.385     5.98    4.21
-160031.267   127.100    -0.76    3.67
-159655.299   124.750    -6.25    4.53
-159279.336   123.054    -4.51    4.45
-158903.377   122.757    -0.79    4.90
-158527.423   121.378    -3.67    4.90
-158151.474   121.000    -1.01    4.40
-157775.529   120.143    -2.28    4.21
-157399.589   117.725    -6.43    4.51
-157023.653   115.846    -5.00    5.59
-156647.722   112.622    -8.58    5.55
-156271.795   109.231    -9.02    3.92
-155895.873   106.789    -6.49    2.99
-155519.955   106.333    -1.21    2.90
-155144.042   106.564     0.61    3.44
-154768.134   107.872     3.48    4.59
-154392.230   111.105     8.60    3.99
-154016.331   112.333     3.27    3.41
-153640.436   114.550     5.90    3.92
-153264.546   116.833     6.07    4.20
-152888.660   119.216     6.34    4.12
-152512.779   119.447     0.61    4.30
-152136.903   117.054    -6.37    5.69
-151761.030   113.359    -9.83    6.53
-151385.163   108.882   -11.91    4.26
-151009.300   107.625    -3.35    3.32
-150633.442   108.487     2.29    4.56
-150257.588   112.324    10.21    7.25
-149881.739   117.564    13.94    8.47
-149505.894   122.811    13.96    7.33
-149130.053   128.538    15.24    5.69
-148754.218   130.949     6.41    6.51
-148378.386   130.500    -1.19    6.94
-148002.560   128.237    -6.02    7.25
-147626.738   123.795   -11.82    6.86
-147250.920   121.128    -7.10    6.47
-146875.107   116.944   -11.13    5.06
-146499.298   114.162    -7.40    4.51
-146123.494   111.526    -7.01    3.85
-145747.695   109.684    -4.90    3.29
-145371.899   108.615    -2.84    3.21
-144996.109   109.156     1.44    3.56
-144620.323   112.053     7.71    5.13
-144244.541   116.000    10.50    6.91
-143868.764   119.432     9.13    6.81
-143492.992   121.462     5.40    4.88
-143117.224   121.514     0.14    4.38
-142741.460   120.282    -3.28    4.17
-142365.701   117.410    -7.64    3.75
-141989.947   115.205    -5.87    3.65
-141614.196   113.162    -5.44    3.82
-141238.451   110.256    -7.73    4.11
-140862.710   108.816    -3.83    4.00
-140486.973   107.722    -2.91    4.17
-140111.241   106.184    -4.09    4.08
-139735.513   104.108    -5.53    3.65
-139359.790   102.474    -4.35    2.72
-138984.072   100.564    -5.08    2.80
-138608.357    99.406    -3.08    2.79
-138232.648    98.289    -2.97    2.78
-137856.942    96.595    -4.51    2.52
-137481.242    96.324    -0.72    2.30
-137105.545    95.575    -1.99    2.06
-136729.854    95.324    -0.67    1.99
-136354.166    94.875    -1.20    2.24
-135978.483    93.333    -4.10    2.35
-135602.805    92.410    -2.46    2.87
-135227.131    90.649    -4.69    2.65
-134851.461    90.308    -0.91    2.31
-134475.671    89.737    -1.52    2.31
-134099.119    89.556    -0.48    2.62
-133722.571    89.053    -1.34    2.69
-133346.028    87.946    -2.94    2.79
-132969.490    87.538    -1.08    2.81
-132592.956    86.821    -1.91    2.78
-132216.426    86.353    -1.24    3.02
-131839.901    85.270    -2.88    3.81
-131463.380    83.553    -4.56    4.01
-131086.864    82.105    -3.84    3.73
-130710.352    81.200    -2.40    3.36
-130333.845    80.324    -2.33    3.50
-129957.342    78.634    -4.49    3.31
-129580.844    77.205    -3.80    2.92
-129204.350    76.795    -1.09    2.83
-128827.860    76.054    -1.97    2.07
-128451.375    75.684    -0.98    2.22
-128074.895    74.821    -2.29    2.16
-127698.419    74.167    -1.74    2.24
-127321.947    73.256    -2.42    2.21
-126945.480    73.167    -0.24    2.76
-126569.017    72.769    -1.06    2.73
-126192.558    72.462    -0.82    2.51
-125816.104    71.886    -1.53    1.79
-125439.655    71.784    -0.27    1.81
-125063.210    71.622    -0.43    2.19
-124686.769    71.447    -0.46    3.40
-124310.333    72.316     2.31    3.94
-123933.901    72.703     1.03    3.64
-123557.474    72.707     0.01    3.57
-123181.051    72.154    -1.47    3.61
-122804.632    72.000    -0.41    3.44
-122428.218    71.744    -0.68    3.48
-122051.809    71.895     0.40    3.04
-121675.403    72.051     0.42    2.53
-121299.003    72.211     0.42    2.79
-120922.606    74.051     4.89    5.54
-120546.214    75.676     4.32    7.43
-120169.826    78.359     7.13    7.94
-119793.443    81.675     8.81    8.17
-119417.064    84.056     6.33    6.80
-119040.690    86.595     6.75    4.63
-118664.320    86.703     0.29    3.45
-118287.954    85.270    -3.81    3.43
-117911.593    83.676    -4.24    3.72
-117535.236    82.167    -4.01    3.26
-117158.884    80.600    -4.16    3.22
-116782.536    78.615    -5.27    2.80
-116406.192    76.892    -4.58    3.08
-116029.853    75.410    -3.94    2.52
-115653.518    74.158    -3.33    2.66
-115277.188    73.462    -1.85    2.21
-114900.862    73.132    -0.88    2.28
-114524.540    72.718    -1.10    1.90
-114148.223    72.973     0.68    1.95
-113771.910    72.184    -2.10    2.68
-113395.601    71.700    -1.29    2.71
-113019.297    70.944    -2.01    2.81
-112642.997    70.649    -0.79    2.66
-112266.702    70.351    -0.79    2.61
-111890.411    70.027    -0.86    3.10
-111514.124    70.459     1.15    3.35
-111137.842    71.333     2.32    3.43
-110761.564    72.175     2.24    4.43
-110385.290    73.026     2.26    4.14
-110009.021    73.108     0.22    3.57
-109632.756    72.154    -2.54    3.88
-109256.495    70.500    -4.40    3.89
-108880.239    69.564    -2.49    3.98
-108503.987    68.447    -2.97    3.88
-108127.740    69.487     2.76    5.37
-107751.496    70.054     1.51    5.80
-107375.258    68.949    -2.94    5.86
-106999.023    67.525    -3.78    5.19
-106622.793    64.889    -7.01    4.24
-106246.567    64.135    -2.00    4.66
-105870.346    63.432    -1.87    4.66
-105494.129    63.108    -0.86    4.26
-105117.916    63.811     1.87    3.92
-104741.707    64.250     1.17    3.49
-104365.503    63.750    -1.33    3.72
-103989.303    62.590    -3.08    3.76
-103613.108    61.865    -1.93    4.09
-103236.917    60.359    -4.00    3.92
-102860.730    58.946    -3.76    3.12
-102484.548    58.410    -1.42    2.65
-102108.369    57.974    -1.16    1.81
-101732.195    58.103     0.34    1.80
-101356.026    57.947    -0.41    1.69
-100979.861    58.513     1.50    2.15
-100603.700    58.415    -0.26    2.49
-100227.543    58.216    -0.53    2.86
 -99851.391    57.868    -0.92    2.73
 -99475.243    57.500    -0.98    2.40
 -99099.099    57.784     0.75    2.58
 -98722.960    57.541    -0.65    2.39
 -98346.825    58.000     1.22    2.83
 -97970.694    57.769    -0.61    2.52
 -97594.567    58.179     1.09    2.80
 -97218.445    58.417     0.63    2.68
 -96842.327    58.949     1.41    2.92
 -96466.214    59.389     1.17    2.88
 -96090.104    60.205     2.17    2.39
 -95713.999    59.842    -0.97    2.66
 -95337.899    59.718    -0.33    2.29
 -94961.802    59.184    -1.42    2.38
 -94585.710    59.231     0.12    2.80
 -94209.622    58.805    -1.13    2.73
 -93833.539    57.892    -2.43    3.21
 -93457.459    56.821    -2.85    2.94
 -93081.384    55.526    -3.44    2.55
 -92705.313    54.919    -1.62    3.01
 -92329.247    53.974    -2.51    3.33
 -91953.185    52.824    -3.06    3.13
 -91577.127    51.641    -3.14    2.60
 -91201.073    51.410    -0.61    2.56
 -90825.024    50.676    -1.95    2.24
 -90448.978    50.308    -0.98    2.18
 -90072.937    50.444     0.36    2.21
 -89696.901    51.385     2.50    2.67
 -89320.868    52.462     2.86    2.99
 -88944.840    53.351     2.37    2.62
 -88568.816    53.590     0.63    2.52
 -88192.797    54.436     2.25    2.39
 -87816.781    54.308    -0.34    2.24
 -87440.770    54.514     0.55    2.27
 -87064.763    54.077    -1.16    1.98
 -86688.761    53.270    -2.15    1.56
 -86312.762    52.974    -0.79    1.76
 -85936.768    52.342    -1.68    2.06
 -85560.778    51.094    -3.32    2.20
 -85184.792    50.872    -0.59    2.32
 -84808.811    50.538    -0.89    2.51
 -84432.834    48.811    -4.60    3.00
 -84056.861    47.615    -3.18    3.13
 -83680.892    46.972    -1.71    2.51
 -83304.927    48.462     3.96    4.81
 -82928.967    53.897    14.46   13.17
 -82553.011    60.784    18.32   18.00
 -82177.059    69.846    24.11   19.77
 -81801.111    71.487     4.37   17.78
 -81425.168    71.718     0.61   15.25
 -81049.229    68.081    -9.67   15.17
 -80673.294    64.462    -9.63   12.85
 -80297.363    63.405    -2.81   10.16
 -79921.436    62.949    -1.21    9.74
 -79545.514    60.385    -6.82    9.75
 -79169.596    57.375    -8.01    8.54
 -78793.682    57.205    -0.45    7.99
 -78417.772    62.184    13.25   10.15
 -78041.866    67.622    14.47    8.80
 -77665.965    70.103     6.60    5.49
 -77290.068    70.500     1.06    3.53
 -76914.175    70.128    -0.99    2.46
 -76538.286    68.872    -3.34    2.53
 -76162.402    68.105    -2.04    2.33
 -75786.521    67.308    -2.12    1.99
 -75410.645    66.513    -2.11    2.21
 -75034.773    65.821    -1.84    2.00
 -74658.905    65.297    -1.39    1.75
 -74283.042    64.923    -1.00    1.72
 -73907.182    64.135    -2.10    1.65
 -73531.327    63.385    -2.00    1.80
 -73155.476    62.231    -3.07    2.01
 -72779.629    61.500    -1.94    1.85
 -72403.786    60.795    -1.88    1.88
 -72027.948    60.000    -2.11    1.83
 -71652.113    59.676    -0.86    1.55
 -71276.283    58.590    -2.89    1.92
 -70900.457    57.583    -2.68    2.05
 -70524.635    56.385    -3.19    2.36
 -70148.817    55.128    -3.34    2.10
 -69773.004    54.184    -2.51    1.77
 -69397.194    53.211    -2.59    1.82
 -69021.389    52.538    -1.79    1.60
 -68645.588    52.077    -1.23    1.49
 -68269.791    51.270    -2.15    1.84
 -67893.998    50.615    -1.74    1.76
 -67518.209    50.162    -1.21    1.82
 -67142.425    49.538    -1.66    1.76
 -66766.644    48.974    -1.50    2.13
 -66390.868    47.844    -3.01    2.07
 -66015.096    47.103    -1.97    1.89
 -65639.328    46.838    -0.70    1.72
 -65263.564    46.658    -0.48    1.77
 -64887.805    46.590    -0.18    1.80
 -64512.049    46.243    -0.92    1.67
 -64136.298    45.625    -1.65    1.90
 -63760.551    45.026    -1.60    1.91
 -63384.808    44.421    -1.61    1.65
 -63009.069    43.895    -1.40    2.00
 -62633.334    43.385    -1.36    1.74
 -62257.603    43.000    -1.02    1.79
 -61881.876    42.556    -1.18    1.98
 -61506.154    41.974    -1.55    1.97
 -61130.435    41.694    -0.75    1.91
 -60754.721    41.436    -0.69    2.00
 -60379.011    41.103    -0.89    2.02
 -60003.305    41.088    -0.04    1.93
 -59627.603    40.211    -2.34    1.54
 -59251.546    39.973    -0.63    1.44
 -58875.030    39.132    -2.23    1.89
 -58498.519    38.462    -1.78    1.82
 -58122.011    37.919    -1.44    2.09
 -57745.508    36.878    -2.76    2.08
 -57369.009    35.872    -2.67    2.15
 -56992.514    35.289    -1.55    2.08
 -56616.023    35.410     0.32    1.98
 -56239.536    35.282    -0.34    2.21
 -55863.053    34.718    -1.50    2.34
 -55486.575    33.973    -1.98    2.06
 -55110.100    33.590    -1.02    1.96
 -54733.630    33.361    -0.61    2.24
 -54357.163    33.154    -0.55    2.25
 -53980.701    32.550    -1.60    1.99
 -53604.243    31.853    -1.85    1.96
 -53227.789    31.132    -1.92    1.82
 -52851.339    30.568    -1.50    2.18
 -52474.893    30.263    -0.81    2.37
 -52098.452    30.757     1.31    2.33
 -51722.014    30.944     0.50    2.30
 -51345.581    30.725    -0.58    2.18
 -50969.151    30.385    -0.90    2.03
 -50592.726    29.632    -2.00    2.15
 -50216.305    28.590    -2.77    2.02
 -49839.887    27.795    -2.11    1.99
 -49463.474    27.590    -0.54    2.14
 -49087.065    27.351    -0.63    2.02
 -48710.660    27.154    -0.52    2.17
 -48334.260    27.083    -0.19    2.12
 -47957.863    26.921    -0.43    2.06
 -47581.470    26.725    -0.52    1.81
 -47205.081    26.257    -1.24    1.80
 -46828.697    25.897    -0.96    1.79
 -46452.316    25.270    -1.67    2.09
 -46075.940    24.973    -0.79    1.85
 -45699.567    24.784    -0.50    1.69
 -45323.199    24.722    -0.16    1.83
 -44946.835    24.925     0.54    1.64
 -44570.475    25.050     0.33    1.74
 -44194.119    25.316     0.71    1.68
 -43817.766    24.897    -1.11    2.00
 -43441.418    24.846    -0.14    2.01
 -43065.074    24.282    -1.50    1.92
 -42688.735    24.105    -0.47    1.69
 -42312.399    24.231     0.33    1.49
 -41936.067    23.757    -1.26    1.42
 -41559.739    23.658    -0.26    1.15
 -41183.415    23.359    -0.79    1.04
 -40807.095    23.194    -0.44    1.14
 -40430.780    23.462     0.71    1.77
 -40054.468    23.622     0.43    1.89
 -39678.160    23.676     0.14    1.81
 -39301.857    23.595    -0.22    1.66
 -38925.557    23.444    -0.40    1.56
 -38549.262    23.450     0.01    1.66
 -38172.970    23.450     0.00    1.75
 -37796.683    23.000    -1.20    1.85
 -37420.399    22.564    -1.16    1.80
 -37044.120    21.842    -1.92    1.88
 -36667.845    21.128    -1.90    1.70
 -36291.573    20.436    -1.84    1.65
 -35915.306    19.872    -1.50    1.44
 -35539.042    19.622    -0.66    1.32
 -35162.783    19.237    -1.02    1.42
 -34786.528    19.487     0.67    1.64
 -34410.276    19.486    -0.00    1.63
 -34034.029    19.692     0.55    1.84
 -33657.786    20.216     1.39    1.95
 -33281.546    20.054    -0.43    1.84
 -32905.311    20.135     0.22    1.77
 -32529.080    19.694    -1.17    1.75
 -32152.852    19.000    -1.85    1.77
 -31776.629    18.750    -0.66    1.63
 -31400.410    18.865     0.31    1.55
 -31024.194    18.500    -0.97    1.54
 -30647.983    18.737     0.63    1.69
 -30271.776    18.923     0.50    1.97
 -29895.572    18.410    -1.36    1.82
 -29519.373    18.711     0.80    1.86
 -29143.177    18.811     0.27    2.05
 -28766.986    18.410    -1.06    1.89
 -28390.798    17.900    -1.36    2.18
 -28014.615    17.297    -1.60    2.20
 -27638.435    17.000    -0.79    2.56
 -27262.260    17.000     0.00    2.54
 -26886.088    16.541    -1.22    1.77
 -26509.921    17.162     1.65    1.94
 -26133.757    17.556     1.05    1.87
 -25757.597    17.225    -0.88    2.19
 -25381.442    16.725    -1.33    2.50
 -25005.290    15.649    -2.86    2.23
 -24629.142    15.100    -1.46    1.74
 -24252.998    14.605    -1.32    1.31
 -23876.859    14.289    -0.84    1.18
 -23500.723    14.026    -0.70    1.33
 -23124.591    13.632    -1.05    1.40
 -22748.463    13.053    -1.54    1.37
 -22372.339    12.667    -1.03    1.61
 -21996.219    12.250    -1.11    2.03
 -21620.102    11.514    -1.96    2.02
 -21243.990    11.150    -0.97    1.99
 -20867.882    10.615    -1.42    1.83
 -20491.778    10.889     0.73    1.72
 -20115.677    11.351     1.23    1.86
 -19739.581    11.583     0.62    1.66
 -19363.488    11.795     0.56    1.67
 -18987.400    11.150    -1.71    2.01
 -18611.315    10.838    -0.83    2.20
 -18235.234    10.300    -1.43    2.30
 -17859.158    10.486     0.50    2.72
 -17483.085    11.289     2.14    2.87
 -17107.016    12.103     2.16    2.53
 -16730.951    12.895     2.11    1.93
 -16354.890    13.263     0.98    1.66
 -15978.832    12.947    -0.84    1.58
 -15602.779    12.625    -0.86    1.61
 -15226.730    12.270    -0.94    1.92
 -14850.684    12.075    -0.52    1.80
 -14474.643    12.256     0.48    1.71
 -14098.605    12.278     0.06    1.92
 -13722.571    12.189    -0.24    2.27
 -13346.542    12.083    -0.28    2.38
 -12970.516    11.641    -1.18    3.18
 -12594.494    11.000    -1.70    3.00
 -12218.476    11.108     0.29    2.92
 -11842.461    11.475     0.98    2.65
 -11466.451    12.162     1.83    2.18
 -11090.445    12.158    -0.01    1.69
 -10714.442    12.128    -0.08    1.96
 -10338.444    12.579     1.20    1.80
  -9962.449    12.868     0.77    1.56
  -9586.458    12.789    -0.21    1.79
  -9210.471    12.875     0.23    1.67
  -8834.488    12.568    -0.82    1.72
  -8458.509    12.950     1.02    1.75
  -8082.534    13.436     1.29    1.85
  -7706.562    14.081     1.72    2.03
  -7330.595    14.622     1.44    2.22
  -6954.631    13.278    -3.57    4.61
  -6578.671    11.821    -3.88    5.03
  -6202.715    11.325    -1.32    4.51
  -5826.763    11.649     0.86    4.63
  -5450.815    12.231     1.55    3.70
  -5074.871    12.278     0.13    3.33
  -4698.930    11.744    -1.42    3.31
  -4322.993    11.590    -0.41    2.97
  -3947.061    12.105     1.37    2.80
  -3571.132    12.474     0.98    2.57
  -3195.207    11.737    -1.96    4.11
  -2819.286     9.200    -6.75    6.05
  -2443.368     6.649    -6.79    6.82
  -2067.455     3.950    -7.18    6.23
  -1691.545     1.333    -6.96    4.04
  -1315.639     0.216    -2.97    1.32
   -939.738     0.703     1.29    2.41
   -563.839     0.722     0.05    2.44
   -187.945     1.000     0.74    3.02
    187.945     0.475    -1.40    2.12
    563.832     0.000    -1.26    0.00
    939.714     0.000     0.00    0.00
   1315.593     0.000     0.00    0.00
   1691.468     0.000     0.00    0.00
   2067.340     0.000     0.00    0.00
   2443.207     0.000     0.00    0.00
   2819.071     0.105     0.28    0.31
   3194.930     1.026     2.45    3.21
   3570.786     2.625     4.25    5.65
   3946.638     3.432     2.15    6.06
   4322.487     5.725     6.10    8.32
   4698.331     7.538     4.83    8.96
   5074.172     7.784     0.65    8.93
   5450.009    10.351     6.83   10.58
   5825.842    10.000    -0.93   10.40
   6201.671     7.410    -6.89    9.17
   6577.496     6.525    -2.36    7.91
   6953.318     5.784    -1.97    8.29
   7329.135     7.641     4.94    9.38
   7704.949    10.667     8.05   10.23
   8080.760    12.974     6.14    9.94
   8456.566    15.538     6.82    8.05
   8832.368    17.579     5.43    7.04
   9208.167    22.368    12.74   12.94
   9583.962    26.590    11.23   18.84
   9959.753    27.150     1.49   18.66
  10335.541    23.432    -9.89   16.84
  10711.324    18.718   -12.55    8.49
  11087.104    15.921    -7.44    2.32
  11462.880    16.405     1.29    3.22
  11838.652    18.622     5.90    4.47
  12214.421    21.389     7.36    6.02
  12590.186    27.667    16.71   14.26
  12965.946    34.950    19.38   21.85
  13341.704    44.432    25.24   32.77
  13717.457    64.077    52.28   50.50
  14093.206    81.917    47.48   61.70
  14468.952    93.000    29.50   60.77
  14844.694    92.385    -1.64   59.26
  15220.433    83.026   -24.91   50.90
  15596.167    79.789    -8.61   43.75
  15972.450    74.744   -13.41   45.51
  16348.925    89.625    39.53   48.27
  16725.397    82.730   -18.32   50.42
  17101.865    75.897   -18.15   51.99
  17478.329    58.263   -46.84   45.88
  17854.789    31.472   -71.17   22.61
  18231.245    24.757   -17.84   11.90
  18607.698    20.917   -10.20    3.53
  18984.147    19.641    -3.39    3.11
  19360.592    19.154    -1.29    3.01
  19737.033    18.595    -1.49    2.67
  20113.471    17.974    -1.65    2.70
  20489.904    17.972    -0.01    2.58
  20866.335    18.000     0.07    2.36
  21242.761    17.231    -2.04    2.92
  21619.183    16.974    -0.68    2.95
  21995.602    16.211    -2.03    2.91
  22372.017    15.921    -0.77    3.01
  22748.429    15.875    -0.12    3.08
  23124.836    14.892    -2.61    3.28
  23501.240    14.244    -1.72    2.88
  23877.640    13.692    -1.47    2.45
  24254.036    13.135    -1.48    2.00
  24630.429    13.243     0.29    1.67
  25006.818    13.459     0.57    1.63
  25383.203    13.077    -1.02    1.36
  25759.584    13.179     0.27    1.02
  26135.962    13.111    -0.18    1.01
  26512.336    13.308     0.52    1.47
  26888.706    13.892     1.55    2.32
  27265.073    14.622     1.94    2.61
  27641.435    15.375     2.00    2.70
  28017.794    15.946     1.52    2.34
  28394.150    15.590    -0.95    2.53
  28770.501    14.868    -1.92    2.42
  29146.849    13.900    -2.57    1.86
  29523.193    13.622    -0.74    1.92
  29899.534    13.268    -0.94    1.80
  30275.870    13.103    -0.44    1.37
  30652.203    12.944    -0.42    1.37
  31028.533    13.378     1.15    1.72
  31404.858    13.757     1.01    1.98
  31781.180    14.359     1.60    2.13
  32157.498    14.795     1.16    2.05
  32533.813    15.086     0.77    1.95
  32910.124    15.282     0.52    1.90
  33286.431    15.553     0.72    1.75
  33662.734    16.000     1.19    1.68
  34039.034    16.436     1.16    2.02
  34415.330    16.947     1.36    2.73
  34791.622    17.487     1.43    3.54
  35167.911    18.895     3.74    3.94
  35544.196    20.725     4.86    4.69
  35920.477    21.622     2.38    3.95
  36296.755    21.756     0.36    3.85
  36673.028    21.385    -0.99    3.78
  37049.299    20.861    -1.39    3.47
  37425.565    20.757    -0.28    3.27
  37801.828    23.189     6.46    6.33
  38178.087    25.158     5.23    6.90
  38554.343    28.128     7.89    9.53
  38930.595    28.364     0.63   10.30
  39306.843    25.744    -6.96   10.13
  39683.087    23.579    -5.75    5.75
  40059.328    23.432    -0.39    5.84
  40435.565    26.077     7.03    6.17
  40811.799    28.486     6.40    4.99
  41188.029    28.231    -0.68    5.00
  41564.255    26.692    -4.09    5.69
  41940.478    26.050    -1.71    5.09
  42316.696    25.649    -1.07    4.69
  42692.912    26.359     1.89    3.85
  43069.123    26.974     1.64    3.05
  43445.331    27.222     0.66    3.25
  43821.536    27.054    -0.45    3.19
  44197.736    27.541     1.29    3.01
  44573.933    27.263    -0.74    3.26
  44950.127    26.718    -1.45    3.81
  45326.316    26.781     0.17    4.46
  45702.502    26.316    -1.24    3.90
  46078.685    25.974    -0.91    3.50
  46454.864    25.595    -1.01    2.98
  46831.039    25.410    -0.49    1.98
  47207.210    25.541     0.35    1.91
  47583.378    25.821     0.74    1.60
  47959.543    26.282     1.23    1.76
  48335.703    26.692     1.09    1.92
  48711.860    26.711     0.05    1.99
  49088.014    27.077     0.97    2.07
  49464.164    27.513     1.16    2.39
  49840.310    28.000     1.30    2.37
  50216.452    29.270     3.38    2.58
  50592.591    29.789     1.38    2.82
  50968.727    30.946     3.07    2.95
  51344.859    33.872     7.78    6.98
  51720.987    43.500    25.60   28.32
  52097.111    54.179    28.39   38.08
  52473.232    61.154    18.54   42.51
  52849.349    69.611    22.49   49.56
  53225.463    62.410   -19.15   48.69
  53601.573    50.649   -31.27   40.48
  53977.680    38.051   -33.49   13.22
  54353.783    36.590    -3.89    6.51
  54729.882    36.763     0.46    6.75
  55105.978    35.579    -3.15    5.89
  55482.070    34.692    -2.36    4.74
  55858.159    33.718    -2.59    5.19
  56234.243    33.083    -1.69    4.82
  56610.325    32.892    -0.51    4.86
  56986.403    31.158    -4.61    4.92
  57362.477    29.865    -3.44    4.96
  57738.548    29.103    -2.03    4.24
  58114.615    28.750    -0.94    3.84
  58490.678    29.154     1.07    3.54
  58866.738    29.769     1.64    3.84
  59242.794    28.889    -2.34    3.81
  59618.847    28.308    -1.55    4.47
  59994.896    28.135    -0.46    3.98
  60370.942    28.590     1.21    3.61
  60746.984    28.667     0.20    3.77
  61123.022    30.000     3.55    3.64
  61499.057    30.263     0.70    3.94
  61875.089    31.000     1.96    4.21
  62251.117    30.821    -0.48    4.45
  62627.141    30.278    -1.44    4.68
  63003.162    30.622     0.91    4.82
  63379.179    31.105     1.29    3.23
  63755.192    31.541     1.16    3.12
  64131.202    31.615     0.20    3.17
  64507.209    31.485    -0.35    3.51
  64883.212    30.590    -2.38    3.80
  65259.211    30.385    -0.55    3.52
  65635.207    30.639     0.68    3.42
  66011.199    30.872     0.62    3.09
  66387.188    31.432     1.49    2.56
  66763.173    31.974     1.44    2.58
  67139.155    32.333     0.95    2.58
  67515.133    32.289    -0.12    2.29
  67891.108    32.816     1.40    2.05
  68267.079    33.897     2.88    2.43
  68643.047    34.923     2.73    2.51
  69019.011    35.944     2.72    2.29
  69394.971    36.703     2.02    2.22
  69770.928    37.684     2.61    2.37
  70146.882    38.784     2.92    2.74
  70522.832    40.395     4.28    3.52
  70898.778    42.235     4.90    4.40
  71274.721    44.744     6.67    7.71
  71650.661    49.385    12.34   19.44
  72026.596    52.639     8.66   20.85
  72402.529    51.436    -3.20   20.69
  72778.458    47.162   -11.37   17.01
  73154.383    45.385    -4.73   13.70
  73530.305    42.128    -8.66    3.75
  73906.223    42.282     0.41    2.93
  74282.138    42.289     0.02    2.82
  74658.050    41.692    -1.59    3.15
  75033.958    41.275    -1.11    3.30
  75409.862    40.917    -0.95    3.62
  75785.763    39.405    -4.02    3.31
  76161.660    38.816    -1.57    3.86
  76537.554    40.919     5.59    8.21
  76913.445    41.676     2.01    7.99
  77289.332    42.794     2.98    8.03
  77665.215    42.923     0.34    3.70
  78041.095    44.590     4.43    4.71
  78416.971    45.750     3.09    3.85
  78792.844    46.051     0.80    3.27
  79168.714    46.081     0.08    3.29
  79544.580    46.538     1.22    3.58
  79920.443    46.263    -0.73    4.29
  80296.302    45.410    -2.27    5.34
  80672.157    44.289    -2.98    5.09
  81048.010    42.795    -3.98    3.99
  81423.858    48.600    15.45   16.39
  81799.703    58.333    25.90   32.40
  82175.545    81.108    60.60   54.56
  82551.384   115.973    92.76   63.00
  82927.218   128.919    34.45   64.06
  83303.050   146.405    46.53   67.62
  83678.878   166.706    54.01   72.13
  84054.702   176.600    26.33   84.20
  84430.523   192.769    43.02   89.81
  84806.341   198.167    14.36   97.65
  85182.155   197.051    -2.97  108.18
  85557.966   197.459     1.09  116.82
  85933.773   195.769    -4.50  126.89
  86309.577   194.395    -3.66  133.80
  86685.377   189.641   -12.65  133.41
  87061.174   169.108   -54.64  125.07
  87436.967   158.538   -28.13  130.03
  87812.757   143.950   -38.82  125.68
  88188.544   103.917  -106.53   88.11
  88564.327    87.973   -42.43   72.02
  88940.107    77.568   -27.69   60.89
  89315.883    60.189   -46.25   27.12
  89691.656    56.919    -8.70   18.71
  90067.425    55.457    -3.89   13.34
  90443.191    52.275    -8.47    4.65
  90818.982    52.579     0.81    5.02
  91195.433    52.722     0.38    5.60
  91571.880    55.154     6.46   12.25
  91948.324    59.784    12.30   21.26
  92324.764    58.154    -4.33   18.08
  92701.201    59.737     4.21   20.54
  93077.634    66.205    17.18   23.02
  93454.064    74.216    21.28   27.46
  93830.490    83.231    23.95   30.30
  94206.914    89.400    16.39   31.47
  94583.333    86.806    -6.89   32.78
  94959.750    88.486     4.47   33.30
  95336.162    86.973    -4.02   33.34
  95712.572    81.459   -14.65   27.02
  96088.978    78.595    -7.61   21.34
  96465.381    79.457     2.29   22.72
  96841.780    82.425     7.88   25.32
  97218.176    84.872     6.50   25.38
  97594.568    85.676     2.14   25.17
  97970.957    87.769     5.56   25.46
  98347.343    89.676     5.07   24.70
  98723.725    91.154     3.93   27.08
  99100.104    90.632    -1.39   27.62
  99476.479    87.154    -9.24   26.79
  99852.851    80.405   -17.93   19.56
 100229.220    80.795     1.03   15.73
 100605.585    87.122    16.81   16.99
 100981.947   100.056    34.36   24.13
 101358.305   111.769    31.12   26.35
 101734.660   128.368    44.10   24.19
 102111.012   132.919    12.09   22.60
 102487.360   124.730   -21.76   34.93
 102863.705   103.429   -56.60   39.87
 103240.047    86.231   -45.70   31.03
 103616.385    74.225   -31.90   19.53
 103992.720    66.892   -19.49   14.26
 104369.051    69.718     7.51   24.98
 104745.379    74.278    12.12   32.97
 105121.704    80.842    17.44   37.80
 105498.025    78.077    -7.35   37.45
 105874.343    71.553   -17.34   34.50
 106250.658    59.553   -31.89   19.90
 106626.969    51.538   -21.30    3.80
 107003.277    50.775    -2.03    2.89
 107379.582    50.811     0.10    3.02
 107755.883    51.325     1.37    3.25
 108132.181    51.184    -0.37    4.46
 108508.475    51.784     1.59    5.63
 108884.766    53.622     4.88    7.11
 109261.054    55.917     6.10    8.09
 109637.338    58.385     6.56    8.31
 110013.620    64.700    16.78   14.22
 110389.897    68.811    10.92   14.23
 110766.172    68.769    -0.11   13.41
 111142.443    65.556    -8.54    8.58
 111518.710    64.474    -2.88    8.43
 111894.975    62.590    -5.01    3.26
 112271.236    62.737     0.39    3.29
 112647.494    62.026    -1.89    3.94
 113023.748    59.921    -5.60    5.41
 113399.999    57.800    -5.64    4.92
 113776.247    55.811    -5.29    4.38
 114152.491    55.200    -1.62    4.93
 114528.732    53.256    -5.17    4.55
 114904.970    52.583    -1.79    4.87
 115281.205    51.865    -1.91    3.93
 115657.436    52.083     0.58    3.96
 116033.663    53.359     3.39    3.62
 116409.888    54.550     3.17    4.33
 116786.109    55.861     3.48    4.49
 117162.327    57.775     5.09    5.56
 117538.542    59.270     3.97    5.53
 117914.753    60.838     4.17    5.37
 118290.961    63.342     6.66    7.82
 118667.165    69.526    16.44   21.40
 119043.367    83.263    36.51   36.79
 119419.565    87.921    12.38   36.86
 119795.759    89.300     3.67   35.06
 120171.951    86.676    -6.98   31.73
 120548.139    78.675   -21.27    8.33
 120924.324    87.308    22.95   34.06
 121300.505   113.889    70.66   74.30
 121676.684   142.784    76.81  102.06
 122052.859   154.459    31.04  105.70
 122429.030   168.947    38.51  105.45
 122805.199   170.000     2.80   85.24
 123181.364   175.486    14.58   67.44
 123557.526   243.875   181.80  109.78
 123933.684   323.632   212.02  148.99
 124309.840   428.405   278.53  179.69
 124685.992   535.553   284.84  157.21
 125062.140   592.436   151.22  101.14
 125438.286   630.128   100.20   46.66
 125814.428   623.947   -16.43   39.89
 126190.567   618.950   -13.29   33.60
 126566.703   632.500    36.02   28.66
 126942.835   643.150    28.31   35.50
 127318.964   662.179    50.59   35.40
 127695.090   672.543    27.55   30.55
 128071.213   674.081     4.09   26.72
 128447.332   674.405     0.86   30.29
 128823.448   659.784   -38.87   37.21
 129199.561   637.077   -60.37   51.58
 129575.671   610.730   -70.05   57.08
 129951.777   570.550  -106.83   52.42
 130327.880   560.000   -28.05   49.58
 130703.980   551.784   -21.85   50.39
 131080.077   555.641    10.26   52.10
 131456.170   571.923    43.29   60.63
 131832.260   573.395     3.91   61.07
 132208.347   575.378     5.27   56.99
 132584.431   577.231     4.93   49.61
 132960.511   581.108    10.31   46.80
 133336.588   593.575    33.15   46.44
 133712.662   616.225    60.23   39.40
 134088.733   634.686    49.09   26.93
 134464.800   639.459    12.69   22.50
 134840.865   640.676     3.23   24.59
 135216.926   639.162    -4.02   24.25
 135592.983   635.868    -8.76   22.08
 135969.038   634.083    -4.75   18.56
 136345.089   621.750   -32.80   27.65
 136721.138   607.846   -36.97   30.38
 137097.182   584.784   -61.33   40.25
 137473.224   572.769   -31.95   38.31
 137849.263   572.692    -0.20   41.50
 138225.298   569.632    -8.14   43.94
 138601.330   576.405    18.01   41.89
 138977.359   554.410   -58.49   57.93
 139353.385   523.432   -82.38   52.89
 139729.407   503.436   -53.18   47.37
 140105.426   496.200   -19.24   49.32
 140481.442   490.886   -14.13   52.12
 140857.455   485.081   -15.44   42.55
 141233.465   494.081    23.93   37.02
 141609.471   500.324    16.60   32.85
 141985.475   504.921    12.22   35.05
 142361.475   520.278    40.84   39.49
 142737.472   536.854    44.08   38.34
 143113.465   547.897    29.37   28.11
 143489.456   535.676   -32.50   34.90
 143865.443   499.154   -97.13   50.25
 144241.427   487.711   -30.43   54.88
 144617.408   494.395    17.78   60.00
 144993.386   475.167   -51.14   70.68
 145369.361   469.897   -14.01   74.18
 145745.332   431.919  -101.01   68.73
 146121.300   405.436   -70.44   57.44
 146497.265   387.525   -47.64   57.16
 146873.227   355.629   -84.84   31.71
 147249.186   342.514   -34.88   31.89
 147625.141   331.595   -29.04   30.44
 148001.094   325.342   -16.63   34.64
 148377.043   326.289     2.52   39.09
 148752.989   326.889     1.59   38.49
 149128.932   328.171     3.41   36.76
 149504.872   333.487    14.14   36.72
 149880.809   341.865    22.28   49.63
 150256.742   371.564    79.00   67.66
 150632.672   389.947    48.90   61.21
 151008.599   378.718   -29.87   50.36
 151384.523   375.694    -8.04   37.57
 151760.444   365.436   -27.29   34.77
 152136.362   360.333   -13.57   47.33
 152512.276   364.231    10.37   84.74
 152888.188   374.077    26.19  104.67
 153264.096   346.371   -73.70  105.56
 153640.001   324.405   -58.43   93.75
 154015.903   303.730   -55.00   67.72
 154391.802   279.553   -64.32   44.49
 154767.698   266.868   -33.74   39.50
 155143.591   261.444   -14.43   33.68
 155519.480   255.585   -15.59   25.51
 155895.366   265.513    26.41   36.54
 156271.250   281.649    42.93   48.89
 156647.130   286.711    13.47   46.93
 157023.007   287.605     2.38   43.61
 157398.880   302.077    38.50   46.11
 157774.751   301.083    -2.64   42.00
 158150.619   312.821    31.23   43.25
 158526.483   337.778    66.40   59.90
 158902.345   370.949    88.25   91.58
 159278.203   425.641   145.51   94.82
 159654.058   490.636   172.92   64.08
 160029.910   523.324    86.97   53.14
 160405.759   549.486    69.61   58.96
 160781.605   590.974   110.38   84.05
 161157.448   625.237    91.16   80.81
 161533.287   639.703    38.49   69.21
 161909.124   654.150    38.44   52.77
 162284.957   644.538   -25.57   42.95
 162660.787   612.026   -86.51   66.22
 163036.615   538.054  -196.82  127.92
 163412.439   423.211  -305.57  154.23
 163788.260   345.154  -207.69  117.46
 164164.078   313.833   -83.34   92.84
 164539.893   373.231   158.04  122.09
 164915.704   459.694   230.06  109.78
 165291.513   516.872   152.14   69.01
 165667.319   546.744    79.48   51.91
 166043.337   562.156    40.99   39.76
 166419.747   557.027   -13.63   43.43
 166796.155   553.108   -10.41   39.32
 167172.560   537.081   -42.58   54.91
 167548.962   512.077   -66.43   82.47
 167925.360   495.081   -45.15   86.96
 168301.756   489.256   -15.47   87.83
 168678.148   477.385   -31.54   80.94
 169054.537   474.737    -7.03   72.60
 169430.924   447.000   -73.69   72.39
 169807.307   424.949   -58.59   57.42
 170183.687   424.667    -0.75   61.57
 170560.064   420.784   -10.32   68.76
 170936.438   432.897    32.18   60.78
 171312.809   428.108   -12.72   46.56
 171689.176   426.487    -4.31   31.58
 172065.541   418.256   -21.87   34.94
 172441.903   399.125   -50.83   39.70
 172818.262   380.590   -49.25   36.14
 173194.617   358.053   -59.88   37.36
 173570.970   348.730   -24.77   37.43
 173947.319   331.718   -45.20   37.26
 174323.666   317.056   -38.96   39.27
 174700.009   307.000   -26.72   32.13
 175076.349   301.615   -14.31   34.62
 175452.686   291.973   -25.62   32.40
 175829.021   296.897    13.08   40.13
 176205.352   301.897    13.29   42.08
 176581.680   311.692    26.03   41.99
 176958.005   313.892     5.84   36.75
 177334.327   315.000     2.94   31.52
 177710.646   307.405   -20.18   35.82
 178086.962   302.079   -14.15   44.73
 178463.275   294.763   -19.44   41.19
 178839.585   295.000     0.63   40.46
 179215.892   303.205    21.80   39.84
 179592.196   309.737    17.36   39.64
 179968.497   304.892   -12.87   39.26
 180344.795   292.579   -32.72   38.18
 180721.089   274.583   -47.82   44.87
 181097.381   265.289   -24.70   51.47
 181473.670   248.026   -45.88   49.09
 181849.956   231.865   -42.95   44.63
 182226.238   207.026   -66.01   52.02
 182602.518   201.359   -15.06   50.97
 182978.795   190.744   -28.21   50.96
 183355.068   189.514    -3.27   52.51
 183731.339   191.051     4.09   57.91
 184107.607   179.324   -31.17   58.54
 184483.871   165.946   -35.55   58.28
 184860.133   139.189   -71.11   46.48
 185236.392   131.273   -21.04   41.21
 185612.647   158.795    73.14   66.61
 185988.900   219.974   162.60   81.90
 186365.150   279.361   157.83   91.65
 186741.396   354.289   199.14   90.79
 187117.640   411.750   152.72   91.17
 187493.881   450.026   101.73   90.26
 187870.119   479.692    78.85   84.36
 188246.353   502.568    60.80   76.15
 188622.585   520.769    48.38   70.87
 188998.814   543.158    59.51   56.09
 189375.039   556.795    36.25   40.41
 189751.262   570.243    35.74   30.26
 190127.482   577.975    20.55   35.72
 190503.699   588.622    28.30   36.82
 190879.913   601.000    32.90   40.44
 191256.124   612.108    29.53   31.38
 191632.332   619.472    19.57   20.81
 192008.536   621.462     5.29   22.37
 192384.738   610.513   -29.10   23.59
 192760.937   600.056   -27.80   17.29
 193137.134   593.368   -17.77   27.46
 193513.327   581.611   -31.25   36.78
 193889.517   556.526   -66.68   51.31
 194265.704   524.675   -84.67   47.72
 194641.888   501.189   -62.43   25.54
 195018.069   493.000   -21.77   15.68
 195394.248   497.342    11.54   23.80
 195770.423   499.641     6.11   24.62
 196146.595   500.189     1.46   22.81
 196522.765   498.225    -5.22   16.08
 196898.931   514.872    44.25   44.45
 197275.095   536.730    58.11   67.04
 197651.255   581.811   119.84   81.01
 198027.413   640.694   156.53   88.87
 198403.568   684.410   116.21  101.50
 198779.720   725.359   108.86   82.82
 199155.869   731.333    15.88   85.53
 199532.014   672.632  -156.05  130.52
 199908.157   563.676  -289.65  137.88
 200284.297   463.243  -267.00  117.03
 200660.435   400.525  -166.74   76.25
 201036.569   375.514   -66.49   48.81
 201412.700   386.500    29.21   58.86
 201788.828   415.026    75.84   64.64
 202164.954   466.800   137.64   87.33
 202541.076   542.541   201.36  116.68
 202917.196   628.317   228.05  125.22
 203293.313   720.256   244.43  103.69
 203669.426   784.750   171.47   53.50
 204045.537   813.027    75.18   31.25
 204421.645   821.054    21.34   20.26
 204797.750   817.795    -8.67   16.26
 205173.852   819.846     5.45   14.05
 205549.952   813.861   -15.91   22.70
 205926.048   813.718    -0.38   26.22
 206302.141   815.237     4.04   27.92
 206678.232   820.222    13.26   36.52
 207054.319   834.103    36.91   32.41
 207430.404   831.289    -7.48   42.14
 207806.486   824.564   -17.88   49.89
 208182.565   815.763   -23.40   50.54
 208558.641   799.875   -42.25   43.77
 208934.714   776.324   -62.62   53.20
 209310.784   737.075  -104.36   77.15
 209686.852   683.308  -142.97   84.67
 210062.916   631.750  -137.09   49.82
 210438.978   618.649   -34.84   34.54
 210815.036   634.108    41.11   43.85
 211191.092   659.865    68.49   46.95
 211567.145   698.897   103.79   69.60
 211943.195   743.778   119.34   89.55
 212319.242   829.795   228.73  138.01
 212695.287   891.816   164.92  127.11
 213071.328   912.167    54.12  105.35
 213447.367   936.513    64.74   90.72
 213823.402   938.128     4.30   74.25
 214199.435   959.667    57.28   58.71
 214575.465   980.132    54.42   39.18
 214951.492  1001.718    57.40   41.97
 215327.517  1050.081   128.61   99.61
 215703.538  1104.667   145.16  127.67
 216079.557  1172.462   180.29  133.42
 216455.572  1225.500   141.05  108.28
 216831.585  1252.784    72.56   78.81
 217207.595  1236.946   -42.12   99.91
 217583.602  1186.081  -135.27  123.34
 217959.607  1125.077  -162.24  122.64
 218335.608  1079.583  -120.99  109.33
 218711.607  1013.436  -175.92   60.67
 219087.602   985.711   -73.74   45.15
 219463.595   962.378   -62.05   30.40
 219839.585   940.872   -57.20   34.45
 220215.573   916.553   -64.68   37.52
 220591.557   872.368  -117.51   58.85
 220967.539   826.135  -122.96   61.66
 221343.517   787.308  -103.27   48.73
 221719.493   771.000   -43.37   36.78
 222095.466   789.308    48.69   58.36
 222471.437   841.875   139.81   76.13
 222847.404   884.444   113.22   61.32
 223223.369   905.027    54.74   50.78
 223599.330   889.649   -40.90   68.04
 223975.289   843.297  -123.28   69.58
 224351.245   786.789  -150.30   74.44
 224727.199   750.194   -97.33   72.23
 225103.149   692.300  -153.99   75.99
 225479.097   638.615  -142.79   92.71
 225855.042   564.270  -197.75  104.80
 226230.984   498.744  -174.29  100.28
 226606.923   450.289  -128.88   77.06
 226982.860   411.132  -104.16   54.66
 227358.793   398.784   -32.84   49.93
 227734.724   382.026   -44.58   33.88
 228110.652   384.243     5.90   34.33
 228486.577   396.000    31.27   42.80
 228862.500   416.425    54.33   49.84
 229238.420   426.314    26.31   47.17
 229614.336   409.459   -44.83   46.54
 229990.250   390.973   -49.18   38.81
 230366.162   375.757   -40.48   24.05
 230742.070   399.703    63.70   50.40
 231117.976   422.556    60.79   55.22
 231493.879   447.341    65.93   59.09
 231869.779   468.385    55.98   56.27
 232245.676   478.405    26.66   56.78
 232621.571   460.231   -48.35   65.15
 232997.463   441.316   -50.32   61.21
 233373.352   414.308   -71.85   51.33
 233749.238   384.081   -80.41   38.49
 234125.121   364.641   -51.72   35.47
 234501.002   358.611   -16.04   33.02
 234876.880   367.538    23.75   41.41
 235252.755   393.333    68.62   59.46
 235628.628   429.485    96.18   54.32
 236004.497   458.000    75.86   54.14
 236380.364   470.622    33.58   51.85
 236756.228   467.105    -9.35   51.46
 237132.090   465.211    -5.04   49.01
 237507.948   460.649   -12.14   46.45
 237883.804   449.275   -30.26   45.39
 238259.657   442.051   -19.22   35.86
 238635.507   432.868   -24.43   25.48
 239011.355   439.189    16.82   26.96
 239387.200   435.789    -9.05   22.10
 239763.042   444.026    21.91   32.53
 240138.881   463.222    51.07   56.64
 240514.718   475.282    32.09   64.41
 240890.552   477.917     7.01   60.42
 241266.749   450.821   -72.02   63.82
 241643.129   414.051   -97.69   49.30
 242019.506   391.094   -60.99   36.95
 242395.880   385.316   -15.35   38.01
 242772.251   378.108   -19.15   48.74
 243148.620   363.892   -37.77   57.83
 243524.986   349.513   -38.20   62.95
 243901.349   344.973   -12.06   58.51
 244277.710   364.949    53.07   62.42
 244654.068   384.667    52.39   52.59
 245030.423   391.000    16.83   55.14
 245406.775   372.368   -49.50   62.39
 245783.125   349.872   -59.77   63.65
 246159.471   320.205   -78.82   53.26
 246535.816   306.838   -35.52   49.63
 246912.157   324.692    47.44   53.06
 247288.496   363.811   103.94   69.20
 247664.832   401.436    99.97   62.11
 248041.165   425.974    65.20   34.30
 248417.495   418.062   -21.02   36.81
 248793.823   397.256   -55.28   33.49
 249170.148   385.316   -31.73   25.66
 249546.471   377.865   -19.80   19.80
 249922.790   377.692    -0.46   15.70
 250299.107   375.361    -6.19   16.72
 250675.422   378.205     7.56   18.90
 251051.733   376.744    -3.88   20.45
 251428.042   377.189     1.18   20.09
 251804.348   395.154    47.74   38.64
 252180.652   427.231    85.24   68.87
 252556.953   433.231    15.94   72.76
 252933.251   431.243    -5.28   77.59
 253309.546   400.872   -80.71   79.54
 253685.839   350.838  -132.96   39.69
 254062.129   340.368   -27.82   34.53
 254438.416   339.703    -1.77   32.53
 254814.701   350.688    29.19   34.41
 255190.983   362.051    30.20   31.34
 255567.262   366.289    11.26   30.83
 255943.539   373.472    19.09   34.56
 256319.813   388.342    39.52   38.58
 256696.084   417.306    76.97   54.51
 257072.353   459.026   110.87   84.94
 257448.619   535.872   204.22  112.60
 257824.882   643.784   286.79  143.48
 258201.142   818.763   465.03  223.78
 258577.400   960.538   376.79  191.38
 258953.655  1063.769   274.35  133.63
 259329.908  1120.973   152.03   69.55
 259706.158  1115.625   -14.21   57.84
 260082.405  1113.351    -6.04   43.88
 260458.650  1100.784   -33.40   35.50
 260834.892  1109.108    22.12   42.48
 261211.131  1141.143    85.14   54.42
 261587.368  1181.590   107.50   53.27
 261963.602  1210.103    75.78   36.12
 262339.833  1220.611    27.93   27.06
 262716.062  1210.000   -28.20   32.41
 263092.288  1198.861   -29.61   32.62
 263468.511  1187.763   -29.50   31.55
 263844.732  1181.103   -17.70   29.21
 264220.950  1181.811     1.88   32.99
 264597.165  1167.263   -38.67   45.21
 264973.378  1131.447   -95.20   61.23
 265349.588  1093.325  -101.33   55.83
 265725.796  1063.351   -79.67   42.28
 266102.001  1050.025   -35.42   40.69
 266478.203  1043.923   -16.22   48.87
 266854.403  1034.081   -26.16   59.52
 267230.600   996.378  -100.22   84.68
 267606.794   927.541  -182.98  118.63
 267982.986   876.487  -135.70   99.86
 268359.175   856.744   -52.48   80.50
 268735.361   868.143    30.30   85.65
 269111.545   904.949    97.84   76.00
 269487.727   961.162   149.42   78.41
 269863.905  1002.194   109.07   79.39
 270240.081  1034.667    86.32   65.11
 270616.255  1044.946    27.32   49.42
 270992.426  1025.615   -51.39   59.31
 271368.594   996.632   -77.05   64.12
 271744.759   977.925   -49.73   62.69
 272120.922   996.486    49.34   97.39
 272497.083  1043.550   125.11  118.14
 272873.241  1080.974    99.49  100.01
 273249.396  1072.972   -21.27  103.34
 273625.548  1025.757  -125.52   94.32
 274001.698   982.946  -113.81   65.38
 274377.846   987.000    10.78   45.31
 274753.991  1000.744    36.54   45.38
 275130.133  1023.528    60.57   50.49
 275506.273  1049.692    69.56   56.66
 275882.410  1063.579    36.92   62.65
 276258.544  1087.806    64.41   51.95
 276634.676  1072.974   -39.43   72.19
 277010.805  1053.821   -50.92   92.32
 277386.932   994.179  -158.56  113.49
 277763.056   928.684  -174.12  117.76
 278139.178   888.641  -106.46  127.90
 278515.297   848.811  -105.89  125.42
 278891.413   810.525  -101.79  120.38
 279267.527   758.275  -138.91   91.35
 279643.638   719.083  -104.20   62.28
 280019.747   712.081   -18.62   46.87
 280395.853   720.108    21.34   49.30
 280771.957   732.946    34.13   55.60
 281148.058   747.632    39.05   49.54
 281524.156   739.944   -20.44   47.70
 281900.252   734.513   -14.44   39.72
 282276.345   706.263   -75.11   44.48
 282652.436   681.297   -66.38   39.71
 283028.524   661.231   -53.35   44.64
 283404.610   643.237   -47.84   44.99
 283780.693   628.553   -39.04   38.57
 284156.774   623.639   -13.06   33.63
 284532.852   630.359    17.87   31.67
 284908.927   643.027    33.68   24.75
 285285.000   648.769    15.27   24.54
 285661.070   655.875    18.89   28.51
 286037.138   662.229    16.89   29.98
 286413.204   670.973    23.25   31.64
 286789.266   673.811     7.55   31.98
 287165.327   658.541   -40.60   36.22
 287541.384   638.027   -54.55   28.69
 287917.440   632.778   -13.96   25.32
 288293.492   646.975    37.75   40.33
 288669.542   666.128    50.93   49.03
 289045.590   697.973    84.68   47.24
 289421.635   733.154    93.55   45.45
 289797.677   768.842    94.90   57.82
 290173.717   825.744   151.31   87.44
 290549.755   894.892   183.88  101.99
 290925.790   979.667   225.43  101.00
 291301.822  1061.556   217.76   89.59
 291677.852  1139.949   208.46   96.71
 292053.880  1218.795   209.67  101.90
 292429.905  1288.567   185.54   80.69
