-233393.862    44.038     0.00    5.13
-233017.827    43.143    -2.38    5.62
-232641.791    42.322    -2.18    5.79
-232265.753    42.793     1.25    6.18
-231889.714    44.656     4.95    7.17
-231513.673    45.758     2.93    6.92
-231137.631    44.796    -2.56    7.66
-230761.587    41.997    -7.44    7.37
-230385.542    39.092    -7.73    6.10
-230009.495    36.835    -6.00    3.79
-229633.447    37.648     2.16    3.80
-229257.397    38.548     2.39    3.96
-228881.346    39.034     1.29    3.54
-228505.293    40.078     2.78    2.89
-228129.238    40.159     0.22    2.60
-227753.182    41.699     4.10    4.17
-227377.125    45.769    10.82    7.71
-227001.066    48.876     8.26    8.02
-226625.005    49.948     2.85    7.00
-226248.943    50.323     1.00    6.95
-225872.880    48.321    -5.32    7.26
-225496.815    44.964    -8.93    7.08
-225120.748    42.085    -7.65    8.09
-224744.680    38.690    -9.03    8.87
-224368.610    35.848    -7.56    9.58
-223992.539    32.810    -8.08    8.11
-223616.466    31.570    -3.30    5.44
-223240.392    32.015     1.18    7.21
-222864.316    34.605     6.89    9.08
-222488.239    36.439     4.88   10.30
-222112.160    36.294    -0.39   10.53
-221736.079    35.105    -3.16   10.42
-221359.997    33.796    -3.48    9.48
-220983.913    33.453    -0.91    9.06
-220607.828    33.654     0.53    9.31
-220231.742    37.271     9.62   10.29
-219855.653    39.912     7.02    9.17
-219479.563    42.559     7.04    7.16
-219103.472    42.186    -0.99    8.16
-218727.379    39.927    -6.01   10.37
-218351.285    35.989   -10.47   10.90
-217975.189    31.186   -12.77   10.26
-217599.091    27.271   -10.41    6.42
-217222.992    24.793    -6.59    3.62
-216846.891    24.528    -0.70    3.44
-216470.788    24.451    -0.20    3.31
-216094.685    24.473     0.06    2.90
-215718.579    23.796    -1.80    2.84
-215342.472    23.699    -0.26    2.51
-214966.363    23.186    -1.37    2.41
-214590.253    22.451    -1.95    2.16
-214214.141    22.402    -0.13    2.00
-213838.028    22.297    -0.28    2.15
-213461.913    21.989    -0.82    2.43
-213085.796    21.321    -1.78    2.60
-212709.678    21.296    -0.07    3.34
-212333.558    22.092     2.12    4.53
-211957.437    22.681     1.57    4.62
-211581.314    24.078     3.71    4.72
-211205.189    25.243     3.10    4.81
-210829.063    25.186    -0.15    4.04
-210452.935    26.240     2.80    4.64
-210076.806    26.429     0.50    4.63
-209700.675    26.692     0.70    4.05
-209324.542    27.040     0.93    3.87
-208948.408    25.630    -3.75    3.06
-208572.272    24.598    -2.74    4.00
-208196.135    22.964    -4.35    4.18
-207819.996    21.376    -4.22    3.41
-207443.855    21.733     0.95    5.60
-207067.713    22.953     3.25    7.08
-206691.569    24.889     5.14    7.38
-206315.424    27.618     7.26    7.64
-205939.277    29.194     4.19    5.96
-205563.128    30.494     3.46    5.63
-205186.978    32.765     6.04    6.25
-204810.826    34.874     5.61    6.91
-204434.672    34.927     0.14    7.00
-204058.517    33.321    -4.27    6.39
-203682.360    32.186    -3.02    3.91
-203306.202    32.434     0.66    3.36
-202930.041    32.835     1.07    2.04
-202553.880    34.425     4.23    4.06
-202177.716    36.070     4.37    4.99
-201801.551    36.297     0.60    5.61
-201425.385    37.237     2.50    5.85
-201049.216    37.296     0.16    5.93
-200673.046    35.861    -3.81    6.02
-200296.875    36.585     1.92    5.99
-199920.701    38.456     4.97    6.57
-199544.527    37.638    -2.18    6.65
-199168.350    35.698    -5.16    6.81
-198792.172    36.051     0.94    7.30
-198415.992    36.605     1.47    6.95
-198039.810    37.537     2.48    6.64
-197663.627    36.808    -1.94    6.53
-197287.442    33.645    -8.41    6.26
-196911.256    32.434    -3.22    5.32
-196535.068    32.297    -0.36    4.29
-196158.878    32.773     1.27    3.40
-195782.686    33.931     3.08    4.05
-195406.493    34.923     2.64    3.48
-195030.298    35.348     1.13    2.96
-194654.102    36.707     3.61    3.94
-194277.904    37.164     1.21    3.51
-193901.704    37.664     1.33    3.28
-193525.502    37.126    -1.43    3.48
-193149.299    35.690    -3.82    2.74
-192773.094    36.298     1.62    4.39
-192396.888    35.931    -0.97    5.06
-192020.680    35.605    -0.87    5.54
-191644.470    34.220    -3.68    5.44
-191268.258    31.699    -6.70    3.78
-190892.045    31.240    -1.22    3.84
-190515.830    31.429     0.50    4.31
-190139.613    33.502     5.51    5.43
-189763.395    32.964    -1.43    5.64
-189387.175    33.564     1.60    6.21
-189010.953    31.673    -5.03    6.78
-188634.729    29.269    -6.39    7.63
-188258.504    26.348    -7.76    8.37
-187882.277    22.294   -10.78    4.60
-187506.049    21.605    -1.83    4.07
-187129.818    21.296    -0.82    4.31
-186753.586    22.237     2.50    4.81
-186377.353    22.532     0.78    4.19
-186001.117    23.848     3.50    4.50
-185624.880    23.528    -0.85    4.26
-185248.641    23.630     0.27    4.24
-184872.401    23.819     0.50    5.20
-184496.159    25.186     3.63    5.45
-184119.915    26.429     3.30    4.96
-183743.669    29.105     7.11    4.82
-183367.421    32.198     8.22    5.35
-182991.172    35.186     7.94    5.65
-182614.921    36.835     4.38    5.35
-182238.669    37.271     1.16    5.50
-181862.414    37.348     0.20    6.04
-181486.158    37.835     1.29    5.75
-181109.901    38.733     2.39    6.45
-180733.641    39.611     2.33    6.58
-180357.380    40.987     3.66    6.07
-179981.117    41.375     1.03    5.04
-179604.852    41.132    -0.65    4.29
-179228.585    38.848    -6.07    5.87
-178852.317    36.348    -6.64    6.33
-178476.047    35.473    -2.33    6.42
-178099.775    36.401     2.47    6.91
-177723.502    37.138     1.96    5.71
-177347.227    38.159     2.71    5.35
-176970.950    36.297    -4.95    5.38
-176594.671    35.970    -0.87    5.05
-176218.391    36.810     2.23    5.38
-175842.108    38.835     5.38    6.45
-175465.824    40.164     3.53    6.83
-175089.539    40.267     0.27    6.44
-174713.251    41.143     2.33    7.52
-174336.962    43.559     6.42    6.76
-173960.671    42.987    -1.52    6.28
-173584.378    44.186     3.19    6.37
-173208.083    43.916    -0.72    5.79
-172831.787    45.267     3.59    5.80
-172455.489    46.743     3.92    5.74
-172079.189    47.379     1.69    5.29
-171702.887    45.733    -4.38    4.93
-171326.584    45.656    -0.20    4.72
-170950.278    46.681     2.73    4.36
-170573.971    48.271     4.22    2.85
-170197.663    48.213    -0.15    3.11
-169821.352    47.374    -2.23    3.14
-169445.040    47.401     0.07    3.70
-169068.726    47.059    -0.91    4.54
-168692.507    47.159     0.27    4.46
-168316.547    48.143     2.62    4.67
-167940.585    48.323     0.48    4.94
-167564.621    50.404     5.53    4.95
-167188.656    50.618     0.57    4.72
-166812.688    49.483    -3.02    4.62
-166436.719    49.564     0.22    4.73
-166060.748    51.078     4.03    5.82
-165684.776    53.405     6.19    6.12
-165308.801    53.998     1.58    5.83
-164932.825    53.015    -2.62    5.81
-164556.847    52.618    -1.05    5.97
-164180.867    51.297    -3.51    5.65
-163804.885    50.051    -3.31    5.64
-163428.901    49.374    -1.80    6.08
-163052.916    46.401    -7.91    5.20
-162676.929    44.451    -5.19    5.62
-162300.940    43.510    -2.50    6.74
-161924.949    40.822    -7.15    6.25
-161548.956    40.198    -1.66    7.61
-161172.962    37.459    -7.28    7.78
-160796.966    35.138    -6.17    7.56
-160420.968    32.240    -7.71    6.85
-160044.968    29.618    -6.97    5.44
-159668.966    28.321    -3.45    5.10
-159292.962    27.348    -2.59    4.55
-158916.957    27.348     0.00    4.94
-158540.950    28.092     1.98    4.85
-158164.941    27.618    -1.26    4.62
-157788.930    26.630    -2.63    3.62
-157412.917    26.784     0.41    2.53
-157036.903    27.528     1.98    2.58
-156660.886    28.164     1.69    2.24
-156284.868    27.964    -0.53    2.29
-155908.848    27.598    -0.97    2.37
-155532.826    26.953    -1.71    2.53
-155156.802    26.502    -1.20    2.71
-154780.776    26.525     0.06    2.93
-154404.749    26.246    -0.74    2.98
-154028.720    26.132    -0.30    3.41
-153652.688    25.483    -1.72    3.55
-153276.655    24.105    -3.67    3.38
-152900.620    22.959    -3.05    3.47
-152524.584    22.758    -0.53    3.09
-152148.545    22.982     0.60    3.15
-151772.504    23.997     2.70    2.74
-151396.462    24.348     0.93    2.21
-151020.418    25.138     2.10    1.93
-150644.372    25.323     0.49    1.97
-150268.324    25.402     0.21    2.13
-149892.274    24.912    -1.30    2.59
-149516.222    24.970     0.15    4.09
-149140.169    23.889    -2.87    4.59
-148764.113    21.645    -5.97    4.22
-148388.056    19.730    -5.09    1.69
-148011.997    19.502    -0.61    1.29
-147635.936    19.425    -0.20    1.40
-147259.873    19.765     0.90    1.63
-146883.808    19.402    -0.96    3.61
-146507.741    18.015    -3.69    5.13
-146131.672    17.927    -0.23    4.87
-145755.602    18.098     0.45    4.57
-145379.529    18.781     1.81    3.79
-145003.455    21.040     6.01    2.97
-144627.379    23.453     6.42    5.01
-144251.301    27.874    11.76    7.44
-143875.221    32.429    12.11    7.98
-143499.139    36.073     9.69    7.91
-143123.055    39.296     8.57    6.75
-142746.969    40.429     3.01    6.21
-142370.882    40.483     0.14    5.16
-141994.792    41.148     1.77    4.08
-141618.701    40.476    -1.79    4.33
-141242.608    41.092     1.64    5.50
-140866.512    41.987     2.38    5.57
-140490.415    42.006     0.05    5.19
-140114.316    40.672    -3.55    5.01
-139738.215    39.401    -3.38    3.71
-139362.112    38.748    -1.74    2.56
-138986.007    39.105     0.95    3.04
-138609.900    41.348     5.96    5.80
-138233.792    44.506     8.40    7.42
-137857.681    48.040     9.40    7.63
-137481.569    51.078     8.08    6.92
-137105.454    52.998     5.11    6.81
-136729.338    52.579    -1.11    7.35
-136353.219    50.862    -4.57    9.29
-135977.099    48.348    -6.68    9.19
-135600.977    44.672    -9.77    6.85
-135224.853    44.553    -0.32    5.80
-134848.727    45.297     1.98    4.38
-134472.599    44.348    -2.52    3.98
-134096.469    44.579     0.61    3.90
-133720.337    44.348    -0.61    4.27
-133344.203    45.793     3.84    3.32
-132968.067    45.502    -0.77    4.63
-132591.929    44.190    -3.49    6.82
-132215.790    42.399    -4.76    7.84
-131839.648    39.374    -8.04    8.15
-131463.504    39.298    -0.20    7.62
-131087.359    38.727    -1.52    6.86
-130711.211    38.023    -1.87    6.26
-130335.062    38.707     1.82    6.70
-129958.910    40.320     4.29    6.96
-129582.757    43.105     7.40    6.74
-129206.602    45.429     6.18    4.67
-128830.444    46.078     1.72    3.68
-128454.285    45.220    -2.28    3.39
-128078.124    43.265    -5.20    3.48
-127701.960    42.938    -0.87    4.54
-127325.795    44.190     3.33    4.84
-126949.628    43.862    -0.87    5.23
-126573.459    40.784    -8.18    7.85
-126197.288    36.717   -10.81    8.44
-125821.114    33.374    -8.88    6.91
-125444.939    32.051    -3.52    6.22
-125068.762    34.912     7.61    6.52
-124692.583    37.186     6.04    5.99
-124316.402    38.117     2.48    4.68
-123940.219    38.448     0.88    4.96
-123564.034    37.034    -3.76    5.65
-123187.847    33.321    -9.87    7.03
-122811.658    29.727    -9.56    7.04
-122435.467    27.294    -6.47    5.79
-122059.274    26.348    -2.51    5.28
-121683.079    26.765     1.11    5.75
-121306.882    29.523     7.33    6.74
-120930.683    32.092     6.83    5.70
-120554.482    29.591    -6.65    9.71
-120178.278    23.169   -17.07   12.16
-119802.073    16.480   -17.78   10.44
-119425.866    11.912   -12.14    5.48
-119049.657    14.916     7.98    9.78
-118673.446    21.476    17.44   12.35
-118297.233    27.820    16.86   11.10
-117921.018    32.784    13.19    5.63
-117544.801    31.810    -2.59    3.58
-117168.582    29.098    -7.21    4.28
-116792.360    26.835    -6.02    5.45
-116416.137    28.186     3.59    8.27
-116039.912    32.835    12.36    9.91
-115663.685    39.132    16.74    6.77
-115287.455    41.237     5.60    4.08
-114911.224    43.861     6.97    6.48
-114534.991    48.451    12.20   18.33
-114158.755    50.611     5.74   20.85
-113782.518    50.953     0.91   24.45
-113406.278    46.169   -12.72   14.18
-113030.037    41.912   -11.31    9.82
-112653.793    39.781    -5.67    4.73
-112277.548    39.605    -0.47    3.13
-111901.300    39.820     0.57    2.91
-111525.050    39.707    -0.30    2.42
-111148.799    39.769     0.16    2.20
-110772.545    39.848     0.21    1.90
-110396.289    39.246    -1.60    2.35
-110020.031    38.901    -0.92    3.24
-109643.771    39.537     1.69    4.75
-109267.509    40.591     2.80    5.30
-108891.245    41.737     3.04    5.14
-108514.979    42.059     0.85    4.55
-108138.711    41.707    -0.93    4.02
-107762.441    41.781     0.20    4.32
-107386.168    42.579     2.12    5.45
-107009.894    43.630     2.79    5.66
-106633.617    45.605     5.25    4.69
-106257.339    45.889     0.76    4.37
-105881.058    44.810    -2.87    4.75
-105504.776    42.916    -5.03    4.57
-105128.491    41.510    -3.73    3.90
-104752.204    42.591     2.87    4.90
-104375.915    43.661     2.84    4.64
-103999.624    43.707     0.12    4.37
-103623.331    44.912     3.20    4.93
-103247.036    45.848     2.49    4.54
-102870.739    47.164     3.50    4.22
-102494.440    49.043     4.99    3.30
-102118.138    47.401    -4.36    3.57
-101741.835    45.861    -4.09    3.64
-101365.529    45.483    -1.00    4.08
-100989.221    44.217    -3.37    4.38
-100612.912    43.874    -0.91    4.39
-100236.600    43.784    -0.24    4.20
 -99860.286    43.078    -1.88    3.70
 -99483.970    43.473     1.05    3.40
 -99107.652    44.059     1.56    2.89
 -98731.331    45.213     3.07    3.04
 -98355.009    45.835     1.65    2.96
 -97978.685    45.959     0.33    3.42
 -97602.358    45.605    -0.94    3.85
 -97226.029    44.246    -3.61    3.65
 -96849.698    43.209    -2.75    4.14
 -96473.365    42.506    -1.87    4.25
 -96097.030    41.132    -3.65    3.87
 -95720.693    40.765    -0.98    4.47
 -95344.354    40.873     0.29    4.22
 -94968.013    40.132    -1.97    4.01
 -94591.669    41.006     2.32    4.17
 -94215.323    42.190     3.15    3.55
 -93838.976    43.573     3.67    4.14
 -93462.874    46.781     8.53    7.16
 -93086.948    48.473     4.50    7.26
 -92711.020    49.246     2.05    5.55
 -92335.090    48.727    -1.38    4.00
 -91959.158    47.321    -3.74    4.25
 -91583.224    44.727    -6.90    4.33
 -91207.288    43.848    -2.34    4.13
 -90831.349    43.630    -0.58    4.18
 -90455.409    43.626    -0.01    4.27
 -90079.466    44.348     1.92    4.92
 -89703.521    43.638    -1.89    4.64
 -89327.574    42.265    -3.65    3.14
 -88951.625    43.246     2.61    4.96
 -88575.674    42.989    -0.68    4.79
 -88199.720    42.374    -1.64    4.06
 -87823.765    42.427     0.14    3.06
 -87447.807    44.092     4.43    6.52
 -87071.847    44.487     1.05    6.92
 -86695.885    43.998    -1.30    6.83
 -86319.921    44.476     1.27    7.21
 -85943.954    45.120     1.71    6.90
 -85567.986    48.375     8.66    8.64
 -85192.015    50.835     6.54    9.20
 -84816.042    52.213     3.67   10.23
 -84440.067    52.528     0.84    9.69
 -84064.090    52.078    -1.20    5.79
 -83688.110    54.773     7.17    7.64
 -83312.129    55.348     1.53    6.75
 -82936.145    54.240    -2.95    5.29
 -82560.159    53.032    -3.21    6.90
 -82184.171    50.451    -6.87    6.22
 -81808.181    49.532    -2.44    5.32
 -81432.189    50.348     2.17    6.27
 -81056.194    54.630    11.39    7.80
 -80680.197    62.781    21.68   12.76
 -80304.198    69.502    17.88   16.30
 -79928.197    72.271     7.36   15.92
 -79552.194    70.205    -5.49   18.56
 -79176.188    63.186   -18.67   20.40
 -78800.181    53.727   -25.16   11.57
 -78424.171    51.427    -6.12    6.41
 -78048.159    55.476    10.77   10.23
 -77672.144    58.654     8.45   10.58
 -77296.128    58.494    -0.42    9.82
 -76920.109    55.502    -7.96    8.39
 -76544.088    50.781   -12.56    7.23
 -76168.065    48.862    -5.10    6.31
 -75792.040    48.243    -1.65    5.42
 -75416.012    49.502     3.35    5.34
 -75039.983    54.209    12.52   10.03
 -74663.951    61.040    18.17   16.31
 -74287.917    62.431     3.70   17.02
 -73911.880    59.964    -6.56   18.31
 -73535.842    55.810   -11.05   18.10
 -73159.801    49.754   -16.10    6.91
 -72783.758    50.781     2.73    7.44
 -72407.713    52.916     5.68    7.94
 -72031.665    54.591     4.46    6.73
 -71655.616    55.874     3.41    5.39
 -71279.564    54.754    -2.98    5.34
 -70903.510    52.066    -7.15    6.53
 -70527.453    49.861    -5.86    6.39
 -70151.395    47.964    -5.05    5.28
 -69775.334    46.564    -3.72    4.40
 -69399.271    47.401     2.22    4.22
 -69023.206    46.887    -1.37    4.04
 -68647.138    46.793    -0.25    3.57
 -68271.068    47.989     3.18    4.30
 -67894.997    49.483     3.97    4.52
 -67518.922    50.032     1.46    3.66
 -67142.846    48.656    -3.66    4.66
 -66766.767    46.348    -6.14    5.02
 -66390.686    44.269    -5.53    4.40
 -66014.603    43.480    -2.10    4.09
 -65638.517    44.024     1.45    4.13
 -65262.430    44.681     1.75    3.98
 -64886.340    44.645    -0.10    4.12
 -64510.248    44.707     0.16    4.00
 -64134.153    44.707     0.00    3.94
 -63758.056    44.138    -1.51    4.03
 -63381.957    44.164     0.07    4.41
 -63005.856    42.810    -3.60    4.19
 -62629.753    42.938     0.34    4.39
 -62253.647    44.015     2.86    4.49
 -61877.539    44.111     0.26    4.63
 -61501.428    43.997    -0.30    4.51
 -61125.316    44.402     1.08    4.58
 -60749.201    43.630    -2.05    4.28
 -60373.084    43.473    -0.42    6.54
 -59996.964    44.810     3.55    7.68
 -59620.843    45.758     2.52    7.16
 -59244.719    45.681    -0.20    7.36
 -58868.592    44.348    -3.54    5.17
 -58492.464    43.267    -2.87    4.72
 -58116.333    42.579    -1.83    4.43
 -57740.200    43.322     1.98    4.62
 -57364.064    46.217     7.70    9.80
 -56987.927    49.480     8.68   10.21
 -56611.787    53.451    10.56   10.07
 -56235.644    58.448    13.29   14.33
 -55859.500    61.429     7.93   16.07
 -55483.353    61.138    -0.78   16.89
 -55107.204    55.874   -13.99   10.17
 -54731.052    51.294   -12.18    7.11
 -54354.898    48.294    -7.98    6.48
 -53978.742    44.760    -9.40    4.36
 -53602.584    44.117    -1.71    3.87
 -53226.423    44.374     0.68    3.99
 -52850.260    44.598     0.60    3.33
 -52474.095    45.553     2.54    3.57
 -52097.927    46.098     1.45    3.26
 -51721.757    46.040    -0.15    3.16
 -51345.585    46.243     0.54    4.18
 -50969.410    46.605     0.96    3.62
 -50593.233    46.267    -0.90    2.78
 -50217.054    44.835    -3.81    5.74
 -49840.873    41.470    -8.95    8.30
 -49464.689    36.598   -12.95    9.88
 -49088.503    33.322    -8.71    8.89
 -48712.314    29.997    -8.84    5.92
 -48336.123    29.835    -0.43    6.52
 -47959.930    30.159     0.86    6.63
 -47583.734    29.005    -3.07    5.70
 -47207.537    28.273    -1.95    6.04
 -46831.336    27.173    -2.92    5.74
 -46455.134    26.294    -2.34    5.62
 -46078.929    28.323     5.39    7.44
 -45702.722    30.431     5.61    8.78
 -45326.512    31.059     1.67    9.26
 -44950.300    36.630    14.81   19.55
 -44574.086    33.348    -8.72   15.85
 -44197.869    30.510    -7.54   11.49
 -43821.650    31.164     1.74   10.24
 -43445.429    31.023    -0.37    8.11
 -43069.205    33.213     5.82    7.70
 -42692.979    33.630     1.11    7.86
 -42316.751    32.348    -3.41    7.93
 -41940.520    31.997    -0.93    7.66
 -41564.287    32.213     0.57    7.94
 -41188.052    34.515     6.12    7.90
 -40811.814    35.451     2.49    7.66
 -40435.574    37.073     4.31    6.07
 -40059.331    36.456    -1.64    5.33
 -39683.086    35.373    -2.88    6.01
 -39306.839    35.059    -0.84    7.05
 -38930.589    33.638    -3.78    7.46
 -38554.337    31.217    -6.43    8.77
 -38178.083    29.138    -5.53    9.25
 -37801.826    27.876    -3.35    8.37
 -37425.567    27.348    -1.40    6.94
 -37049.305    27.398     0.13    4.24
 -36673.041    26.598    -2.13    3.69
 -36296.775    27.066     1.24    4.05
 -35920.506    27.451     1.02    4.14
 -35544.235    28.564     2.96    3.37
 -35167.961    30.618     5.46    3.96
 -34791.685    31.209     1.57    4.79
 -34415.407    32.861     4.39    8.44
 -34039.126    35.938     8.18   17.58
 -33662.843    35.997     0.16   20.72
 -33286.558    31.598   -11.69   20.41
 -32910.270    25.348   -16.61   14.48
 -32533.980    20.664   -12.45    6.98
 -32157.687    17.997    -7.09    5.64
 -31781.392    17.964    -0.09    5.01
 -31405.094    18.989     2.73    5.63
 -31028.794    20.598     4.28    5.84
 -30652.492    21.656     2.81    5.39
 -30276.187    21.015    -1.70    5.42
 -29899.880    19.579    -3.82    5.89
 -29523.570    17.092    -6.61    6.66
 -29147.258    15.230    -4.95    6.92
 -28770.944    12.294    -7.80    5.27
 -28394.627    14.164     4.97    7.27
 -28018.308    18.006    10.21   11.04
 -27641.986    25.143    18.97   12.67
 -27265.662    31.618    17.21   12.08
 -26889.335    36.023    11.70    8.03
 -26513.006    40.143    10.95    4.73
 -26136.675    42.611     6.56    2.91
 -25760.341    44.402     4.76    2.20
 -25384.005    45.611     3.21    1.77
 -25007.666    45.348    -0.70    2.04
 -24631.325    44.876    -1.25    2.52
 -24254.981    43.784    -2.90    2.30
 -23878.635    43.126    -1.75    1.84
 -23502.287    43.296     0.45    2.05
 -23125.936    43.502     0.55    1.99
 -22749.582    42.473    -2.73    2.23
 -22373.227    42.456    -0.04    3.59
 -21996.868    42.532     0.20    4.03
 -21620.508    43.402     2.31    3.80
 -21244.144    44.758     3.60    3.39
 -20867.779    43.970    -2.10    4.07
 -20491.411    43.861    -0.29    3.89
 -20115.040    43.502    -0.95    3.61
 -19738.667    43.169    -0.89    5.21
 -19362.292    43.997     2.20    7.00
 -18985.914    47.040     8.09    8.98
 -18609.533    49.194     5.72    9.64
 -18233.588    50.105     2.42   11.87
 -17857.697    49.451    -1.74    9.82
 -17481.804    50.808     3.61    9.72
 -17105.908    53.217     6.41   10.34
 -16730.010    57.912    12.49   11.80
 -16354.109    61.942    10.72   11.22
 -15978.205    65.117     8.45   11.83
 -15602.300    68.374     8.66   12.71
 -15226.391    75.213    18.19   19.96
 -14850.480    84.476    24.64   26.85
 -14474.567    92.997    22.67   31.16
 -14098.651    97.887    13.01   29.43
 -13722.733   105.810    21.08   26.71
 -13346.813   104.480    -3.54   23.31
 -12970.889   103.848    -1.68   17.30
 -12594.964   106.271     6.45   19.47
 -12219.035   105.964    -0.82   21.73
 -11843.105   104.997    -2.57   26.92
 -11467.172    98.217   -18.04   29.88
 -11091.236    84.456   -36.60   24.05
 -10715.298    86.213     4.67   27.19
 -10339.357    87.427     3.23   26.30
  -9963.414    85.848    -4.20   22.51
  -9587.468    81.297   -12.11   25.87
  -9211.520    66.964   -38.13   28.17
  -8835.570    51.293   -41.68   22.50
  -8459.616    39.117   -32.38   17.13
  -8083.661    32.862   -16.64    7.73
  -7707.703    31.835    -2.73    5.19
  -7331.742    32.664     2.20    4.65
  -6955.779    34.085     3.78    4.25
  -6579.813    35.132     2.78    5.18
  -6203.845    35.707     1.53    5.96
  -5827.874    34.938    -2.05    5.43
  -5451.901    35.754     2.17    8.34
  -5075.925    34.591    -3.09    8.54
  -4699.947    34.754     0.43    8.61
  -4323.966    34.591    -0.43    7.40
  -3947.982    32.483    -5.61    4.90
  -3571.996    30.672    -4.82    4.22
  -3196.008    31.681     2.69   10.04
  -2820.017    31.887     0.55   12.43
  -2444.024    29.043    -7.56   14.90
  -2068.027    23.579   -14.53   17.66
  -1692.029    16.402   -19.09   14.56
  -1316.028    10.271   -16.31    9.98
   -940.024     6.374   -10.36    7.75
   -564.018     4.656    -4.57    7.60
   -188.009     1.564    -8.22    5.63
    188.002     1.220    -0.92    5.57
    564.016     2.298     2.87    7.22
    940.032     7.765    14.54   11.16
   1316.051    12.051    11.40   13.23
   1692.073    17.348    14.09   14.25
   2068.097    23.132    15.38   12.35
   2444.124    27.781    12.36    8.52
   2820.153    29.626     4.91    6.02
   3196.185    29.273    -0.94    6.84
   3572.219    28.323    -2.53    5.94
   3948.256    27.267    -2.81    6.11
   4324.295    26.194    -2.85    5.89
   4700.337    25.874    -0.85    5.35
   5076.382    25.401    -1.26    4.32
   5452.429    24.927    -1.26    3.66
   5828.479    23.656    -3.38    4.20
   6204.531    23.294    -0.96    4.59
   6580.586    23.085    -0.56    5.23
   6956.643    21.823    -3.36    5.68
   7332.703    20.820    -2.67    4.45
   7708.766    19.664    -3.08    3.72
   8084.831    19.267    -1.06    2.71
   8460.899    17.997    -3.38    4.82
   8836.969    16.321    -4.46    6.99
   9213.042    15.876    -1.18    8.23
   9589.118    14.605    -3.38    8.28
   9965.196    14.835     0.61    9.34
  10341.277    15.997     3.09    8.42
  10717.360    16.246     0.66    7.94
  11093.446    18.427     5.80    5.51
  11469.534    19.015     1.56    4.21
  11845.626    17.656    -3.61    5.39
  12221.719    17.784     0.34    5.63
  12597.816    16.543    -3.30    5.65
  12973.915    12.901    -9.68    7.87
  13350.016    10.246    -7.06    9.76
  13726.120     8.681    -4.16   10.90
  14102.227     8.040    -1.70   11.02
  14478.336    11.321     8.72   14.21
  14854.448    17.781    17.17   19.14
  15230.563    18.781     2.66   10.49
  15606.680    18.765    -0.04    7.79
  15982.800    19.040     0.73    7.56
  16358.923    18.798    -0.64    8.29
  16735.048    18.943     0.38    8.61
  17111.175    19.148     0.55   10.24
  17487.306    18.743    -1.08   10.80
  17863.439    17.092    -4.39   11.25
  18239.574    13.585    -9.32   11.84
  18615.713    11.656    -5.13   11.78
  18991.854    15.070     9.08   15.39
  19367.997    20.456    14.32   20.34
  19744.143    20.938     1.28   20.39
  20120.292    21.520     1.55   20.30
  20496.443    21.246    -0.73   23.31
  20872.597    13.040   -21.81   20.40
  21248.754    17.348    11.45   27.95
  21624.914    31.672    38.08   46.41
  22001.076    48.070    43.59   49.50
  22377.240    55.169    18.87   47.61
  22753.408    57.129     5.21   44.16
  23129.578    52.375   -12.64   39.70
  23505.750    39.194   -35.04   39.01
  23881.925    24.927   -37.93   35.53
  24258.103    11.453   -35.82   27.44
  24634.284    -0.733   -32.40    6.91
  25010.467    -1.552    -2.18    5.59
  25386.653     0.664     5.89    7.02
  25762.842     3.294     6.99    6.86
  26139.033     4.006     1.89    6.01
  26515.227     5.765     4.68    5.61
  26891.424     5.887     0.32    5.06
  27267.623     5.835    -0.14    5.07
  27643.825     6.626     2.10    4.83
  28020.029     6.186    -1.17    5.05
  28396.237     6.537     0.93    4.73
  28772.447     7.901     3.62    5.16
  29148.659    10.698     7.44    6.83
  29524.875    11.781     2.88    6.48
  29901.093    14.271     6.62    6.55
  30277.313    15.296     2.72    6.76
  30653.537    14.506    -2.10    5.71
  31029.763    12.564    -5.16    3.33
  31405.992    11.398    -3.10    3.33
  31782.223     9.874    -4.05    4.30
  32158.457     8.070    -4.80    4.31
  32534.694     6.132    -5.15    3.79
  32910.934     5.737    -1.05    3.93
  33287.176     5.297    -1.17    4.04
  33663.421     4.399    -2.39    3.03
  34039.669     4.320    -0.21    2.27
  34415.919     3.835    -1.29    2.48
  34792.172     3.618    -0.57    2.68
  35168.428     3.294    -0.86    3.50
  35544.686     3.548     0.68    4.03
  35920.948     3.294    -0.68    4.03
  36297.212     2.502    -2.11    3.57
  36673.478     1.835    -1.77    3.11
  37049.748     0.784    -2.79    1.87
  37426.020     0.591    -0.51    1.91
  37802.294     1.273     1.81    2.07
  38178.572     2.585     3.49    3.24
  38554.852     3.765     3.14    3.46
  38931.135     5.348     4.21    4.10
  39307.421     5.564     0.57    2.86
  39683.709     6.585     2.71    2.54
  40060.001     7.630     2.78    2.69
  40436.294     8.942     3.49    2.45
  40812.591     9.322     1.01    2.73
  41188.890     9.835     1.36    2.71
  41565.193    10.781     2.51    2.02
  41941.497    11.476     1.85    1.85
  42317.805    12.132     1.74    1.81
  42694.115    12.476     0.92    1.92
  43070.429    12.835     0.95    1.92
  43446.744    12.630    -0.55    1.97
  43823.063    12.240    -1.04    2.02
  44199.384    12.297     0.15    1.73
  44575.708    12.980     1.81    2.64
  44952.035    14.709     4.60    4.09
  45328.365    15.781     2.85    4.93
  45704.697    17.672     5.03    5.88
  46081.032    18.618     2.51    5.81
  46457.370    19.912     3.44    5.74
  46833.711    20.317     1.08    5.28
  47210.054    18.758    -4.14    4.66
  47586.400    18.246    -1.36    2.82
  47962.749    19.431     3.15    1.90
  48339.101    19.912     1.28    1.93
  48715.456    20.618     1.88    1.48
  49091.813    21.092     1.26    1.96
  49468.173    21.579     1.29    2.15
  49844.536    21.901     0.86    2.13
  50220.901    22.427     1.40    1.58
  50597.270    22.502     0.20    1.73
  50973.641    22.553     0.14    2.12
  51350.015    22.376    -0.47    2.55
  51726.391    22.105    -0.72    2.59
  52102.771    20.480    -4.32    3.20
  52479.153    19.456    -2.72    3.64
  52855.538    17.213    -5.96    3.84
  53231.926    16.407    -2.14    3.95
  53608.317    15.220    -3.15    4.11
  53984.710    14.630    -1.57    4.32
  54361.107    14.959     0.87    4.88
  54737.506    14.707    -0.67    4.68
  55113.908    14.654    -0.14    4.04
  55490.312    13.271    -3.67    4.26
  55866.720    11.690    -4.20    4.18
  56243.130     9.733    -5.20    4.39
  56619.441     7.240    -6.62    3.30
  56995.303     5.194    -5.44    3.61
  57371.168     3.129    -5.50    3.88
  57747.036     2.265    -2.30    4.19
  58122.907     0.912    -3.60    4.33
  58498.780     0.186    -1.93    4.93
  58874.656     0.105    -0.22    4.97
  59250.536     0.591     1.29    4.73
  59626.417     2.634     5.43    5.04
  60002.302     4.348     4.56    4.59
  60378.190     6.630     6.07    4.71
  60754.080     7.537     2.41    4.16
  61129.973     9.528     5.29    3.88
  61505.869    11.320     4.77    3.84
  61881.768    13.138     4.83    3.96
  62257.670    16.190     8.12    3.81
  62633.574    17.964     4.72    3.47
  63009.482    19.537     4.19    2.28
  63385.392    20.169     1.68    1.94
  63761.305    19.898    -0.72    1.88
  64137.221    19.793    -0.28    1.81
  64513.139    19.611    -0.48    1.69
  64889.061    19.564    -0.12    2.21
  65264.985    19.186    -1.01    2.13
  65640.912    19.727     1.44    2.28
  66016.842    20.070     0.91    2.31
  66392.775    20.573     1.34    2.13
  66768.711    20.246    -0.87    2.78
  67144.650    19.808    -1.17    2.94
  67520.591    19.605    -0.54    3.86
  67896.535    18.997    -1.62    5.07
  68272.482    18.217    -2.08    4.72
  68648.432    17.427    -2.10    4.89
  69024.385    16.194    -3.28    4.01
  69400.341    15.943    -0.67    2.24
  69776.300    15.848    -0.25    2.87
  70152.261    15.246    -1.60    3.22
  70528.225    15.126    -0.32    3.68
  70904.193    15.220     0.25    3.37
  71280.163    16.862     4.37    3.69
  71656.135    17.889     2.73    2.87
  72032.111    19.213     3.52    2.59
  72408.090    19.765     1.47    2.71
  72784.071    19.528    -0.63    2.58
  73160.056    18.220    -3.48    3.35
  73536.043    16.032    -5.82    3.93
  73912.033    13.681    -6.25    2.98
  74288.026    13.427    -0.68    3.25
  74664.022    13.784     0.95    3.37
  75040.021    14.169     1.02    3.51
  75416.023    12.861    -3.48    3.41
  75792.027    11.015    -4.91    4.03
  76168.035     8.532    -6.60    4.57
  76544.045     6.861    -4.45    4.44
  76920.058     6.515    -0.92    5.43
  77296.075     7.374     2.28    5.56
  77672.094     7.591     0.58    5.78
  78048.116     7.267    -0.86    4.50
  78424.141     7.781     1.37    3.26
  78800.168     8.931     3.06    3.54
  79176.199    10.451     4.04    3.65
  79552.233    12.073     4.31    3.78
  79928.269    13.564     3.97    3.95
  80304.308    14.623     2.82    3.03
  80680.351    15.453     2.21    2.85
  81056.396    16.323     2.31    2.15
  81432.444    17.532     3.22    1.98
  81808.495    17.810     0.74    2.04
  82184.549    18.154     0.91    1.97
  82560.606    18.269     0.31    1.67
  82936.666    17.733    -1.43    2.18
  83312.729    17.234    -1.33    2.69
  83688.794    16.861    -0.99    3.44
  84064.863    15.579    -3.41    3.52
  84440.934    14.808    -2.05    3.15
  84817.009    14.186    -1.65    3.30
  85193.086    13.070    -2.97    3.10
  85569.167    12.630    -1.17    3.38
  85945.250    11.568    -2.83    3.89
  86321.336    11.051    -1.37    4.43
  86697.425    11.623     1.52    4.39
  87073.517    12.874     3.33    4.07
  87449.612    14.605     4.60    4.04
  87825.710    17.429     7.51    3.24
  88201.811    18.723     3.44    2.58
  88577.915    19.781     2.81    1.95
  88954.022    20.132     0.93    1.96
  89330.132    20.506     0.99    2.09
  89706.245    21.434     2.47    1.79
  90082.360    21.912     1.27    1.43
  90458.479    22.169     0.68    1.32
  90834.600    22.209     0.11    1.17
  91210.725    22.267     0.15    1.12
  91586.853    22.024    -0.65    1.11
  91962.983    21.874    -0.40    1.27
  92339.117    21.973     0.26    1.66
  92715.253    22.051     0.21    1.90
  93091.392    21.784    -0.71    2.07
  93467.535    21.769    -0.04    2.63
  93843.680    21.427    -0.91    2.38
  94219.828    20.943    -1.29    2.25
  94595.980    20.848    -0.25    1.74
  94972.134    20.717    -0.35    1.81
  95348.291    20.808     0.24    1.74
  95724.452    20.822     0.04    1.69
  96100.615    20.987     0.44    1.29
  96476.781    21.271     0.76    1.24
  96852.950    20.912    -0.95    1.54
  97229.122    20.487    -1.13    1.97
  97605.298    19.402    -2.88    2.73
  97981.476    18.402    -2.66    2.83
  98357.657    17.164    -3.29    3.09
  98733.841    16.148    -2.70    3.24
  99110.028    15.294    -2.27    2.92
  99486.218    15.374     0.21    2.89
  99862.412    15.664     0.77    2.86
 100238.608    16.374     1.89    2.24
 100614.807    16.348    -0.07    2.29
 100991.009    14.423    -5.12    3.76
 101367.214    11.953    -6.57    4.43
 101743.423     9.626    -6.19    3.56
 102119.634     8.321    -3.47    3.35
 102495.848     8.765     1.18    3.46
 102872.065     9.246     1.28    4.06
 103248.286    10.476     3.27    4.69
 103624.509    12.548     5.51    3.60
 104000.735    14.267     4.57    3.07
 104376.964    15.024     2.01    2.47
 104753.197    15.618     1.58    2.41
 105129.432    15.998     1.01    2.21
 105505.671    15.213    -2.09    3.22
 105881.912    12.681    -6.73    4.46
 106258.157     9.927    -7.32    3.93
 106634.404     6.707    -8.56    5.16
 107010.655     3.672    -8.07    5.21
 107386.908     1.143    -6.72    5.76
 107763.165    -1.494    -7.01    5.23
 108139.424    -3.291    -4.78    4.75
 108515.687    -5.355    -5.49    4.31
 108891.953    -7.111    -4.67    3.32
 109268.222    -7.073     0.10    3.29
 109644.494    -6.293     2.07    3.34
 110020.768    -6.527    -0.62    2.77
 110397.046    -6.468     0.16    2.57
 110773.327    -7.328    -2.29    2.68
 111149.611    -7.490    -0.43    2.82
 111525.899    -7.447     0.11    2.67
 111902.189    -6.760     1.83    1.81
 112278.482    -6.293     1.24    1.83
 112654.778    -5.524     2.04    2.49
 113031.078    -4.139     3.68    3.77
 113407.380    -1.463     7.11    5.24
 113783.685     1.938     9.04    6.11
 114159.994     6.743    12.77    5.27
 114536.306    10.209     9.21    4.18
 114912.620    11.997     4.75    3.32
 115288.938    13.186     3.16    2.28
 115665.259    12.559    -1.67    3.25
 116041.583    11.681    -2.33    3.96
 116417.910     9.411    -6.03    3.94
 116794.240     7.796    -4.29    3.45
 117170.573     7.374    -1.12    3.41
 117546.909     7.510     0.36    3.54
 117923.249     7.271    -0.64    3.93
 118299.591     7.997     1.93    3.42
 118675.937     9.066     2.84    3.55
 119052.285     9.656     1.57    3.85
 119428.637     9.769     0.30    3.49
 119804.992    10.953     3.15    3.58
 120181.350    12.066     2.96    2.96
 120557.711    12.220     0.41    3.30
 120934.075    13.126     2.41    3.30
 121310.442    14.032     2.41    3.64
 121686.812    14.429     1.05    3.13
 122063.186    14.294    -0.36    3.69
 122439.562    12.810    -3.94    5.77
 122815.942    11.692    -2.97    6.24
 123192.325     9.784    -5.07    7.51
 123568.710     5.143   -12.33    9.94
 123945.099     1.570    -9.49   10.77
 124321.492    -4.677   -16.60    9.04
 124697.887    -8.679   -10.63    4.86
 125074.285    -9.703    -2.72    2.33
 125450.687    -9.915    -0.56    1.94
 125827.091    -9.520     1.05    1.96
 126203.499    -9.468     0.14    1.98
 126579.910    -8.190     3.39    4.22
 126956.324    -6.327     4.95    4.74
 127332.741    -5.192     3.01    4.56
 127709.161    -4.731     1.23    3.89
 128085.584    -4.757    -0.07    2.46
 128462.011    -4.625     0.35    2.43
 128838.440    -4.517     0.29    2.42
 129214.873    -4.046     1.25    3.08
 129591.309    -3.703     0.91    3.76
 129967.748    -4.729    -2.72    5.44
 130344.190    -6.235    -4.00    6.15
 130720.636    -8.626    -6.35    5.79
 131097.084    -9.569    -2.50    4.56
 131473.536    -9.344     0.60    4.82
 131849.688   -10.190    -2.25    5.59
 132225.519   -12.003    -4.82    5.01
 132601.353   -11.468     1.43    6.14
 132977.190    -9.267     5.85    8.06
 133353.030    -4.213    13.45    9.63
 133728.874     1.987    16.50    8.36
 134104.720     6.425    11.81    6.23
 134480.570     9.190     7.36    4.61
 134856.423    10.591     3.73    4.25
 135232.279    12.132     4.10    3.68
 135608.138    13.548     3.77    2.78
 135984.001    14.605     2.81    2.42
 136359.866    15.502     2.39    2.01
 136735.735    16.293     2.10    1.91
 137111.607    16.912     1.65    2.04
 137487.482    17.265     0.94    1.96
 137863.360    17.425     0.43    2.11
 138239.241    17.220    -0.55    2.10
 138615.126    16.874    -0.92    2.29
 138991.014    15.943    -2.48    2.18
 139366.905    15.374    -1.51    1.72
 139742.799    15.324    -0.13    1.60
 140118.696    15.709     1.03    2.17
 140494.596    16.887     3.13    2.86
 140870.500    18.111     3.26    3.18
 141246.407    19.024     2.43    2.77
 141622.317    19.186     0.43    2.22
 141998.230    18.234    -2.53    1.84
 142374.147    17.374    -2.29    1.93
 142750.066    16.835    -1.43    2.14
 143125.989    16.186    -1.73    2.36
 143501.915    14.887    -3.46    2.85
 143877.844    14.043    -2.25    3.58
 144253.776    12.901    -3.04    4.44
 144629.712    10.887    -5.36    4.53
 145005.651     8.717    -5.77    5.04
 145381.593     6.754    -5.22    4.64
 145757.538     4.681    -5.51    4.55
 146133.486     2.348    -6.21    4.12
 146509.438     1.098    -3.33    4.50
 146885.393    -1.011    -5.61    4.60
 147261.351    -2.706    -4.51    5.06
 147637.312    -4.625    -5.10    4.26
 148013.276    -6.328    -4.53    3.54
 148389.244    -8.509    -5.80    3.01
 148765.215    -9.302    -2.11    2.68
 149141.189    -9.088     0.57    3.28
 149517.166    -8.382     1.88    4.22
 149893.147    -6.703     4.46    4.54
 150269.131    -5.084     4.31    4.90
 150645.118    -2.731     6.26    4.71
 151021.108    -1.703     2.73    4.68
 151397.101    -1.165     1.43    5.13
 151773.098     0.835     5.32    4.96
 152149.098     2.015     3.14    4.67
 152525.101     3.423     3.75    4.23
 152901.108     4.781     3.61    3.75
 153277.118     5.758     2.60    3.91
 153653.130     7.321     4.16    3.34
 154029.147     8.348     2.73    2.86
 154405.166     9.483     3.02    2.44
 154781.189    10.091     1.62    2.33
 155157.215    10.498     1.08    2.29
 155533.244    11.423     2.46    1.73
 155909.276    11.727     0.81    1.88
 156285.312    11.912     0.49    2.14
 156661.351    11.781    -0.35    2.30
 157037.393    11.559    -0.59    2.44
 157413.438    11.374    -0.49    3.25
 157789.487    11.040    -0.89    3.33
 158165.539    10.537    -1.34    4.25
 158541.594    10.217    -0.85    4.39
 158917.653     8.473    -4.64    4.50
 159293.715     7.970    -1.34    5.00
 159669.780     7.733    -0.63    4.78
 160045.848     7.537    -0.52    4.42
 160421.920     9.024     3.95    4.67
 160797.995     9.943     2.44    4.00
 161174.073     9.876    -0.18    3.57
 161550.154    11.169     3.44    3.93
 161926.239    11.048    -0.32    3.73
 162302.327    11.559     1.36    3.19
 162678.418    11.098    -1.22    3.56
 163054.513    10.532    -1.50    3.68
 163430.611     9.733    -2.13    3.61
 163806.712     8.425    -3.48    3.20
 164182.817     7.138    -3.42    3.32
 164558.924     6.618    -1.38    3.45
 164935.035     5.059    -4.15    3.38
 165311.150     3.973    -2.89    3.91
 165687.267     2.105    -4.97    3.93
 166063.388     0.861    -3.31    4.16
 166439.513     0.243    -1.64    3.97
 166815.640    -0.138    -1.01    3.69
 167191.771    -0.517    -1.01    4.65
 167567.905    -1.030    -1.37    5.19
 167944.043    -2.626    -4.24    4.99
 168320.184    -2.877    -0.67    4.45
 168696.328    -3.598    -1.92    4.06
 169072.475    -4.077    -1.27    4.15
 169448.626    -4.520    -1.18    4.31
 169824.780    -6.242    -4.58    4.41
 170200.937    -7.319    -2.86    3.65
 170577.098    -7.257     0.16    4.50
 170953.262    -5.652     4.27    5.13
 171329.430    -2.994     7.07    5.53
 171705.600    -0.352     7.02    4.94
 172081.774     0.931     3.41    4.18
 172457.952     2.502     4.18    3.90
 172834.132     4.164     4.42    2.50
 173210.316     5.267     2.93    2.85
 173586.504     6.564     3.45    3.43
 173962.695     7.515     2.53    3.48
 174338.889     8.143     1.67    3.23
 174715.086     9.398     3.34    3.94
 175091.287    11.808     6.40    5.18
 175467.491    13.823     5.36    5.60
 175843.698    14.401     1.54    5.36
 176219.909    13.664    -1.96    4.94
 176596.123    11.243    -6.44    4.30
 176972.341     9.733    -4.01    3.65
 177348.562     9.006    -1.93    2.89
 177724.786     8.970    -0.10    3.01
 178101.014     9.048     0.21    2.74
 178477.244     8.240    -2.15    2.73
 178853.479     7.548    -1.84    2.93
 179229.716     6.502    -2.78    2.51
 179605.957     5.459    -2.77    2.53
 179982.202     5.808     0.93    2.99
 180358.450     6.265     1.22    3.16
 180734.701     7.348     2.88    3.56
 181110.955     8.748     3.72    3.89
 181487.213     9.348     1.59    3.25
 181863.474    10.848     3.99    3.94
 182239.739    11.117     0.72    4.54
 182616.007    10.743    -1.00    4.61
 182992.279    10.506    -0.63    3.90
 183368.553    11.271     2.03    4.27
 183744.832    11.190    -0.22    4.54
 184121.113    11.681     1.31    4.65
 184497.398    11.425    -0.68    4.00
 184873.686    11.375    -0.13    3.62
 185249.978    10.773    -1.60    3.17
 185626.273     9.861    -2.42    2.17
 186002.572     9.634    -0.60    1.98
 186378.874    10.024     1.04    1.92
 186755.179    10.699     1.80    2.03
 187131.488    11.138     1.16    2.38
 187507.800    11.681     1.45    2.81
 187884.116    11.699     0.05    2.83
 188260.435    11.323    -1.00    2.14
 188636.757    11.297    -0.07    1.92
 189013.083    11.243    -0.14    1.87
 189389.412    11.453     0.56    1.98
 189765.745    11.476     0.06    2.17
 190142.081    11.681     0.55    1.90
 190518.420    11.904     0.59    1.83
 190894.763    11.964     0.16    1.57
 191271.109    12.240     0.73    2.23
 191647.459    12.399     0.42    2.21
 192023.812    12.502     0.27    2.35
 192400.169    11.634    -2.31    2.53
 192776.529    11.564    -0.18    2.15
 193152.892    12.186     1.65    2.41
 193529.259    11.374    -2.16    2.40
 193905.629    10.938    -1.16    2.39
 194282.003    10.376    -1.49    2.44
 194658.380     9.226    -3.05    2.18
 195034.761     8.502    -1.92    2.06
 195411.145     8.321    -0.48    2.15
 195787.532     7.938    -1.02    1.60
 196163.923     8.059     0.32    1.72
 196540.317     8.938     2.34    2.16
 196916.715     9.024     0.23    2.61
 197293.116     8.887    -0.36    2.67
 197669.521     8.320    -1.50    3.04
 198045.929     7.425    -2.38    2.91
 198422.341     7.448     0.06    2.86
 198798.756     6.878    -1.52    2.82
 199175.175     6.781    -0.26    2.67
 199551.597     6.456    -0.86    2.38
 199928.022     6.294    -0.43    2.72
 200304.451     6.240    -0.14    3.32
 200680.884     5.515    -1.93    3.34
 201057.319     6.023     1.35    3.60
 201433.759     5.040    -2.61    3.60
 201810.202     3.727    -3.49    3.34
 202186.648     3.553    -0.46    3.66
 202563.098     2.717    -2.22    3.27
 202939.551     2.169    -1.46    3.79
 203316.008     1.051    -2.97    3.50
 203692.468     0.271    -2.07    2.71
 204068.932     0.098    -0.46    2.44
 204445.399    -0.126    -0.59    2.23
 204821.869     0.173     0.79    2.19
 205198.344     0.605     1.15    2.43
 205574.821     1.246     1.70    2.46
 205951.302     2.294     2.79    2.07
 206327.787     2.835     1.44    2.22
 206704.275     3.267     1.15    2.17
 207080.227     3.515     0.66    2.35
 207456.025     3.733     0.58    2.36
 207831.827     3.912     0.48    2.12
 208207.633     3.822    -0.24    1.67
 208583.442     3.528    -0.78    1.67
 208959.254     3.040    -1.30    1.47
 209335.070     2.887    -0.41    1.29
 209710.889     2.835    -0.14    1.50
 210086.712     2.707    -0.34    2.01
 210462.539     2.181    -1.40    2.09
 210838.369     1.901    -0.75    2.60
 211214.202     1.623    -0.74    2.73
 211590.039     2.091     1.24    3.05
 211965.880     2.630     1.43    3.33
 212341.724     3.402     2.05    3.21
 212717.571     3.267    -0.36    3.03
 213093.422     2.159    -2.95    3.28
 213469.276     1.459    -1.86    3.00
 213845.134     1.143    -0.84    2.55
 214220.996     1.117    -0.07    2.45
 214596.861     1.243     0.33    2.30
 214972.730    -0.395    -4.36    4.22
 215348.602    -2.806    -6.41    4.73
 215724.477    -4.729    -5.12    4.35
 216100.357    -5.949    -3.25    2.80
 216476.239    -5.601     0.93    2.14
 216852.125    -5.485     0.31    2.01
 217228.015    -5.704    -0.58    1.97
 217603.908    -5.727    -0.06    2.56
 217979.805    -6.280    -1.47    2.38
 218355.706    -5.421     2.29    2.78
 218731.609    -3.895     4.06    2.95
 219107.517    -2.868     2.73    2.75
 219483.428    -1.706     3.09    2.34
 219859.342    -1.041     1.77    2.60
 220235.260    -0.307     1.95    2.88
