-166432.915    -8.731     0.00    0.00
-166056.387    -8.731     0.00    0.00
-165679.865    -8.731     0.00    0.00
-165303.347    -8.731     0.00    0.00
-164926.835    -8.731     0.00    0.00
-164550.327    -8.731     0.00    0.00
-164173.825    -8.731     0.00    0.00
-163797.328    -8.731     0.00    0.00
-163420.836    -8.731     0.00    0.00
-163044.350    -8.731     0.00    0.00
-162667.868    -8.731     0.00    0.00
-162291.391    -8.731     0.00    0.00
-161914.920    -8.731     0.00    0.00
-161538.453    -8.731     0.00    0.00
-161161.992    -8.731     0.00    0.00
-160785.536    -8.731     0.00    0.00
-160409.085    -8.731     0.00    0.00
-160032.639    -8.731     0.00    0.00
-159656.198    -8.731     0.00    0.00
-159279.763    -8.731     0.00    0.00
-158903.332    -8.731     0.00    0.00
-158526.906    -8.731     0.00    0.00
-158150.486    -8.731     0.00    0.00
-157774.071    -8.731     0.00    0.00
-157397.660    -8.731     0.00    0.00
-157021.255    -8.731     0.00    0.00
-156644.855    -8.731     0.00    0.00
-156268.460    -8.731     0.00    0.00
-155892.070    -8.731     0.00    0.00
-155515.685    -8.731     0.00    0.00
-155139.305    -8.731     0.00    0.00
-154762.930    -8.731     0.00    0.00
-154386.561    -7.542     3.16    4.10
-154010.196    -3.680    10.26    7.32
-153633.837     0.322    10.63    7.83
-153257.482     6.115    15.39    7.22
-152881.133    10.874    12.65    5.49
-152504.789    14.644    10.02    5.67
-152128.449    18.346     9.84    3.88
-151752.115    19.427     2.87    4.99
-151375.786    18.716    -1.89    7.07
-150999.462    16.910    -4.80    9.29
-150623.143    16.214    -1.85    9.81
-150246.829    17.669     3.87    7.43
-149870.520    15.833    -4.88    7.76
-149494.216    11.980   -10.24   11.09
-149117.917     2.919   -24.08   12.39
-148741.623    -3.013   -15.77   10.33
-148365.334    -7.833   -12.81    4.04
-147989.051    -8.731    -2.39    0.00
-147612.772    -8.731     0.00    0.00
-147236.498    -3.974    12.64    9.57
-146860.230     2.216    16.45   12.16
-146483.966     7.769    14.76   10.61
-146107.708    10.498     7.25    8.96
-145731.454     6.910    -9.54   10.97
-145355.206     1.427   -14.57   11.24
-144978.962    -4.569   -15.94    7.60
-144602.724    -7.920    -8.91    2.65
-144226.490    -8.675    -2.01    0.33
-143850.262    -4.206    11.88    9.82
-143474.038     2.679    18.30   13.83
-143097.820    10.874    21.78   13.53
-142721.607    18.833    21.16    7.52
-142345.398    21.474     7.02    2.48
-141969.195    21.731     0.68    2.59
-141592.996    22.559     2.20    2.04
-141216.803    19.474    -8.20    6.04
-140840.615    14.323   -13.69    7.96
-140464.431     9.769   -12.11    6.47
-140088.253     6.344    -9.11    3.52
-139712.080     4.983    -3.62    2.73
-139335.911     4.167    -2.17    3.12
-138959.748     3.107    -2.82    3.47
-138583.590     3.404     0.79    3.77
-138207.436     3.188    -0.57    3.80
-137831.288     2.991    -0.52    3.80
-137455.144     3.519     1.40    3.40
-137079.006     4.833     3.49    3.94
-136702.872     6.783     5.18    3.08
-136326.744     8.372     4.22    2.05
-135950.621     8.401     0.08    1.58
-135574.502     8.628     0.60    1.51
-135198.388     8.611    -0.04    1.63
-134822.280     8.936     0.86    1.78
-134446.176     7.901    -2.75    3.95
-134070.078     4.372    -9.38    6.69
-133693.984     0.342   -10.71    7.31
-133317.895    -3.866   -11.19    3.71
-132941.812    -5.073    -3.21    1.63
-132565.733    -4.126     2.52    2.02
-132189.659    -3.190     2.49    2.14
-131813.590    -2.623     1.51    1.90
-131437.526    -2.674    -0.14    2.04
-131061.467    -3.081    -1.08    2.49
-130685.413    -2.680     1.07    3.66
-130309.364    -1.592     2.89    4.59
-129933.320    -0.680     2.43    4.59
-129557.281    -1.136    -1.21    4.22
-129181.247    -1.962    -2.20    3.72
-128805.218    -3.474    -4.02    2.59
-128429.193    -4.474    -2.66    1.12
-128053.174    -4.441     0.09    0.96
-127677.159    -4.244     0.53    1.05
-127301.150    -4.316    -0.19    1.24
-126925.145    -4.163     0.41    1.07
-126549.146    -4.603    -1.17    1.42
-126173.151    -4.784    -0.48    1.27
-125797.161    -4.885    -0.27    1.42
-125421.176    -5.346    -1.23    1.48
-125045.196    -5.481    -0.36    1.19
-124669.221    -5.654    -0.46    1.26
-124293.251    -5.782    -0.34    1.15
-123917.286    -5.785    -0.01    1.18
-123541.326    -5.551     0.62    1.39
-123165.370    -5.244     0.82    1.37
-122789.420    -5.449    -0.54    1.34
-122413.474    -5.423     0.07    1.54
-122037.534    -5.520    -0.26    1.44
-121661.598    -5.372     0.39    1.48
-121285.667    -5.372     0.00    1.51
-120909.741    -5.500    -0.34    1.18
-120533.820    -5.758    -0.69    1.21
-120157.904    -5.808    -0.13    1.20
-119781.993    -5.947    -0.37    1.16
-119406.086    -5.962    -0.04    1.04
-119030.185    -5.731     0.61    1.41
-118654.288    -5.319     1.10    1.31
-118278.397    -5.269     0.13    1.23
-117902.510    -5.178     0.24    1.27
-117526.628    -5.099     0.21    1.05
-117150.751    -5.039     0.16    1.26
-116774.879    -4.325     1.90    2.36
-116399.012    -3.560     2.04    3.29
-116023.149    -2.218     3.57    4.39
-115647.292    -0.889     3.54    4.87
-115271.439    -0.295     1.58    4.72
-114895.591     0.833     3.00    4.34
-114519.749     1.269     1.16    3.52
-114143.911     1.891     1.65    2.51
-113768.077     1.577    -0.84    2.05
-113392.249     0.864    -1.90    1.72
-113016.426     0.602    -0.70    1.75
-112640.607     0.119    -1.29    1.53
-112264.793    -0.017    -0.36    1.66
-111888.985    -0.136    -0.32    1.86
-111513.181    -0.298    -0.43    1.94
-111137.381     0.111     1.09    2.07
-110761.587     0.064    -0.13    1.82
-110385.798    -0.259    -0.86    1.73
-110010.013    -0.536    -0.74    1.93
-109634.233    -0.987    -1.20    1.63
-109258.459    -1.271    -0.76    1.35
-108882.688    -0.885     1.03    1.76
-108506.923    -0.941    -0.15    1.74
-108131.163    -0.885     0.15    1.74
-107755.407    -0.785     0.27    1.72
-107379.657    -1.039    -0.68    1.32
-107003.911    -1.244    -0.55    1.24
-106628.170    -1.116     0.34    1.31
-106252.433    -1.681    -1.50    1.38
-105876.702    -1.231     1.20    1.46
-105500.975    -0.190     2.77    2.29
-105125.254     0.620     2.16    2.34
-104749.537     1.215     1.58    2.16
-104373.825     1.372     0.42    2.12
-103998.117     1.620     0.66    2.20
-103622.415     1.369    -0.67    2.33
-103246.717     1.038    -0.88    2.47
-102871.024     1.242     0.54    2.47
-102495.336     1.961     1.91    2.62
-102119.653     3.218     3.34    3.12
-101743.975     4.679     3.89    3.02
-101368.301     5.427     1.99    2.85
-100992.632     5.794     0.98    2.52
-100616.968     5.111    -1.82    2.44
-100241.309     4.544    -1.51    2.50
 -99865.655     4.192    -0.94    2.18
 -99490.005     4.107    -0.23    2.34
 -99114.360     3.296    -2.16    2.60
 -98738.720     2.242    -2.81    2.54
 -98363.085     1.756    -1.29    2.27
 -97987.454     1.192    -1.50    2.59
 -97611.829     1.323     0.35    2.81
 -97236.208     0.819    -1.34    2.75
 -96860.592     1.032     0.57    2.95
 -96484.980     1.559     1.40    2.72
 -96109.190     1.397    -0.43    2.63
 -95732.632     1.480     0.22    2.35
 -95356.079     1.164    -0.84    2.26
 -94979.531     0.190    -2.59    2.95
 -94602.988    -0.006    -0.52    2.92
 -94226.449    -0.461    -1.21    3.22
 -93849.916    -0.926    -1.24    3.41
 -93473.387    -1.782    -2.27    3.94
 -93096.863    -1.839    -0.15    3.84
 -92720.343    -1.353     1.29    3.55
 -92343.829    -1.217     0.36    2.95
 -91967.319    -1.013     0.54    2.45
 -91590.814    -0.987     0.07    2.19
 -91214.314    -0.814     0.46    1.75
 -90837.819    -0.859    -0.12    2.04
 -90461.328    -0.494     0.97    2.40
 -90084.842    -0.271     0.59    2.55
 -89708.361    -0.481    -0.56    2.86
 -89331.885    -1.704    -3.25    3.91
 -88955.413    -2.295    -1.57    4.87
 -88578.946    -3.152    -2.28    4.76
 -88202.484    -2.269     2.34    4.80
 -87826.027    -0.055     5.88    5.52
 -87449.575     0.489     1.44    4.47
 -87073.127     1.164     1.79    4.52
 -86696.684     1.102    -0.16    4.77
 -86320.246     1.111     0.02    4.76
 -85943.812     1.053    -0.15    4.86
 -85567.384     1.756     1.87    5.16
 -85190.960     0.679    -2.86    4.95
 -84814.540    -0.988    -4.43    4.95
 -84438.126    -2.839    -4.92    5.05
 -84061.716    -3.704    -2.30    4.43
 -83685.311    -3.757    -0.14    4.81
 -83308.911    -4.556    -2.12    4.39
 -82932.515    -4.488     0.18    4.22
 -82556.125    -2.926     4.15    4.60
 -82179.739    -1.039     5.01    3.72
 -81803.357     0.218     3.34    2.39
 -81426.981     0.188    -0.08    1.50
 -81050.609     0.192     0.01    1.33
 -80674.242     0.115    -0.20    1.27
 -80297.879     0.102    -0.03    1.32
 -79921.522    -0.346    -1.19    1.29
 -79545.169    -0.259     0.23    1.48
 -79168.820    -1.064    -2.14    2.19
 -78792.477    -2.244    -3.13    2.89
 -78416.138    -3.617    -3.65    3.18
 -78039.804    -5.298    -4.47    1.88
 -77663.474    -5.271     0.07    1.98
 -77287.150    -4.941     0.88    2.07
 -76910.830    -4.987    -0.12    2.27
 -76534.515    -5.203    -0.57    1.78
 -76158.204    -5.146     0.15    1.77
 -75781.898    -4.321     2.19    2.79
 -75405.597    -2.920     3.72    3.49
 -75029.300    -1.468     3.86    3.29
 -74653.009     0.032     3.99    2.67
 -74276.722     0.474     1.17    1.51
 -73900.439     0.269    -0.55    1.49
 -73524.161    -0.192    -1.23    1.39
 -73147.888    -0.515    -0.86    1.38
 -72771.620    -0.423     0.24    1.44
 -72395.356    -0.181     0.64    1.60
 -72019.097    -0.036     0.38    1.65
 -71642.843     0.134     0.45    1.53
 -71266.594     0.107    -0.07    1.55
 -70890.349    -0.001    -0.29    1.73
 -70514.108     0.006     0.02    1.87
 -70137.873     0.019     0.03    1.92
 -69761.642     0.194     0.47    1.49
 -69385.416     0.038    -0.41    1.25
 -69009.194     0.431     1.04    1.54
 -68632.977     0.577     0.39    1.52
 -68256.765     1.085     1.35    1.59
 -67880.557     1.064    -0.06    1.51
 -67504.354     0.910    -0.41    1.55
 -67128.156     0.884    -0.07    1.58
 -66751.962     0.085    -2.13    1.35
 -66375.774    -0.346    -1.15    1.27
 -65999.589    -0.756    -1.09    1.82
 -65623.410    -0.314     1.17    2.16
 -65247.235    -0.650    -0.89    2.69
 -64871.064    -0.839    -0.50    3.06
 -64494.898    -1.001    -0.43    3.11
 -64118.737    -1.910    -2.42    2.66
 -63742.581    -2.502    -1.57    1.52
 -63366.429    -2.356     0.39    1.63
 -62990.282    -2.310     0.12    1.43
 -62614.139    -2.407    -0.26    1.16
 -62238.002    -2.192     0.57    1.41
 -61861.868    -1.968     0.60    1.40
 -61485.740    -1.474     1.31    1.55
 -61109.616    -0.603     2.32    2.25
 -60733.496    -0.156     1.19    2.18
 -60357.382    -0.152     0.01    2.15
 -59981.271    -0.431    -0.74    1.90
 -59605.166    -1.131    -1.86    1.30
 -59229.065    -1.148    -0.04    1.83
 -58852.969    -1.271    -0.33    1.63
 -58476.877    -1.217     0.14    1.57
 -58100.790    -0.889     0.87    1.78
 -57724.708     0.320     3.22    1.82
 -57348.630     0.555     0.62    1.81
 -56972.557     0.654     0.26    1.65
 -56596.488     0.874     0.59    2.09
 -56220.424     0.404    -1.25    2.10
 -55844.365    -0.269    -1.79    2.28
 -55468.310    -0.812    -1.44    1.46
 -55092.260    -0.398     1.10    1.40
 -54716.214    -0.269     0.34    1.25
 -54340.173    -0.181     0.24    1.36
 -53964.137    -0.284    -0.27    1.33
 -53588.105    -0.449    -0.44    1.15
 -53212.077    -0.577    -0.34    1.04
 -52836.055    -0.731    -0.41    0.89
 -52460.037    -0.623     0.29    1.05
 -52084.023    -0.284     0.90    1.18
 -51708.014     0.111     1.05    1.10
 -51332.010     0.628     1.37    1.25
 -50956.010     0.707     0.21    1.46
 -50580.015     0.348    -0.95    1.55
 -50204.024     0.059    -0.77    1.40
 -49828.038    -0.028    -0.23    1.18
 -49452.057    -0.244    -0.57    1.19
 -49076.080    -0.190     0.14    1.19
 -48700.108    -0.372    -0.48    1.06
 -48324.140    -0.551    -0.48    0.97
 -47948.177    -0.500     0.14    0.90
 -47572.218    -0.758    -0.69    1.07
 -47196.264    -1.039    -0.75    1.20
 -46820.314    -0.968     0.19    1.28
 -46444.369    -1.120    -0.40    1.38
 -46068.429    -0.941     0.47    1.30
 -45692.493    -0.785     0.42    1.25
 -45316.562    -0.941    -0.42    1.14
 -44940.635    -0.808     0.36    1.09
 -44564.713    -0.668     0.37    1.27
 -44188.795    -0.520     0.39    1.12
 -43812.882    -0.947    -1.14    1.25
 -43436.973    -1.515    -1.51    1.34
 -43061.069    -2.006    -1.31    1.58
 -42685.170    -2.028    -0.06    1.71
 -42309.275    -2.106    -0.21    1.92
 -41933.384    -2.295    -0.50    1.86
 -41557.498    -2.782    -1.30    2.16
 -41181.617    -3.677    -2.38    1.94
 -40805.740    -4.218    -1.44    1.35
 -40429.868    -3.573     1.72    1.88
 -40054.000    -2.870     1.87    2.27
 -39678.137    -1.936     2.48    2.90
 -39302.278    -2.028    -0.25    2.96
 -38926.424    -1.962     0.18    3.31
 -38550.574    -2.731    -2.05    2.88
 -38174.729    -4.045    -3.50    1.51
 -37798.888    -4.271    -0.60    1.10
 -37423.052    -4.407    -0.36    1.27
 -37047.220    -4.889    -1.28    1.46
 -36671.393    -4.481     1.09    3.03
 -36295.570    -4.434     0.13    3.19
 -35919.752    -4.156     0.74    3.47
 -35543.938    -4.474    -0.85    3.49
 -35168.129    -4.808    -0.89    3.33
 -34792.324    -5.136    -0.87    2.77
 -34416.524    -4.987     0.40    2.24
 -34040.728    -4.474     1.36    1.76
 -33664.937    -3.675     2.13    1.53
 -33289.150    -3.474     0.53    1.43
 -32913.368    -3.488    -0.04    1.34
 -32537.590    -3.577    -0.24    1.29
 -32161.817    -4.039    -1.23    1.24
 -31786.048    -4.092    -0.14    1.17
 -31410.284    -3.947     0.39    1.18
 -31034.524    -3.785     0.43    1.20
 -30658.769    -3.449     0.89    1.47
 -30283.018    -3.292     0.42    1.50
 -29907.272    -3.407    -0.31    1.29
 -29531.530    -3.681    -0.73    1.40
 -29155.792    -4.257    -1.53    1.33
 -28780.059    -4.599    -0.91    1.17
 -28404.331    -4.757    -0.42    1.24
 -28028.607    -4.757     0.00    1.40
 -27652.887    -4.284     1.26    1.62
 -27277.172    -3.461     2.19    2.62
 -26901.461    -2.331     3.01    2.71
 -26525.755    -1.623     1.88    2.35
 -26150.053    -1.372     0.67    2.08
 -25774.356    -2.039    -1.77    1.17
 -25398.663    -2.217    -0.48    1.17
 -25022.975    -3.055    -2.23    1.75
 -24647.291    -4.163    -2.95    1.83
 -24271.611    -4.859    -1.85    1.67
 -23895.936    -4.781     0.21    2.02
 -23520.265    -3.866     2.44    2.92
 -23144.599    -1.481     6.35    4.33
 -22768.937     0.927     6.41    4.81
 -22393.280     2.397     3.91    4.03
 -22017.627     3.423     2.73    3.68
 -21641.979     3.164    -0.69    3.59
 -21266.335     1.729    -3.82    4.07
 -20890.250    -0.362    -5.56    3.93
 -20513.729    -1.656    -3.44    2.92
 -20137.212    -2.623    -2.57    1.66
 -19760.700    -1.731     2.37    2.11
 -19384.192     0.038     4.70    2.29
 -19007.688     0.702     1.76    1.88
 -18631.189     1.242     1.44    1.74
 -18254.695     1.241    -0.00    1.75
 -17878.204     1.423     0.48    1.60
 -17501.719     1.294    -0.34    2.24
 -17125.237     0.296    -2.65    3.02
 -16748.760    -1.506    -4.79    3.32
 -16372.288    -2.941    -3.81    2.57
 -15995.820    -3.047    -0.28    1.88
 -15619.356    -2.628     1.11    1.64
 -15242.897    -2.064     1.50    1.66
 -14866.442    -1.520     1.44    1.70
 -14489.992    -1.152     0.98    1.95
 -14113.546    -0.806     0.92    1.75
 -13737.104    -0.082     1.92    2.04
 -13360.667    -0.156    -0.20    2.05
 -12984.235     0.833     2.63    3.14
 -12607.806     1.918     2.88    3.57
 -12231.382     3.566     4.38    4.76
 -11854.963     5.918     6.25    5.41
 -11478.548     6.654     1.96    5.55
 -11102.137     4.987    -4.43    6.35
 -10725.731     2.864    -5.64    5.74
 -10349.329    -0.006    -7.62    2.60
  -9972.931    -0.599    -1.58    0.66
  -9596.538     0.908     4.00    3.72
  -9220.150     1.884     2.59    4.36
  -8843.765     2.013     0.34    4.13
  -8467.385     0.782    -3.27    4.52
  -8091.010    -0.757    -4.09    3.87
  -7714.639    -1.731    -2.59    3.37
  -7338.272    -1.974    -0.65    3.74
  -6961.910    -1.146     2.20    4.20
  -6585.552    -0.295     2.26    4.05
  -6209.198     0.436     1.94    4.49
  -5832.849     1.134     1.86    4.57
  -5456.504     1.783     1.72    5.06
  -5080.163     1.064    -1.91    4.65
  -4703.827     0.577    -1.29    3.58
  -4327.495     0.769     0.51    3.39
  -3951.168     0.320    -1.19    2.65
  -3574.845     0.269    -0.14    2.31
  -3198.526     0.620     0.93    2.68
  -2822.212     0.167    -1.21    2.65
  -2445.902    -0.231    -1.06    2.60
  -2069.597    -0.398    -0.44    2.62
  -1693.295    -0.731    -0.89    2.50
  -1316.998     0.169     2.39    3.51
   -940.706     0.810     1.70    3.18
   -564.418     0.659    -0.40    2.98
   -188.134     0.141    -1.38    2.79
    188.146    -0.731    -2.32    0.00
    564.421    -0.731     0.00    0.00
    940.692    -0.731     0.00    0.23
   1316.958    -0.784    -0.14    1.43
   1693.220    -1.474    -1.84    3.20
   2069.478    -2.731    -3.34    3.34
   2445.731     8.769    30.56   24.65
   2821.980    23.374    38.82   32.43
   3198.225    38.810    41.02   32.87
   3574.466    54.372    41.36   21.70
   3950.702    61.795    19.73   19.40
   4326.934    76.782    39.83   25.00
   4703.161    78.500     4.57   27.29
   5079.384    85.910    19.70   29.18
   5455.603    90.188    11.37   30.54
   5831.818    81.346   -23.50   39.18
   6208.028    71.506   -26.16   40.44
   6584.234    60.769   -28.54   32.79
   6960.435    65.480    12.52   38.11
   7336.632   114.810   131.13   88.76
   7712.825   153.927   103.98   96.04
   8089.014   196.243   112.49   83.11
   8465.198   238.863   113.29   64.67
   8841.378   233.874   -13.26   63.91
   9217.554   221.638   -32.53   57.89
   9593.725   200.053   -57.38   55.16
   9969.893   173.295   -71.13   20.79
  10346.055   169.918    -8.98   19.81
  10722.214   172.628     7.21   27.71
  11098.368   185.295    33.67   35.26
  11474.518   190.038    12.61   32.14
  11850.664   204.918    39.56   30.97
  12226.805   231.090    69.58   38.01
  12602.942   260.577    78.39   48.24
  12979.075   285.408    66.02   44.18
  13355.204   305.064    52.26   32.31
  13731.328   313.512    22.46   29.73
  14107.448   306.295   -19.19   27.89
  14483.564   294.526   -31.29   22.60
  14859.675   284.644   -26.27   16.11
  15235.782   287.980     8.87   20.04
  15611.885   284.216   -10.01   18.06
  15987.984   288.480    11.34   22.12
  16364.078   290.936     6.53   19.45
  16740.168   295.810    12.96   19.95
  17116.254   302.928    18.93   21.31
  17492.335   303.192     0.70   20.88
  17868.413   305.243     5.45   20.18
  18244.486   306.837     4.24   18.62
  18620.554   303.961    -7.65   14.05
  18996.619   306.500     6.75   12.67
  19372.679   306.102    -1.06   11.20
  19748.735   304.192    -5.08   10.69
  20124.787   302.741    -3.86   12.28
  20500.835   299.987    -7.32   12.87
  20876.878   296.423    -9.48    8.75
  21252.917   298.387     5.22   11.09
  21628.952   309.134    28.58   21.00
  22004.982   327.026    47.58   27.75
  22381.009   339.506    33.19   30.07
  22757.031   348.731    24.53   26.05
  23133.048   351.647     7.76   24.94
  23509.062   354.001     6.26   26.84
  23885.071   352.167    -4.88   25.21
  24261.077   355.115     7.84   25.61
  24637.078   356.111     2.65   25.25
  25013.074   359.927    10.15   29.13
  25389.067   361.064     3.02   28.18
  25765.055   360.102    -2.56   27.71
  26141.039   367.269    19.06   25.13
  26517.019   378.436    29.70   30.05
  26892.995   391.756    35.43   29.05
  27268.966   408.756    45.22   32.89
  27644.933   412.669    10.41   30.68
  28020.896   414.377     4.54   27.31
  28396.855   414.215    -0.43   26.06
  28772.809   411.427    -7.42   21.55
  29148.760   412.859     3.81   22.74
  29524.706   412.519    -0.90   22.34
  29900.648   416.074     9.46   25.94
  30276.586   421.269    13.82   26.35
  30652.519   422.053     2.08   27.32
  31028.449   421.638    -1.10   26.76
  31404.374   411.743   -26.32   19.98
  31780.295   407.115   -12.31   13.52
  32156.212   408.908     4.77   13.40
  32532.124   410.090     3.14   13.27
  32908.033   422.215    32.26   26.94
  33283.937   443.782    57.37   48.09
  33659.837   478.167    91.47   62.01
  34035.733   503.555    67.54   53.12
  34411.624   523.729    53.67   39.53
  34787.512   538.296    38.75   29.03
  35163.395   543.874    14.84   32.21
  35539.274   562.859    50.51   34.68
  35915.149   574.964    32.20   28.86
  36291.020   589.367    38.32   33.73
  36666.887   604.038    39.03   29.19
  37042.749   611.702    20.39   28.80
  37418.608   621.111    25.03   23.70
  37794.462   626.295    13.79   23.10
  38170.312   632.115    15.49   23.14
  38546.158   635.936    10.16   21.50
  38922.000   636.167     0.61   21.23
  39297.837   637.756     4.23   23.92
  39673.670   637.474    -0.75   23.49
  40049.500   633.719    -9.99   24.78
  40425.325   634.212     1.31   24.59
  40801.146   638.296    10.87   25.86
  41176.963   643.837    14.74   29.68
  41552.775   651.638    20.76   25.53
  41928.584   647.192   -11.83   32.03
  42304.388   634.404   -34.03   34.78
  42680.188   626.969   -19.78   26.16
  43055.984   625.602    -3.64   22.64
  43431.776   629.702    10.91   22.89
  43807.564   632.348     7.04   25.33
  44183.348   624.756   -20.20   31.62
  44559.127   623.401    -3.61   34.52
  44934.903   621.864    -4.09   41.76
  45310.674   616.192   -15.09   43.42
  45686.441   600.756   -41.08   41.08
  46062.204   589.619   -29.64   33.48
  46437.963   585.119   -11.98   22.46
  46813.718   575.583   -25.38   36.24
  47189.469   535.647  -106.28   74.39
  47565.216   479.026  -150.69   81.60
  47940.958   436.190  -114.00   62.04
  48316.696   398.219  -101.06   24.49
  48692.431   383.404   -39.43   19.58
  49068.161   375.144   -21.98   15.86
  49443.887   369.628   -14.68   14.70
  49819.609   366.874    -7.33   11.62
  50195.327   365.427    -3.85   14.35
  50571.041   363.654    -4.72   13.15
  50946.750   365.295     4.37   13.62
  51322.456   369.822    12.05   18.48
  51698.157   370.519     1.86   19.13
  52073.855   373.559     8.09   21.10
  52449.548   371.544    -5.36   21.15
  52825.237   368.444    -8.25   17.06
  53200.922   372.880    11.81   17.61
  53576.603   374.053     3.12   16.88
  53952.280   374.539     1.29   17.15
  54328.618   380.577    16.04   26.53
  54705.102   390.019    25.08   33.83
  55081.582   397.053    18.68   42.25
  55458.058   419.619    59.94   46.17
  55834.530   421.474     4.93   42.63
  56210.997   412.702   -23.30   39.06
  56587.461   404.638   -21.42   37.73
  56963.920   382.423   -59.01   26.89
  57340.376   366.167   -43.18   20.25
  57716.827   359.506   -17.69   19.34
  58093.275   349.319   -27.06   17.96
  58469.718   343.506   -15.44   16.78
  58846.157   337.744   -15.31   11.34
  59222.592   334.944    -7.44    5.51
  59599.023   329.964   -13.23    9.71
  59975.450   320.161   -26.04   17.60
  60351.873   303.269   -44.87   22.71
  60728.292   288.134   -40.21   18.08
  61104.706   277.756   -27.57   12.29
  61481.117   272.323   -14.43    5.62
  61857.523   270.833    -3.96    6.33
  62233.926   271.848     2.70    7.39
  62610.324   270.756    -2.90    6.43
  62986.719   271.115     0.96    7.56
  63363.109   273.013     5.04    9.24
  63739.496   274.449     3.81    9.84
  64115.878   276.559     5.61    8.18
  64492.256   274.833    -4.58    8.98
  64868.630   276.848     5.35   14.83
  65245.000   281.694    12.88   21.47
  65621.366   287.444    15.28   21.09
  65997.728   291.575    10.97   16.39
  66374.086   291.107    -1.24   12.50
  66750.440   285.647   -14.51    8.70
  67126.790   284.945    -1.87    9.78
  67503.136   283.141    -4.79   12.83
  67879.478   278.669   -11.88   14.96
  68255.815   271.119   -20.06   14.34
  68632.149   262.927   -21.77    9.70
  69008.479   259.464    -9.20    5.55
  69384.805   259.397    -0.18    4.34
  69761.126   260.374     2.60    4.45
  70137.444   262.705     6.19    4.69
  70513.758   265.320     6.95    7.12
  70890.067   268.449     8.31    7.17
  71266.373   274.769    16.80    9.80
  71642.674   278.397     9.64   10.89
  72018.972   280.194     4.77   17.09
  72395.265   290.408    27.14   30.52
  72771.555   307.702    45.96   40.83
  73147.840   320.188    33.18   47.58
  73524.122   337.864    46.97   58.61
  73900.400   362.654    65.88   66.99
  74276.673   369.498    18.19   76.64
  74652.943   358.194   -30.04   78.67
  75029.208   328.449   -79.05   86.76
  75405.470   290.519  -100.80   74.01
  75781.727   251.577  -103.50   18.32
  76157.981   246.215   -14.25    6.29
  76534.230   248.218     5.32    6.23
  76910.476   249.808     4.23    6.87
  77286.717   252.013     5.86    5.96
  77662.955   251.506    -1.35    6.23
  78039.188   251.346    -0.43    8.43
  78415.418   248.844    -6.65    8.06
  78791.644   247.325    -4.04    8.52
  79167.865   243.107   -11.21    7.14
  79544.083   237.585   -14.68    8.31
  79920.297   231.458   -16.28    8.97
  80296.506   225.320   -16.31    8.26
  80672.712   221.622    -9.83    6.48
  81048.914   222.833     3.22    7.33
  81425.112   224.474     4.36    7.99
  81801.305   226.325     4.92    7.18
  82177.495   229.167     7.55    7.24
  82553.681   229.945     2.07    8.18
  82929.863   232.705     7.34    8.69
  83306.041   235.474     7.36    6.71
  83682.215   236.192     1.91    6.36
  84058.385   235.848    -0.91    6.44
  84434.551   238.602     7.32    7.39
  84810.714   242.694    10.88    7.50
  85186.872   243.837     3.04    6.14
  85563.026   241.874    -5.22    6.59
  85939.176   238.874    -7.98    7.27
  86315.323   235.242    -9.66    6.07
  86691.465   233.453    -4.76    5.10
  87067.604   232.832    -1.65    4.98
  87443.738   236.269     9.14    8.34
  87819.869   245.115    23.52   16.30
  88195.996   252.158    18.72   19.08
  88572.118   265.782    36.22   22.57
  88948.237   274.296    22.64   19.68
  89324.352   275.346     2.79   20.61
  89700.463   269.961   -14.32   23.42
  90076.570   255.322   -38.92   20.60
  90452.673   242.164   -34.98   12.26
  90828.772   235.372   -18.06    7.21
  91204.868   233.844    -4.06    7.25
  91580.959   231.837    -5.34    7.85
  91957.046   233.679     4.90    9.70
  92333.130   244.295    28.23   19.62
  92709.209   255.404    29.54   21.54
  93085.285   264.295    23.64   14.51
  93461.357   264.769     1.26   12.43
  93837.425   253.602   -29.69   15.95
  94213.489   242.474   -29.59   13.11
  94589.549   235.620   -18.22   10.44
  94965.605   231.910    -9.87   10.02
  95341.657   231.686    -0.60   11.11
  95717.706   228.987    -7.18   11.32
  96093.750   225.808    -8.45   11.85
  96469.791   219.458   -16.88   11.03
  96845.827   212.679   -18.03    8.44
  97221.860   208.756   -10.43    5.96
  97597.889   206.884    -4.98    5.07
  97973.914   205.810    -2.86    5.62
  98349.935   204.423    -3.69    6.24
  98725.952   201.593    -7.52    6.01
  99101.966   198.638    -7.86    5.18
  99477.975   196.743    -5.04    5.29
  99853.981   195.457    -3.42    5.15
 100229.982   193.859    -4.25    4.79
 100605.980   192.577    -3.41    4.11
 100981.974   191.864    -1.90    2.78
 101357.964   191.346    -1.38    1.87
 101733.951   191.547     0.53    1.75
 102109.933   191.474    -0.19    1.84
 102485.911   191.397    -0.20    2.10
 102861.886   191.053    -0.92    2.94
 103237.857   190.115    -2.49    3.00
 103613.824   189.192    -2.46    2.74
 103989.787   188.987    -0.55    2.89
 104365.746   189.161     0.46    2.66
 104741.701   190.269     2.95    3.17
 105117.653   191.485     3.23    3.52
 105493.600   194.164     7.12    4.71
 105869.544   197.480     8.82    5.43
 106245.484   201.019     9.41    5.67
 106621.420   204.936    10.42    5.81
 106997.352   209.141    11.19    7.21
 107373.281   213.810    12.42    8.34
 107749.205   219.731    15.75    8.80
 108125.126   222.602     7.64    7.32
 108501.043   222.474    -0.34    7.27
 108876.956   220.269    -5.87    6.31
 109252.865   216.485   -10.07    4.39
 109628.770   214.243    -5.96    3.18
 110004.672   213.602    -1.71    3.85
 110380.570   213.551    -0.14    4.67
 110756.463   212.512    -2.76    5.96
 111132.353   208.602   -10.40    7.42
 111508.240   205.080    -9.37    7.29
 111884.122   201.374    -9.86    6.73
 112260.001   196.743   -12.32    7.13
 112635.875   192.363   -11.65    7.43
 113011.746   187.013   -14.23    5.31
 113387.614   184.141    -7.64    4.34
 113763.477   181.729    -6.42    3.65
 114139.336   180.884    -2.25    3.23
 114515.192   180.130    -2.01    2.97
 114891.044   179.577    -1.47    3.24
 115266.892   179.731     0.41    3.81
 115642.736   179.539    -0.51    3.65
 116018.577   180.269     1.94    3.76
 116394.414   181.167     2.39    4.50
 116770.247   184.243     8.19   11.40
 117146.076   188.837    12.22   13.99
 117521.901   192.884    10.77   14.02
 117897.722   197.918    13.39   18.96
 118273.540   196.348    -4.18   16.58
 118649.354   193.085    -8.68   11.40
 119025.164   188.644   -11.82    3.91
 119400.971   190.038     3.71    4.57
 119776.773   192.731     7.16    6.97
 120152.572   194.404     4.45    5.08
 120528.367   196.243     4.89    4.57
 120904.158   197.512     3.38    5.18
 121279.946   198.090     1.54    4.49
 121655.729   199.192     2.93    4.60
 122031.509   200.512     3.51    4.80
 122407.286   202.006     3.97    4.66
 122783.058   202.731     1.93    3.89
 123158.827   204.346     4.30    4.34
 123534.591   206.918     6.84    6.64
 123910.353   211.013    10.90    8.94
 124286.110   215.539    12.05    8.23
 124661.863   217.980     6.49    7.87
 125037.613   222.346    11.62   11.83
 125413.359   224.269     5.12   11.96
 125789.102   225.602     3.55   10.65
 126164.840   226.064     1.23   11.37
 126540.575   223.080    -7.94    9.29
 126916.306   224.782     4.53   11.91
 127292.033   229.702    13.09   15.26
 127667.757   238.243    22.73   16.95
 128043.477   245.654    19.72   20.85
 128419.193   251.654    15.97   20.09
 128794.905   254.927     8.71   18.95
 129170.713   254.602    -0.86   18.30
 129547.169   259.551    13.15   17.24
 129923.622   255.593   -10.51   19.84
 130300.070   249.654   -15.78   23.56
 130676.515   238.188   -30.46   20.92
 131052.957   227.401   -28.66   12.91
 131429.394   220.269   -18.94   10.90
 131805.828   216.394   -10.29   11.07
 132182.258   212.090   -11.43    8.78
 132558.684   208.910    -8.45    7.81
 132935.107   206.999    -5.08    7.47
 133311.526   203.167   -10.18    8.98
 133687.941   198.047   -13.60    9.07
 134064.352   194.167   -10.31    9.94
 134440.760   190.090   -10.83    7.71
 134817.164   187.675    -6.42    5.47
 135193.564   188.961     3.42    7.01
 135569.961   191.141     5.79    7.13
 135946.353   194.372     8.58    7.50
 136322.742   196.350     5.26    6.13
 136699.128   196.372     0.06    5.71
 137075.509   194.945    -3.79    5.51
 137451.887   192.795    -5.71    4.40
 137828.261   191.980    -2.17    3.39
 138204.632   192.394     1.10    3.36
 138580.999   194.295     5.05    4.48
 138957.362   197.374     8.18    4.65
 139333.721   199.161     4.75    3.84
 139710.077   199.064    -0.26    4.31
 140086.429   196.936    -5.65    4.81
 140462.777   193.453    -9.25    5.52
 140839.121   191.474    -5.26    4.50
 141215.462   191.593     0.32    4.92
 141591.799   193.910     6.16    6.24
 141968.133   196.628     7.22    6.43
 142344.463   199.500     7.63    6.44
 142720.789   201.269     4.70    5.04
 143097.111   201.961     1.84    4.26
 143473.430   203.350     3.69    4.17
 143849.745   202.404    -2.51    3.82
 144226.056   200.026    -6.32    4.30
 144602.364   198.800    -3.26    4.55
 144978.668   198.782    -0.05    4.77
 145354.968   197.115    -4.43    5.40
 145731.265   194.485    -6.99    6.25
 146107.558   190.593   -10.34    4.21
 146483.847   189.325    -3.37    3.99
 146860.133   190.453     3.00    5.48
 147236.415   193.090     7.01    6.57
 147612.693   194.161     2.85    6.52
 147988.968   194.218     0.15    5.83
 148365.239   195.427     3.21    4.98
 148741.506   195.551     0.33    5.02
 149117.770   197.918     6.29    5.99
 149494.030   198.944     2.73    6.22
 149870.286   200.134     3.16    6.44
 150246.539   200.512     1.01    5.58
 150622.788   201.269     2.01    5.21
 150999.033   201.755     1.29    4.55
 151375.275   201.833     0.21    4.38
 151751.513   202.782     2.52    4.75
 152127.747   203.647     2.30    4.47
 152503.978   205.620     5.24    3.47
 152880.205   206.186     1.50    3.13
 153256.429   207.190     2.67    3.54
 153632.649   208.419     3.27    3.61
 154008.865   209.323     2.40    3.65
 154385.078   209.756     1.15    3.52
 154761.287   210.322     1.50    3.92
 155137.492   212.295     5.25    3.92
 155513.694   212.404     0.29    3.74
 155889.892   212.469     0.17    3.66
 156266.087   211.927    -1.44    3.55
 156642.277   211.647    -0.74    3.28
 157018.465   211.431    -0.57    4.04
 157394.648   212.519     2.89    3.81
 157770.828   212.192    -0.87    3.98
 158147.005   212.064    -0.34    4.28
 158523.178   213.075     2.69    5.03
 158899.347   214.026     2.53    5.24
 159275.512   215.783     4.67    6.83
 159651.674   216.638     2.27    6.90
 160027.833   215.494    -3.04    6.80
 160403.987   214.404    -2.90    6.50
 160780.139   214.628     0.60    5.38
 161156.286   214.716     0.23    4.69
 161532.430   216.782     5.49    5.04
 161908.570   219.918     8.34    5.90
 162284.707   223.294     8.98    8.74
 162660.840   225.716     6.44   10.05
 163036.970   227.936     5.90   11.31
 163413.096   230.322     6.34   11.17
 163789.218   236.325    15.96   13.27
 164165.337   238.551     5.92   13.31
 164541.452   242.192     9.68   12.30
 164917.564   246.686    11.95   15.22
 165293.672   254.512    20.81   15.05
 165669.777   260.296    15.38   12.51
 166045.877   263.559     8.67   11.01
 166421.975   261.294    -6.02    9.99
 166798.069   258.945    -6.25   11.15
 167174.159   255.987    -7.86   11.58
 167550.245   253.743    -5.97   11.25
 167926.328   250.064    -9.78   11.06
 168302.408   246.972    -8.22   11.39
 168678.484   244.319    -7.05   10.18
 169054.556   239.901   -11.75   12.12
 169430.625   237.880    -5.37   10.86
 169806.690   235.638    -5.96   10.24
 170182.752   233.269    -6.30   10.63
 170558.810   234.961     4.50   10.32
 170934.865   237.192     5.93    7.70
 171310.916   237.269     0.20    7.40
 171686.963   233.972    -8.77   10.91
 172063.007   225.296   -23.07   16.54
 172439.047   218.999   -16.75   14.53
 172815.084   220.969     5.24   15.63
 173191.117   223.539     6.83   16.05
 173567.147   231.243    20.49   11.42
 173943.173   232.743     3.99   10.80
 174319.196   231.013    -4.60   11.04
 174695.215   231.891     2.33   10.25
 175071.231   237.319    14.44   11.23
 175447.243   242.111    12.74    8.84
 175823.251   241.964    -0.39    9.71
 176199.256   239.427    -6.75    9.80
 176575.258   235.458   -10.55   11.48
 176951.256   233.372    -5.55   13.65
 177327.250   230.243    -8.32   14.64
 177703.241   228.812    -3.81   15.67
 178079.229   231.188     6.32   16.19
 178455.212   232.756     4.17   14.85
 178831.193   234.891     5.68   15.58
 179207.170   235.444     1.47   15.78
 179583.143   231.296   -11.03   17.08
 179959.113   226.756   -12.07   19.21
 180335.079   219.453   -19.42   17.96
 180711.042   212.526   -18.43   16.02
 181087.001   207.134   -14.34   15.22
 181462.957   206.090    -2.78   14.84
 181838.909   203.295    -7.43   14.22
 182214.858   205.186     5.03   18.65
 182590.803   203.972    -3.23   18.25
 182966.745   203.512    -1.22   16.86
 183342.684   201.859    -4.40   15.25
 183718.618   201.295    -1.50   12.76
 184094.550   199.469    -4.86   10.40
 184470.478   202.431     7.88   11.39
 184846.402   204.350     5.10   11.87
 185222.323   203.647    -1.87   10.05
 185598.240   201.894    -4.66   10.21
 185974.154   198.837    -8.13    9.63
 186350.064   195.064   -10.04    8.11
 186725.971   192.506    -6.80    7.81
 187101.875   192.731     0.60    7.23
 187477.775   194.675     5.17    9.65
 187853.671   198.094     9.10   13.82
 188229.564   205.874    20.70   16.28
 188605.454   215.630    25.95   17.56
 188981.340   218.891     8.67   16.21
 189357.223   223.215    11.50   17.84
 189733.102   225.782     6.83   21.58
 190108.978   227.602     4.84   25.93
 190484.850   232.441    12.87   27.26
 190860.719   241.647    24.49   28.20
 191236.584   245.323     9.78   27.51
 191612.446   252.188    18.26   22.68
 191988.304   250.319    -4.97   20.03
 192364.159   246.783    -9.41   20.81
 192740.011   236.474   -27.43   20.57
 193115.859   228.085   -22.32   18.72
 193491.703   227.192    -2.38   21.05
 193867.545   226.702    -1.31   21.45
 194243.382   227.169     1.24   22.53
 194619.217   222.401   -12.69   20.84
 194995.048   212.658   -25.92   17.75
 195370.875   213.783     2.99   24.25
 195746.699   226.269    33.22   35.85
 196122.520   239.269    34.59   34.13
 196498.337   263.679    64.95   22.49
 196874.150   274.069    27.64   16.67
 197249.961   280.215    16.35   17.66
 197625.767   286.296    16.18   13.99
 198001.571   290.729    11.79   11.16
 198377.371   292.919     5.83   12.53
 198753.167   297.566    12.37   13.20
 199128.961   301.013     9.17   13.84
 199504.750   305.216    11.19   13.16
 199880.537   305.808     1.57   15.33
 200256.319   306.107     0.80   15.16
 200632.099   307.098     2.64   15.92
 201007.875   308.559     3.89   15.38
 201383.648   310.741     5.81   15.39
 201759.417   309.918    -2.19   14.29
 202135.183   310.714     2.12   12.69
 202510.945   312.269     4.14   12.05
 202886.704   310.218    -5.46   10.97
 203262.460   312.019     4.79   10.52
 203638.212   310.348    -4.45    7.88
 204013.961   308.323    -5.39    6.21
 204390.013   307.891    -1.15    6.18
 204766.429   309.269     3.66    6.94
 205142.842   310.783     4.02    7.65
 205519.252   311.167     1.02    7.41
 205895.658   313.611     6.49   10.17
 206272.061   317.731    10.94   11.45
 206648.460   322.377    12.34   11.23
 207024.856   325.440     8.14    8.12
 207401.249   326.628     3.16    8.51
 207777.638   325.964    -1.77   13.87
 208154.024   319.269   -17.79   17.18
 208530.406   308.991   -27.31   15.42
 208906.785   301.848   -18.98   11.05
 209283.161   298.936    -7.74    7.89
 209659.533   299.027     0.24    8.91
 210035.902   299.532     1.34   11.31
 210412.267   299.348    -0.49   11.95
 210788.630   298.891    -1.22   10.19
 211164.988   302.500     9.59   11.93
 211541.344   305.053     6.78   11.20
 211917.696   311.859    18.08    8.51
 212294.044   314.731     7.63    7.43
 212670.390   318.218     9.27   13.66
 213046.731   322.107    10.33   16.91
 213423.070   321.910    -0.52   18.49
 213799.405   322.397     1.29   21.42
 214175.737   325.075     7.11   22.47
 214552.065   325.756     1.81   25.19
 214928.391   335.638    26.26   31.55
 215304.712   347.874    32.52   43.06
 215681.031   356.833    23.81   48.95
 216057.346   362.582    15.27   49.33
 216433.657   357.782   -12.75   44.00
 216809.966   345.474   -32.70   35.16
 217186.271   339.566   -15.70   26.07
 217562.572   330.859   -23.14   23.15
 217938.871   325.675   -13.78   22.73
 218315.166   323.782    -5.03   20.05
 218691.457   321.705    -5.52   16.30
 219067.746   321.111    -1.58   16.87
 219444.030   321.611     1.33   13.38
 219820.312   319.833    -4.72   12.18
 220196.590   317.679    -5.72    9.36
 220572.865   318.214     1.42    9.08
 220949.137   321.512     8.77   10.00
 221325.405   322.453     2.50    8.59
 221701.670   323.431     2.60    9.37
 222077.932   321.141    -6.09    9.51
 222454.190   319.582    -4.14    9.68
 222830.445   320.474     2.37   11.31
 223206.697   320.218    -0.68   11.01
 223582.945   320.491     0.73   12.07
 223959.190   319.474    -2.70    9.50
 224335.432   319.945     1.25    9.13
 224711.670   317.833    -5.61    8.95
 225087.906   319.577     4.63    8.85
 225464.137   319.874     0.79    7.90
 225840.366   319.453    -1.12    6.38
 226216.591   320.833     3.67    6.78
 226592.813   336.169    40.76   36.04
 226969.032   372.783    97.31   62.60
 227345.247   411.506   102.92   65.92
 227721.459   452.322   108.49   44.77
 228097.668   471.134    50.00   13.94
 228473.873   475.215    10.85    7.03
 228850.075   475.740     1.39    8.64
 229226.274   474.500    -3.30   10.65
 229602.469   469.884   -12.27   12.46
 229978.662   463.852   -16.03   13.15
 230354.851   457.910   -15.80   11.25
 230731.036   452.741   -13.74    7.54
 231107.219   449.705    -8.07    7.89
 231483.398   447.138    -6.82   10.72
 231859.574   443.053   -10.86   14.20
 232235.746   443.783     1.94   25.51
 232611.916   445.782     5.31   35.55
 232988.082   440.342   -14.46   34.64
 233364.245   444.880    12.06   57.67
 233740.404   438.190   -17.78   47.02
 234116.560   436.980    -3.22   44.79
 234492.713   447.972    29.22   69.36
 234868.863   459.810    31.47   75.75
 235245.009   482.641    60.69   84.50
 235621.153   497.936    40.66   74.04
 235997.292   499.013     2.86   58.58
 236373.429   496.602    -6.41   41.62
 236749.563   477.500   -50.78   30.09
 237125.693   461.852   -41.60   32.73
 237501.820   445.192   -44.29   33.65
 237877.943   426.884   -48.67   22.27
 238254.064   422.059   -12.83   10.66
 238630.181   425.638     9.51   10.50
 239006.295   431.577    15.79    8.90
 239382.405   439.318    20.58   13.75
 239758.513   448.080    23.30   21.91
 240134.617   458.013    26.41   28.06
 240510.718   470.690    33.71   29.64
 240886.816   483.458    33.95   32.57
 241262.910   499.837    43.55   34.04
 241639.002   515.898    42.70   32.13
 242015.090   534.218    48.71   32.76
 242391.174   539.394    13.76   43.52
 242767.256   535.936    -9.20   52.78
 243143.334   533.090    -7.57   61.84
 243519.410   524.630   -22.49   60.59
 243895.481   504.243   -54.21   28.32
 244271.550   496.526   -20.52   20.68
 244647.616   492.322   -11.18   16.28
 245023.678   488.743    -9.52   10.77
 245399.737   489.782     2.76    9.69
 245775.793   494.369    12.20   12.24
 246151.845   495.972     4.26   13.46
 246527.895   497.269     3.45   15.20
 246903.941   502.322    13.44   16.73
 247279.984   510.756    22.43   16.03
 247656.024   527.512    44.56   28.25
 248032.061   543.212    41.75   34.46
 248408.094   562.808    52.11   37.54
 248784.124   585.019    59.07   30.98
 249160.151   598.729    36.46   22.25
 249536.175   614.167    41.05   18.88
 249912.196   633.352    51.02   41.80
 250288.213   684.322   135.54   93.24
 250664.227   757.218   193.85  112.98
 251040.239   804.427   125.55  106.09
 251416.246   858.901   144.87   66.71
 251792.251   876.526    46.87   45.32
 252168.253   871.219   -14.11   23.47
 252544.251   863.485   -20.57   12.30
 252920.246   851.669   -31.42   30.30
 253296.238   842.269   -25.00   38.31
 253672.227   834.431   -20.84   38.47
 254048.213   779.458  -146.20   82.46
 254424.195   721.964  -152.91   89.59
 254800.174   668.295  -142.74   68.50
 255176.150   633.194   -93.35   14.16
 255552.123   627.485   -15.18    8.84
 255928.093   627.987     1.33    8.35
 256304.060   633.945    15.85    8.71
 256680.023   642.006    21.44   11.88
 257055.984   652.397    27.64   15.24
 257431.941   661.506    24.23   15.08
 257807.895   664.164     7.07   16.00
 258183.846   653.064   -29.52   35.05
 258559.793   634.019   -50.66   40.39
 258935.738   613.864   -53.61   33.44
 259311.679   601.644   -32.50   25.37
 259687.618   593.716   -21.09   19.42
 260063.553   583.566   -27.00   17.01
 260439.485   573.891   -25.74   19.53
 260815.414   563.436   -27.81   20.99
 261191.339   549.474   -37.14   20.05
 261567.262   541.119   -22.22   15.75
 261943.181   534.880   -16.60   15.56
 262319.098   536.044     3.10   18.85
 262695.011   544.138    21.53   20.83
 263070.921   564.705    54.71   42.51
 263446.828   591.449    71.14   43.33
 263822.732   609.638    48.38   34.69
 264198.632   621.085    30.45   29.28
 264574.530   620.611    -1.26   27.06
 264950.424   635.344    39.19   36.27
 265326.315   657.377    58.61   35.17
 265702.204   673.369    42.54   33.59
 266078.089   680.164    18.08   23.58
 266453.971   667.512   -33.66   26.75
 266829.849   652.188   -40.77   31.63
 267205.725   632.658   -51.96   33.92
 267581.598   609.013   -62.90   35.15
 267957.467   586.544   -59.77   33.38
 268333.334   567.810   -49.84   32.82
 268709.197   553.644   -37.69   34.87
 269085.057   548.795   -12.90   40.83
 269460.914   533.884   -39.67   40.25
 269836.768   515.423   -49.12   40.27
 270212.619   497.269   -48.30   31.55
 270588.467   481.825   -41.09   19.54
 270964.312   473.769   -21.43   10.04
 271340.153   469.469   -11.44   10.39
 271715.992   466.547    -7.77   11.27
 272091.827   463.372    -8.45   10.19
 272467.660   463.164    -0.55    8.87
 272843.489   464.485     3.52    8.28
 273219.315   468.431    10.50    6.51
 273595.138   485.323    44.94   41.18
 273970.958   521.423    96.05   66.25
 274346.775   552.494    82.67   62.88
 274722.589   573.485    55.85   51.20
 275098.400   567.394   -16.21   49.51
 275474.207   539.322   -74.69   47.35
 275850.012   516.322   -61.20   43.80
 276225.814   489.822   -70.51   30.31
 276601.612   480.243   -25.49   25.71
 276977.408   467.297   -34.45   17.50
 277353.200   459.295   -21.29    7.49
 277728.989   458.320    -2.59    6.88
 278104.776   459.102     2.08    7.02
 278480.559   460.628     4.06    8.37
 278856.339   460.449    -0.48    9.44
 279232.116   461.539     2.90    9.76
 279608.368   463.485     5.17    9.15
 279984.754   468.431    13.14   10.21
 280361.136   477.449    23.96   18.20
 280737.515   486.513    24.08   18.57
 281113.892   495.188    23.05   20.36
 281490.265   506.244    29.37   17.51
 281866.635   516.164    26.35   22.96
 282243.002   529.690    35.94   25.47
 282619.366   550.810    56.11   42.15
 282995.727   606.449   147.82  102.25
 283372.085   658.453   138.17  116.88
 283748.440   723.519   172.87  124.54
 284124.792   764.216   108.13  128.70
 284501.141   810.186   122.14  132.91
 284877.487   870.372   159.91  144.58
 285253.830   947.449   204.79  143.50
 285630.170  1036.686   237.10  140.45
 286006.507  1132.350   254.18  130.16
 286382.840  1238.918   283.16  135.23
 286759.171  1322.322   221.61  104.90
 287135.499  1368.783   123.45   72.23
 287511.823  1389.195    54.24   77.92
