# NaN NaN NaN ;Mean Elev.(m), Avg Gradient(m/km), RMS Gradient(m/km) - SRTM1     
#   11.191  -4.067  14.227 ;Mean Elev.(m), Avg Gradient(m/km), RMS Gradient(m/km) - ASTER GDEM
#   10.412  -3.258  14.568 ;Mean Elev.(m), Avg Gradient(m/km), RMS Gradient(m/km) - GMTED2010 
  7    51.141 52474.59637288 12.30 296.562158   8.177586 10.339
  7    48.738 52474.59637353 14.81 296.561418   8.174286 10.339
  7    15.540 52474.59637546 25.62 296.559208   8.164366 10.339
  7    15.677 52474.59637611 28.48 296.558468   8.161066 10.339
  7    16.098 52474.59637675 36.11 296.557738   8.157756 10.339
  8    16.287 52509.59633359 39.89 296.570913   8.183726 10.482
  8    16.815 52509.59633423 28.29 296.570173   8.180426 10.482
  8    16.373 52509.59633488 27.66 296.569433   8.177116 10.482
  8    16.249 52509.59633552 26.01 296.568697   8.173811 10.973
  8    17.496 52509.59633617 24.48 296.567967   8.170511 10.973
  8    16.881 52509.59633681 26.23 296.567227   8.167201 10.973
  8    17.382 52509.59633745 25.96 296.566497   8.163891 10.973
  8    17.659 52509.59633810 29.09 296.565757   8.160591 10.973
  9    56.424 52544.59633310  7.61 296.576465   8.196288  6.235
  9    54.917 52544.59633374  6.80 296.575725   8.192988  6.235
  9    54.039 52544.59633438  6.17 296.574995   8.189678  6.235
  9    53.079 52544.59633503  5.98 296.574255   8.186378  6.235
  9    15.237 52544.59633890 25.72 296.569840   8.166545  9.850
  9    16.010 52544.59633954 26.96 296.569100   8.163235  9.850
 10    52.135 52579.59637408  2.52 296.564466   8.176515  2.887
 10    49.337 52579.59637473  4.45 296.563726   8.173215  2.887
 10    47.503 52579.59637537  2.79 296.562996   8.169905  2.887
 10    61.362 52579.59637602  2.19 296.562256   8.166605  2.887
 10    42.974 52579.59637666  2.27 296.561516   8.163295  2.887
 10    70.187 52579.59637731  2.03 296.560776   8.159995  2.887
 11    51.560 52614.59634126  8.20 296.562801   8.177703  7.384
 11    50.877 52614.59634190  8.18 296.562071   8.174403  7.384
 11    48.829 52614.59634255  8.08 296.561331   8.171093  7.384
 11    46.822 52614.59634319  7.39 296.560591   8.167793  7.384
 11    39.404 52614.59634384 12.83 296.559861   8.164483  7.384
 11    12.721 52614.59634513 21.30 296.558391   8.157873  7.384
 12    55.178 52649.59631823  4.50 296.573683   8.190461  3.069
 12    54.035 52649.59631888  3.62 296.572943   8.187151  3.069
 12    52.492 52649.59631952  3.21 296.572211   8.183847 12.508
 12    50.544 52649.59632017  2.85 296.571471   8.180537 12.508
 12    50.508 52649.59632081  2.61 296.570731   8.177237 12.508
 12    45.446 52649.59632146  6.71 296.570001   8.173927 12.508
 12    37.015 52649.59632275 10.69 296.568521   8.167317 12.508
 13    55.643 52684.59629961  6.64 296.575884   8.195309  8.734
 13    55.108 52684.59630026  5.61 296.575144   8.192009  8.734
 13    54.362 52684.59630090  4.51 296.574404   8.188699  8.734
 13    53.085 52684.59630155  3.15 296.573674   8.185399  8.734
 13    52.101 52684.59630219  3.35 296.572934   8.182089  8.734
 13    50.230 52684.59630284  3.59 296.572194   8.178789  8.734
 13    49.458 52684.59630348  2.54 296.571464   8.175479  8.734
 13    47.454 52684.59630412  3.39 296.570724   8.172179  8.734
 13    44.690 52684.59630477  4.69 296.569994   8.168869  8.734
 13    43.569 52684.59630541  3.28 296.569254   8.165569  8.734
 14    12.057 52719.59635644 11.49 296.565308   8.178144  6.861
 14    13.589 52719.59635708 11.22 296.564568   8.174834  6.861
 14    10.759 52719.59635772 10.76 296.563828   8.171534  6.861
 14    11.727 52719.59635837 10.63 296.563098   8.168224  6.861
 14    12.908 52719.59635901 10.87 296.562358   8.164924  6.861
 14    13.037 52719.59635966 12.18 296.561628   8.161614  6.861
 15    54.433 52754.59638075  3.02 296.554534   8.178637  3.962
 15    53.177 52754.59638140  2.50 296.553789   8.175332  9.519
 15    51.156 52754.59638204  3.73 296.553059   8.172032  9.519
 15    49.041 52754.59638269  2.87 296.552319   8.168722  9.519
 15    46.545 52754.59638333  1.97 296.551589   8.165412  9.519
 15    43.616 52754.59638398  1.83 296.550849   8.162112  9.519
 15    40.182 52754.59638462  4.46 296.550109   8.158802  9.519
 16    52.792 52789.59632687  8.59 296.569131   8.183862  7.028
 16    51.476 52789.59632752  7.06 296.568401   8.180552  7.028
 16    50.026 52789.59632816  6.08 296.567661   8.177252  7.028
 16    48.632 52789.59632881  5.60 296.566921   8.173942  7.028
 16    46.415 52789.59632945  5.47 296.566181   8.170642  7.028
 16    44.672 52789.59633009  5.17 296.565451   8.167332  7.028
 17    51.095 52824.59639713  9.96 296.570860   8.184103 11.537
 17    50.556 52824.59639778  9.14 296.570120   8.180803 11.537
 17    49.872 52824.59639842  8.13 296.569390   8.177493 11.537
 18    16.142 52859.59644614 28.53 296.569447   8.168996 14.042
 18    16.161 52859.59644679 28.77 296.568707   8.165696 14.042
 18    16.752 52859.59644743 37.08 296.567977   8.162386 14.042
 19    16.400 52894.59647857 26.05 296.560876   8.162830 12.806
 19    16.868 52894.59647921 29.41 296.560146   8.159520 12.806
 20    51.706 52929.59642532  4.17 296.563197   8.178121 10.799
 20    49.525 52929.59642597  5.58 296.562457   8.174821 10.799
 20    14.150 52929.59642854 24.05 296.559517   8.161591 10.799
 20    14.765 52929.59642919 35.36 296.558777   8.158291 10.799
 21    54.998 52964.59640964  7.53 296.575362   8.193470  9.698
 21    53.402 52964.59641029  7.20 296.574622   8.190170  9.698
 21    53.387 52964.59641093  5.63 296.573892   8.186860  9.698
 21    52.195 52964.59641158  4.95 296.573152   8.183560  9.698
 21    49.581 52964.59641287  4.05 296.571682   8.176950  9.698
 21    33.262 52964.59641351 11.19 296.570942   8.173640  9.698
 21    13.099 52964.59641544 26.43 296.568732   8.163730  9.698
 22    50.191 52999.59644928  2.81 296.560034   8.175316  9.295
 22    48.705 52999.59644993  2.83 296.559294   8.172016  9.295
 22    46.745 52999.59645057  3.14 296.558554   8.168706  9.295
 23    50.947 53034.59639921  3.47 296.563612   8.177520  2.815
 23    50.430 53034.59639986  2.77 296.562882   8.174220  2.815
 23    47.482 53034.59640050  2.82 296.562142   8.170910  2.815
 23    46.268 53034.59640115  2.54 296.561402   8.167610  2.815
 23    43.655 53034.59640179  2.35 296.560672   8.164300  2.815
 24    54.141 53069.59641489  4.33 296.569721   8.185675  2.794
 24    52.546 53069.59641553  4.35 296.568981   8.182375  2.794
 24    51.441 53069.59641618  3.45 296.568251   8.179065  2.794
 24    50.331 53069.59641682  2.74 296.567511   8.175765  2.794
 24    48.010 53069.59641747  3.42 296.566781   8.172455  2.794
 24    46.319 53069.59641811  2.55 296.566041   8.169155  2.794
 24    44.464 53069.59641876  2.52 296.565301   8.165845  2.794
 24    41.630 53069.59641940  2.53 296.564571   8.162545  2.794
 25    51.069 53104.59640097  3.27 296.562480   8.176700  2.816
 25    49.970 53104.59640162  2.73 296.561750   8.173400  2.816
 25    48.253 53104.59640226  2.54 296.561010   8.170090  2.816
 25    45.370 53104.59640291  2.21 296.560270   8.166790  2.816
 25    43.505 53104.59640355  2.10 296.559540   8.163480  2.816
 25    41.038 53104.59640419  2.56 296.558800   8.160180  2.816
 26    48.978 53139.59641970  9.29 296.571587   8.186671  8.258
 26    51.918 53139.59642035  7.22 296.570847   8.183371  8.258
 26    50.696 53139.59642099  6.73 296.570117   8.180061  8.258
 26    49.412 53139.59642164  5.69 296.569377   8.176761  8.258
 26    47.604 53139.59642228  5.27 296.568647   8.173451  8.258
 26    45.345 53139.59642292  5.47 296.567907   8.170151  8.258
 26    41.854 53139.59642357  7.28 296.567167   8.166841  8.258
 26    11.554 53139.59642486 18.59 296.565697   8.160231  8.258
 27    52.163 53174.59645803  7.73 296.567096   8.180407 11.113
 27    50.295 53174.59645868  6.70 296.566356   8.177107 11.113
 27    48.642 53174.59645932  7.81 296.565616   8.173797 11.113
 27    41.003 53174.59645997 12.71 296.564886   8.170497 11.113
 28    14.747 53209.59647604 22.81 296.564831   8.177529 14.848
 28    15.351 53209.59647668 22.12 296.564091   8.174219 14.848
 28    15.551 53209.59647733 21.62 296.563351   8.170919 14.848
 28    16.276 53209.59647797 21.07 296.562621   8.167609 14.848
 28    16.229 53209.59647862 22.29 296.561881   8.164309 14.848
 28    16.460 53209.59647926 23.15 296.561151   8.160999 14.848
 29    16.064 53244.59644240 43.69 296.569758   8.183499 13.887
 29    15.851 53244.59644304 38.91 296.569018   8.180189 13.887
 29    16.780 53244.59644369 32.33 296.568288   8.176889 13.887
 29    15.888 53244.59644433 31.86 296.567548   8.173579 13.887
 29    16.711 53244.59644498 29.74 296.566808   8.170279 13.887
 29    17.308 53244.59644562 26.72 296.566078   8.166969 13.887
 29    17.361 53244.59644627 27.53 296.565338   8.163669 13.887
 29    17.954 53244.59644691 36.53 296.564608   8.160359 13.887
 30    15.220 53279.59642378 27.27 296.567079   8.179267 12.300
 30    14.740 53279.59642443 24.14 296.566339   8.175957 12.300
 30    15.063 53279.59642507 23.63 296.565609   8.172657 12.300
 30    15.230 53279.59642572 22.52 296.564869   8.169347 12.300
 30    15.807 53279.59642636 22.46 296.564129   8.166047 12.300
 30    16.290 53279.59642701 23.95 296.563399   8.162737 12.300
 30    16.627 53279.59642765 34.70 296.562659   8.159437 12.300
 31    12.397 53314.59644843 21.60 296.563362   8.163234  9.931
 31    12.934 53314.59644907 24.18 296.562632   8.159924  9.931
 32    53.285 53349.59640975  6.84 296.571634   8.185465 10.056
 32    51.240 53349.59641040  7.10 296.570894   8.182165 10.056
 32    50.443 53349.59641104  5.81 296.570154   8.178855 10.056
 32    49.072 53349.59641169  6.09 296.569424   8.175555 10.056
 32    40.399 53349.59641233  9.65 296.568684   8.172245 10.056
 32    12.518 53349.59641427 20.96 296.566474   8.162335 10.056
 33    53.683 53384.59638604  5.56 296.569377   8.183958  2.714
 33    52.883 53384.59638669  4.42 296.568647   8.180658  2.714
 33    50.836 53384.59638733  4.25 296.567907   8.177348  2.714
 33    49.515 53384.59638798  4.05 296.567167   8.174048  2.714
 33    47.559 53384.59638862  4.09 296.566427   8.170738  2.714
 33    45.511 53384.59638927  3.57 296.565697   8.167438  2.714
 33    43.754 53384.59638991  3.74 296.564957   8.164128  2.714
 33    40.579 53384.59639056  3.60 296.564217   8.160828  2.714
 34    57.659 53419.59638878  5.32 296.580179   8.199666  3.162
 34    56.174 53419.59638942  5.28 296.579439   8.196366  3.162
 34    54.847 53419.59639006  4.27 296.578709   8.193056  3.162
 34    53.854 53419.59639071  4.01 296.577969   8.189756  3.162
 34    52.733 53419.59639135  3.99 296.577229   8.186446  3.162
 34    51.031 53419.59639200  3.61 296.576499   8.183146  3.162
 34    50.052 53419.59639264  3.14 296.575759   8.179836  3.162
 34    48.408 53419.59639329  3.08 296.575019   8.176536  3.162
 34    38.478 53419.59639393  9.03 296.574289   8.173226  3.162
 34    37.480 53419.59639458  7.93 296.573549   8.169926  3.162
 34    44.859 53419.59639522  2.85 296.572819   8.166616  3.162
 35    54.702 53454.59639642  4.49 296.573787   8.190127  2.804
 35    53.849 53454.59639706  3.72 296.573057   8.186817  2.804
 35    52.514 53454.59639771  3.26 296.572317   8.183517  2.804
 35    51.395 53454.59639835  2.83 296.571577   8.180207  2.804
 35    50.476 53454.59639900  2.88 296.570847   8.176907  2.804
 35    48.060 53454.59639964  3.24 296.570107   8.173597  2.804
 35    46.781 53454.59640029  2.71 296.569367   8.170297  2.804
 35    43.736 53454.59640093  3.43 296.568637   8.166987  2.804
 35    43.764 53454.59640158  2.81 296.567897   8.163687  2.804
 36    50.842 53489.59648441  3.18 296.559155   8.175830  2.768
 36    50.783 53489.59648505  2.66 296.558415   8.172530  2.768
 36    48.500 53489.59648570  3.10 296.557685   8.169220  2.768
 36    46.676 53489.59648634  2.31 296.556945   8.165920  2.768
 36    63.183 53489.59648699  2.38 296.556205   8.162610  2.768
 36    67.351 53489.59648763  2.66 296.555475   8.159310  2.768
 37    54.724 53524.59646754  6.72 296.573069   8.189069  2.759
 37    53.023 53524.59646819  6.73 296.572329   8.185769  2.759
 37    51.661 53524.59646883  5.64 296.571589   8.182459  2.759
 37    50.183 53524.59646948  5.64 296.570859   8.179159  2.759
 37    49.448 53524.59647012  5.61 296.570119   8.175849  2.759
 37    47.291 53524.59647077  5.54 296.569389   8.172549  2.759
 37    45.367 53524.59647141  5.60 296.568649   8.169239  2.759
 37    43.332 53524.59647206  5.52 296.567909   8.165939  2.759
 37    41.457 53524.59647270  5.46 296.567179   8.162629  2.759
 38    48.891 53559.59649759 10.58 296.559577   8.176941  9.766
 38    13.435 53559.59650017 42.95 296.556637   8.163721  9.766
 38    13.573 53559.59650081 36.29 296.555897   8.160411  9.766
 39    56.837 53594.59643090 15.86 296.577285   8.198053 13.750
 39    49.220 53594.59643154 20.93 296.576545   8.194743 13.750
 39    45.615 53594.59643219 21.72 296.575815   8.191433 13.750
 39    15.156 53594.59643541 35.49 296.572125   8.174913 13.750
 39    14.861 53594.59643605 36.06 296.571395   8.171603 13.750
 39    15.246 53594.59643670 36.56 296.570655   8.168303 13.750
 39    15.233 53594.59643734 41.27 296.569925   8.164993 13.750
 40    51.674 53629.59642825  4.50 296.562041   8.175762 12.894
 40    14.390 53629.59643083 25.10 296.559091   8.162542 12.894
 40    14.993 53629.59643147 29.19 296.558351   8.159242 12.894
 41    52.813 53664.59645196  4.34 296.563516   8.177441  4.313
 41    50.706 53664.59645261  4.15 296.562786   8.174131  4.313
 41    48.664 53664.59645325  3.56 296.562046   8.170831  4.313
 41    46.698 53664.59645389  3.52 296.561316   8.167521  4.313
 41    41.318 53664.59645518  5.00 296.559836   8.160911  4.313
 42    53.070 53699.59640727  7.02 296.570158   8.184892 10.841
 42    51.458 53699.59640792  6.02 296.569418   8.181592 10.841
 42    51.634 53699.59640856  5.08 296.568678   8.178282 10.841
 42    50.317 53699.59640921  4.26 296.567948   8.174982 10.841
 42    47.567 53699.59640985  4.61 296.567208   8.171672 10.841
 43    54.830 53734.59632828  6.32 296.573849   8.190636  2.904
 43    53.965 53734.59632893  5.82 296.573109   8.187326  2.904
 43    52.893 53734.59632957  4.12 296.572369   8.184026  2.904
 43    51.656 53734.59633022  4.03 296.571639   8.180716  2.904
 43    50.575 53734.59633086  3.27 296.570899   8.177406  2.904
 43    48.759 53734.59633151  3.84 296.570169   8.174106  2.904
 43    46.997 53734.59633215  2.81 296.569429   8.170796  2.904
 43    44.768 53734.59633280  2.61 296.568689   8.167496  2.904
 43    43.374 53734.59633344  2.82 296.567959   8.164186  2.904
 44    56.318 53769.59631223  9.28 296.577794   8.197810  3.292
 44    55.260 53769.59631287  8.95 296.577054   8.194510  3.292
 44    54.238 53769.59631352  7.95 296.576314   8.191200  3.292
 44    52.869 53769.59631416  7.27 296.575582   8.187896  9.178
 44    51.920 53769.59631481  6.40 296.574842   8.184586  9.178
 44    50.534 53769.59631545  6.40 296.574102   8.181286  9.178
 44    48.954 53769.59631610  4.91 296.573372   8.177976  9.178
 44    47.416 53769.59631674  5.20 296.572632   8.174676  9.178
 44    44.829 53769.59631739  7.90 296.571892   8.171366  9.178
 45    54.854 53804.59630892  5.55 296.573107   8.188848  2.710
 45    53.518 53804.59630957  4.65 296.572377   8.185548  2.710
 45    52.658 53804.59631021  3.96 296.571637   8.182238  2.710
 45    51.161 53804.59631086  4.00 296.570907   8.178938  2.710
 45    49.742 53804.59631150  3.05 296.570167   8.175628  2.710
 45    47.777 53804.59631214  3.12 296.569427   8.172328  2.710
 45    46.152 53804.59631279  2.68 296.568697   8.169018  2.710
 45    44.470 53804.59631343  2.35 296.567957   8.165718  2.710
 45    41.568 53804.59631408  2.44 296.567217   8.162408  2.710
 47    52.396 53874.59637613 11.47 296.570091   8.183145  5.094
 47    51.135 53874.59637677 10.76 296.569351   8.179835  5.094
 47    49.712 53874.59637742  9.81 296.568611   8.176535  5.094
 47    48.096 53874.59637806  9.28 296.567881   8.173225  5.094
 47    45.621 53874.59637871  9.16 296.567141   8.169925  5.094
 47    12.219 53874.59638064 22.01 296.564931   8.160005  5.094
 48    50.698 53909.59642307  5.39 296.561605   8.174963  2.129
 48    49.483 53909.59642371  5.80 296.560875   8.171663  2.129
 48    47.016 53909.59642436  6.12 296.560135   8.168353  2.129
 48    47.196 53909.59642500  5.75 296.559395   8.165053  2.129
 48    42.721 53909.59642565  6.18 296.558665   8.161743  2.129
 48    49.060 53909.59642629  5.79 296.557925   8.158443  2.129
 49    52.140 53944.59644466  5.96 296.557880   8.177814  9.184
 49    16.628 53944.59644853 28.94 296.553460   8.157984  9.184
 50    15.840 53979.59639303 30.44 296.564849   8.178789 11.757
 50    15.787 53979.59639368 27.79 296.564109   8.175489 11.757
 50    15.940 53979.59639432 25.39 296.563379   8.172179 11.757
 50    16.249 53979.59639497 24.74 296.562639   8.168879 11.757
 50    16.706 53979.59639561 25.53 296.561899   8.165569 11.757
 50    16.970 53979.59639626 24.64 296.561169   8.162269 11.757
 50    17.638 53979.59639690 29.43 296.560429   8.158959 11.757
 51    53.901 54014.59640654  6.67 296.572041   8.186587 12.480
 51    52.200 54014.59640719  6.68 296.571311   8.183287 12.480
 51    51.239 54014.59640783  6.17 296.570571   8.179977 12.480
 51    49.525 54014.59640848  5.28 296.569831   8.176677 12.480
 51    13.937 54014.59641106 26.19 296.566891   8.163457 12.480
 52    56.920 54049.59640901  8.86 296.579005   8.198272  3.726
 52    55.639 54049.59640965  8.19 296.578265   8.194972  3.726
 52    53.562 54049.59641029  8.30 296.577535   8.191662  3.726
 52    53.404 54049.59641094  7.13 296.576795   8.188362  3.726
 52    51.930 54049.59641158  5.86 296.576055   8.185052  3.726
 52    50.760 54049.59641223  5.60 296.575325   8.181749  9.294
 52    49.005 54049.59641287  4.93 296.574585   8.178439  9.294
 52    34.433 54049.59641352 11.43 296.573845   8.175139  9.294
 52    15.190 54049.59641416 16.46 296.573115   8.171829  9.294
 52    15.066 54049.59641481 19.64 296.572375   8.168529  9.294
 52    14.749 54049.59641545 20.94 296.571635   8.165219  9.294
 54    51.775 54119.59633271  6.29 296.566928   8.180213 10.371
 54    50.263 54119.59633335  4.89 296.566198   8.176913 10.371
 54    49.490 54119.59633400  4.53 296.565458   8.173603 10.371
 54    46.917 54119.59633464  4.59 296.564718   8.170303 10.371
 55    51.002 54154.59636177  4.99 296.566322   8.177809  9.646
 55    50.331 54154.59636241  4.13 296.565582   8.174509  9.646
 55    47.234 54154.59636305  4.30 296.564842   8.171199  9.646
 55    40.310 54154.59636370  8.76 296.564112   8.167899  9.646
 56    51.818 54189.59632878  5.35 296.567318   8.180524  4.108
 56    50.997 54189.59632942  4.22 296.566578   8.177224  4.108
 56    49.496 54189.59633007  4.23 296.565848   8.173914  4.108
 56    47.029 54189.59633071  4.42 296.565108   8.170604  4.108
 56    43.885 54189.59633135  7.09 296.564378   8.167304  4.108
 56    36.983 54189.59633200 10.42 296.563637   8.163998  2.487
 56    39.811 54189.59633264  5.61 296.562907   8.160698  2.487
 57    51.815 54224.59637166  4.41 296.566816   8.178471  3.988
 57    49.838 54224.59637231  3.78 296.566086   8.175171  3.988
 57    48.767 54224.59637295  3.84 296.565346   8.171861  3.988
 57    46.192 54224.59637359  3.62 296.564606   8.168561  3.988
 57    37.569 54224.59637424  9.53 296.563875   8.165255  4.029
 58    52.547 54259.59639164  8.28 296.569078   8.183550  3.341
 58    51.138 54259.59639228  8.44 296.568338   8.180240  3.341
 58    51.066 54259.59639293  7.65 296.567598   8.176940  3.341
 58    47.970 54259.59639357  7.25 296.566868   8.173630  3.341
 58    46.479 54259.59639422  7.13 296.566128   8.170330  3.341
 58    44.576 54259.59639486  6.79 296.565388   8.167020  3.341
 58    43.782 54259.59639551  6.57 296.564659   8.163717  2.069
 58    45.029 54259.59639615  6.34 296.563919   8.160407  2.069
 59    42.914 54294.59639590 16.34 296.569193   8.181790  7.167
 59    13.629 54294.59639847 24.28 296.566254   8.168568  9.315
 59    14.081 54294.59639912 23.83 296.565514   8.165258  9.315
 59    14.452 54294.59639976 26.13 296.564774   8.161958  9.315
 60    52.826 54329.59638861 11.98 296.570691   8.184695  6.154
 60    15.874 54329.59639183 25.44 296.567001   8.168165  6.154
 60    16.155 54329.59639247 26.32 296.566265   8.164861 10.369
 60    16.538 54329.59639312 28.23 296.565535   8.161551 10.369
 61    15.281 54364.59633581 27.18 296.566761   8.177710  9.019
 61    15.153 54364.59633646 24.67 296.566031   8.174410  9.019
 61    15.064 54364.59633710 23.15 296.565291   8.171100  9.019
 61    15.617 54364.59633775 22.59 296.564551   8.167790  9.019
 61    16.161 54364.59633839 23.28 296.563821   8.164490  9.019
 61    16.411 54364.59633904 24.54 296.563080   8.161184 11.238
 62    45.491 54399.59632956 16.62 296.571051   8.186042  6.682
 62    49.738 54399.59633085  9.96 296.569581   8.179432  6.682
 62    13.824 54399.59633342 31.63 296.566631   8.166212  6.682
 62    14.234 54399.59633407 33.24 296.565891   8.162902  6.682
 63    53.137 54434.59628758  5.37 296.568979   8.183951  3.705
 63    51.710 54434.59628823  5.19 296.568249   8.180651  3.705
 63    50.180 54434.59628887  4.35 296.567509   8.177341  3.705
 63    49.708 54434.59628952  3.72 296.566779   8.174041  3.705
 63    42.491 54434.59629016  7.69 296.566039   8.170731  3.705
 63    39.243 54434.59629081  7.97 296.565299   8.167421  3.705
 63    40.837 54434.59629145  6.82 296.564569   8.164121  3.705
 64    53.727 54469.59631242 10.33 296.572520   8.187574  4.526
 64    52.047 54469.59631307 10.07 296.571780   8.184264  4.526
 64    50.513 54469.59631371  9.62 296.571040   8.180964  4.526
 64    48.219 54469.59631436  9.23 296.570310   8.177654  4.526
 64    47.866 54469.59631500  8.24 296.569570   8.174354  4.526
 64    43.461 54469.59631565 10.53 296.568830   8.171044  4.526
 65    52.539 54504.59630240  5.22 296.568522   8.182788 11.217
 65    51.327 54504.59630304  4.38 296.567792   8.179488 11.217
 65    49.594 54504.59630369  3.62 296.567052   8.176178 11.217
 65    48.826 54504.59630433  3.15 296.566322   8.172878 11.217
 65    46.237 54504.59630498  2.88 296.565582   8.169568 11.217
 65    38.304 54504.59630562  9.10 296.564842   8.166268 11.217
 66    53.252 54539.59632791  4.73 296.570714   8.185189  3.174
 66    51.558 54539.59632856  4.15 296.569974   8.181879  3.174
 66    50.372 54539.59632920  4.32 296.569234   8.178579  3.174
 66    50.269 54539.59632985  3.58 296.568504   8.175269  3.174
 66    48.052 54539.59633049  3.31 296.567764   8.171969  3.174
 66    45.398 54539.59633114  3.07 296.567034   8.168659  3.174
 66    66.583 54539.59633178  2.90 296.566294   8.165359  3.174
 66    41.304 54539.59633243  2.94 296.565554   8.162049  3.174
 67    53.035 54574.59630232  4.87 296.569366   8.184314  2.661
 67    51.542 54574.59630296  4.94 296.568626   8.181004  2.661
 67    50.148 54574.59630361  4.58 296.567886   8.177694  2.661
 67    50.170 54574.59630425  3.85 296.567156   8.174394  2.661
 67    46.044 54574.59630490  6.09 296.566416   8.171084  2.661
 67    44.402 54574.59630554  5.63 296.565676   8.167784  2.661
 67    42.411 54574.59630619  4.59 296.564946   8.164474  2.661
 67    42.001 54574.59630683  3.46 296.564206   8.161174  2.661
 68    53.326 54609.59632061  4.97 296.569195   8.184126  2.518
 68    51.685 54609.59632125  5.30 296.568465   8.180826  2.518
 68    50.703 54609.59632190  4.53 296.567725   8.177516  2.518
 68    50.202 54609.59632254  3.96 296.566985   8.174216  2.518
 68    47.723 54609.59632319  4.01 296.566255   8.170906  2.518
 68    45.504 54609.59632383  3.45 296.565515   8.167606  2.518
 68    43.205 54609.59632448  3.49 296.564785   8.164296  2.518
 68    41.846 54609.59632512  2.95 296.564045   8.160996  2.518
 69    53.597 54644.59632851 11.04 296.568591   8.185021  2.922
 69    50.740 54644.59632980 10.15 296.567121   8.178411  2.922
 69    50.193 54644.59633044  8.73 296.566381   8.175111  2.922
 69    47.477 54644.59633109  8.92 296.565651   8.171801  2.922
 69    45.857 54644.59633173  8.87 296.564911   8.168501  2.922
 69    37.996 54644.59633237 12.91 296.564181   8.165191  2.922
 69    41.047 54644.59633302  8.28 296.563441   8.161891  2.922
 70    15.442 54679.59633095 35.43 296.566966   8.178535 11.739
 70    15.506 54679.59633159 33.23 296.566226   8.175225 11.739
 70    15.635 54679.59633223 34.03 296.565486   8.171925 11.739
 70    15.879 54679.59633288 35.34 296.564756   8.168615 11.739
 70    15.681 54679.59633352 35.79 296.564016   8.165315 11.739
 70    16.154 54679.59633417 32.85 296.563286   8.162005 11.739
 71    14.540 54714.59628163 40.64 296.569353   8.182086 16.468
 71    15.374 54714.59628228 29.27 296.568613   8.178776 16.468
 71    14.922 54714.59628292 26.59 296.567873   8.175466 16.468
 71    15.015 54714.59628357 25.34 296.567143   8.172166 16.468
 71    15.511 54714.59628421 23.31 296.566403   8.168856 16.468
 71    16.238 54714.59628486 23.81 296.565663   8.165556 16.468
 71    16.680 54714.59628550 25.18 296.564933   8.162246 16.468
 72    13.359 54749.59630419 32.77 296.564344   8.165518 11.961
 72    13.459 54749.59630484 32.96 296.563604   8.162208 11.961
 73    52.957 54784.59626991  4.20 296.569207   8.183683 11.581
 73    52.992 54784.59627055  3.18 296.568477   8.180383 11.581
 73    51.211 54784.59627120  3.15 296.567737   8.177073 11.581
 73    48.014 54784.59627184  3.77 296.566997   8.173773 11.581
 73    40.483 54784.59627249  7.87 296.566267   8.170463 11.581
 74    52.723 54819.59629283  4.78 296.569667   8.183140  8.314
 74    45.860 54819.59629348  9.23 296.568927   8.179830  8.314
 74    49.431 54819.59629412  5.37 296.568187   8.176530  8.314
 74    47.372 54819.59629477  5.81 296.567457   8.173220  8.314
 74    12.259 54819.59629670 19.21 296.565247   8.163310  8.314
 74    12.755 54819.59629735 22.80 296.564507   8.160000  8.314
 75    53.794 54854.59626653  2.51 296.569470   8.183721 10.377
 75    53.070 54854.59626717  2.10 296.568730   8.180411 10.377
 75    50.203 54854.59626782  1.82 296.568000   8.177111 10.377
 75    49.689 54854.59626846  1.57 296.567260   8.173801 10.377
 75    47.032 54854.59626911  2.42 296.566520   8.170501 10.377
 75    43.588 54854.59626975  4.98 296.565790   8.167191 10.377
 76    52.124 54889.59629911  1.97 296.565673   8.177455  8.416
 76    50.784 54889.59629975  1.64 296.564943   8.174145  8.416
 76    47.907 54889.59630040  2.13 296.564203   8.170845  8.416
 76    46.369 54889.59630104  1.39 296.563473   8.167535  8.416
 76    43.554 54889.59630169  2.16 296.562733   8.164235  8.416
 77    52.006 54924.59626683  1.78 296.564969   8.176784  8.931
 77    49.906 54924.59626748  1.86 296.564239   8.173484  8.931
 77    47.854 54924.59626812  2.00 296.563499   8.170174  8.931
 77    45.517 54924.59626877  1.58 296.562759   8.166874  8.931
 77    42.670 54924.59626941  3.36 296.562029   8.163564  8.931
 78    52.995 54959.59629541  2.18 296.567240   8.180014  7.012
 78    51.636 54959.59629606  1.36 296.566500   8.176714  7.012
 78    49.565 54959.59629670  1.59 296.565770   8.173404  7.012
 78    46.940 54959.59629735  1.91 296.565030   8.170104  7.012
 78    61.655 54959.59629799  1.51 296.564290   8.166794  7.012
 78    42.464 54959.59629863  2.44 296.563560   8.163494  7.012
 79    50.672 54994.59631841  3.87 296.564867   8.177595  3.528
 79    50.648 54994.59631906  2.53 296.564137   8.174285  3.528
 79    48.355 54994.59631970  2.58 296.563397   8.170985  3.528
 79    46.353 54994.59632035  2.11 296.562667   8.167675  3.528
 79    43.795 54994.59632099  2.24 296.561927   8.164375  3.528
 79    40.965 54994.59632164  2.31 296.561187   8.161065  3.528
 81    14.140 55064.59629799 28.47 296.569411   8.183038 13.462
 81    13.823 55064.59629864 26.60 296.568671   8.179728 13.462
 81    13.529 55064.59629928 22.66 296.567941   8.176428 13.462
 81    13.330 55064.59629993 22.65 296.567201   8.173118 13.462
 81    13.978 55064.59630057 22.13 296.566461   8.169818 13.462
 81    14.543 55064.59630122 22.01 296.565731   8.166508 13.462
 81    15.102 55064.59630186 23.51 296.564991   8.163208 13.462
 81    15.497 55064.59630251 26.52 296.564261   8.159898 13.462
 82    13.224 55099.59624617 20.82 296.562527   8.165194 15.459
 82    13.366 55099.59624681 21.98 296.561797   8.161884 15.459
 83    51.768 55134.59624345  4.72 296.568566   8.182255  2.926
 83    52.089 55134.59624410  4.51 296.567826   8.178955  2.926
 83    51.056 55134.59624474  3.79 296.567096   8.175645  2.926
 83    52.910 55134.59624539  4.11 296.566356   8.172345  2.926
 83    58.983 55134.59624603  3.92 296.565626   8.169035  2.926
 83    65.233 55134.59624668  4.23 296.564886   8.165735  2.926
 83    69.452 55134.59624732  4.03 296.564146   8.162425  2.926
 84    53.201 55169.59620650  4.66 296.569903   8.185153  6.736
 84    51.356 55169.59620714  3.95 296.569163   8.181843  6.736
 84    50.587 55169.59620778  3.44 296.568433   8.178543  6.736
 84    49.501 55169.59620843  2.98 296.567693   8.175233  6.736
 84    47.109 55169.59620907  4.38 296.566953   8.171933  6.736
 84    45.702 55169.59620972  2.42 296.566223   8.168623  6.736
 84    65.996 55169.59621036  2.64 296.565483   8.165323  6.736
 85    53.057 55204.59623590  7.65 296.568902   8.184242  9.240
 85    51.004 55204.59623655  7.46 296.568162   8.180932  9.240
 85    50.053 55204.59623719  6.33 296.567422   8.177632  9.240
 85    48.082 55204.59623784  5.69 296.566692   8.174322  9.240
 85    46.442 55204.59623848  5.38 296.565952   8.171022  9.240
 85    42.432 55204.59623913  7.71 296.565212   8.167712  9.240
 86    50.805 55239.59621517  4.14 296.566189   8.177948  2.838
 86    50.656 55239.59621581  2.83 296.565449   8.174638  2.838
 86    48.324 55239.59621646  3.31 296.564709   8.171338  2.838
 86    45.353 55239.59621710  2.98 296.563979   8.168028  2.838
 86    43.324 55239.59621775  3.15 296.563239   8.164728  2.838
 86    67.535 55239.59621839  2.26 296.562509   8.161418  2.838
 87    53.551 55274.59622948  3.75 296.568500   8.184681  2.943
 87    51.818 55274.59623077  3.24 296.567020   8.178071  2.943
 87    49.755 55274.59623141  2.80 296.566290   8.174761  2.943
 87    48.000 55274.59623206  2.87 296.565550   8.171461  2.943
 87    46.330 55274.59623270  2.81 296.564820   8.168151  2.943
 87    43.910 55274.59623335  2.56 296.564080   8.164851  2.943
 87    69.202 55274.59623399  2.40 296.563340   8.161541  2.943
 88    53.776 55309.59619647  4.88 296.569141   8.184453  2.338
 88    51.391 55309.59619776  3.84 296.567671   8.177843  2.338
 88    50.175 55309.59619841  2.48 296.566931   8.174533  2.338
 88    47.588 55309.59619905  2.91 296.566201   8.171233  2.338
 88    45.637 55309.59619970  2.69 296.565461   8.167923  2.338
 88    43.530 55309.59620034  2.93 296.564721   8.164623  2.338
 88    42.063 55309.59620099  2.42 296.563991   8.161313  2.338
 89    32.650 55344.59619783 19.81 296.570423   8.184974 10.770
 89    51.125 55344.59619847 14.57 296.569693   8.181674 10.770
 89    50.688 55344.59619912 11.79 296.568953   8.178364 10.770
 89    48.652 55344.59619976 11.67 296.568213   8.175064 10.770
 90    53.657 55379.59619219 10.71 296.569115   8.185097 11.494
 90    14.328 55379.59619671 28.56 296.563965   8.161967 11.494
 91    16.874 55414.59621722 40.51 296.570218   8.185741 15.868
 91    15.697 55414.59621787 46.12 296.569488   8.182441 15.868
 91    16.128 55414.59621851 32.84 296.568748   8.179131 15.868
 91    17.048 55414.59621915 30.64 296.568008   8.175831 15.868
 91    17.156 55414.59621980 35.81 296.567278   8.172521 15.868
 91    17.122 55414.59622044 35.81 296.566538   8.169221 15.868
 91    17.550 55414.59622109 36.56 296.565798   8.165911 15.868
 91    17.395 55414.59622173 37.46 296.565068   8.162611 15.868
 92    16.289 55449.59620452 37.50 296.570119   8.185451 10.711
 92    15.814 55449.59620516 36.05 296.569379   8.182151 10.711
 92    16.383 55449.59620581 30.70 296.568639   8.178841 10.711
 92    16.390 55449.59620645 28.17 296.567909   8.175541 10.711
 92    16.491 55449.59620709 28.14 296.567169   8.172231 10.711
 92    17.186 55449.59620774 27.71 296.566429   8.168931 10.711
 92    17.049 55449.59620838 28.04 296.565699   8.165621 10.711
 92    17.661 55449.59620903 29.85 296.564959   8.162321 10.711
 93    52.752 55484.59613098  4.75 296.569176   8.183664 10.605
 93    49.763 55484.59613163  5.13 296.568436   8.180354 10.605
 93    44.957 55484.59613227  8.05 296.567706   8.177054 10.605
 93    13.259 55484.59613550 26.86 296.564026   8.160524 10.605
