-302778.953   325.422     0.00    9.12
-302403.027   325.210    -0.56    7.01
-302027.098   325.518     0.82    5.19
-301651.166   328.329     7.48    5.67
-301275.232   329.980     4.39    4.83
-300899.296   330.364     1.02    9.12
-300523.357   331.892     4.06   12.21
-300147.415   326.697   -13.82   16.15
-299771.471   331.887    13.80   29.37
-299395.525   347.752    42.20   43.44
-299019.576   362.082    38.12   40.27
-298643.624   375.783    36.44   33.74
-298267.670   366.797   -23.90   31.61
-297891.714   353.592   -35.12   26.24
-297515.755   341.864   -31.19   23.08
-297139.793   333.005   -23.56   20.78
-296763.829   328.171   -12.86   13.95
-296387.862   324.723    -9.17   11.89
-296011.893   320.619   -10.92   11.71
-295635.921   320.569    -0.13   11.63
-295259.947   324.643    10.84   17.25
-294883.970   325.005     0.96   19.36
-294507.990   322.572    -6.47   22.61
-294132.008   316.559   -15.99   22.57
-293756.024   317.427     2.31   22.97
-293380.037   317.833     1.08   22.96
-293004.047   324.914    18.83   18.11
-292628.055   329.157    11.28   17.21
-292252.060   328.812    -0.92   19.60
-291876.063   325.622    -8.48   15.73
-291500.063   324.329    -3.44   15.41
-291124.061   324.481     0.40   14.91
-290748.056   331.877    19.67   23.23
-290372.048   340.855    23.88   28.90
-289996.038   345.171    11.48   32.82
-289620.026   358.040    34.22   36.45
-289244.010   366.313    22.00   41.56
-288867.993   372.292    15.90   42.05
-288491.972   368.441   -10.24   40.03
-288115.950   358.022   -27.71   34.96
-287739.924   351.269   -17.96   22.43
-287363.896   349.887    -3.68   20.31
-286987.865   351.481     4.24   17.78
-286611.832   355.103     9.63   19.24
-286235.796   359.697    12.22   24.65
-285859.758   364.670    13.22   33.41
-285483.717   373.672    23.94   37.76
-285107.674   374.339     1.77   35.48
-284731.627   370.697    -9.68   29.64
-284355.579   367.056    -9.68   18.40
-283979.527   369.645     6.88   21.89
-283603.474   382.903    35.25   23.50
-283227.417   394.643    31.22   31.53
-282851.358   386.621   -21.33   32.67
-282475.296   368.003   -49.50   30.70
-282099.232   356.645   -30.20   26.23
-281723.165   358.347     4.53   33.99
-281347.096   369.469    29.57   40.90
-280971.024   369.119    -0.93   40.87
-280594.949   357.184   -31.73   39.52
-280218.872   352.887   -11.43   37.40
-279842.792   343.914   -23.86   37.43
-279466.709   342.003    -5.08   43.27
-279090.624   337.415   -12.20   40.81
-278714.536   325.723   -31.09   37.70
-278338.446   315.355   -27.57   20.47
-277962.353   309.434   -15.74    8.12
-277586.257   311.877     6.49   11.77
-277210.159   314.364     6.61   16.89
-276834.058   319.725    14.25   18.93
-276457.955   326.108    16.97   23.13
-276081.849   330.670    12.13   27.77
-275705.740   334.908    11.27   28.53
-275329.629   334.171    -1.96   29.55
-274953.515   329.166   -13.31   30.33
-274577.398   319.262   -26.33   25.11
-274201.279   318.238    -2.72   27.57
-273825.157   323.003    12.67   34.36
-273449.032   329.373    16.94   37.61
-273072.905   323.920   -14.50   29.44
-272696.775   318.355   -14.79   20.20
-272320.643   311.851   -17.29   11.02
-271944.508   307.292   -12.12   12.27
-271568.370   305.108    -5.81   10.44
-271192.230   303.800    -3.48    7.55
-270816.086   302.339    -3.89    6.47
-270439.941   302.806     1.24    6.45
-270063.792   300.672    -5.67    6.84
-269687.641   298.860    -4.82    5.79
-269311.488   299.292     1.15    6.38
-268935.331   300.487     3.18    7.28
-268559.172   303.104     6.96   10.54
-268183.011   305.005     5.05   11.16
-267806.846   304.197    -2.15   10.81
-267430.679   302.806    -3.70    6.67
-267054.510   305.481     7.11   12.85
-266678.337   306.031     1.46   12.75
-266302.162   308.250     5.90   15.82
-265925.985   314.595    16.87   23.10
-265549.804   319.508    13.06   29.75
-265173.621   324.185    12.43   27.19
-264797.435   333.569    24.95   36.28
-264421.247   338.544    13.22   37.23
-264045.056   357.481    50.34   51.10
-263668.862   382.897    67.56   69.43
-263292.666   417.941    93.15   74.71
-262916.467   440.697    60.49   62.70
-262540.265   455.643    39.73   40.12
-262164.060   451.440   -11.17   43.07
-261787.853   437.082   -38.16   48.09
-261411.643   406.185   -82.12   57.97
-261035.430   379.781   -70.18   56.90
-260659.215   342.643   -98.71   50.98
-260282.997   315.003   -73.47   31.24
-259906.776   302.855   -32.29   12.69
-259530.553   300.622    -5.93    8.72
-259154.327   302.103     3.93    9.41
-258778.098   303.882     4.73    8.79
-258401.866   309.724    15.53   16.14
-258025.632   322.928    35.09   25.87
-257649.395   345.725    60.59   47.63
-257273.156   368.797    61.32   56.07
-256896.913   393.908    66.74   56.29
-256520.668   402.562    23.00   50.35
-256144.420   384.211   -48.77   59.86
-255768.170   358.225   -69.06   52.70
-255391.916   339.851   -48.83   39.71
-255015.660   324.492   -40.82   31.22
-254639.402   316.447   -21.38   28.41
-254263.140   304.250   -32.42   15.44
-253886.876   300.508    -9.94    5.76
-253510.609   300.562     0.14    8.27
-253134.339   301.047     1.29    8.93
-252758.067   301.427     1.01    9.47
-252381.792   298.382    -8.09    9.30
-252005.514   293.803   -12.17    6.07
-251629.234   292.544    -3.35    5.30
-251252.950   292.860     0.84    4.52
-250876.664   293.551     1.84    4.67
-250500.375   295.262     4.55    4.17
-250124.084   296.253     2.63    3.38
-249747.789   295.373    -2.34    3.82
-249371.492   293.454    -5.10    3.89
-248995.192   292.544    -2.42    3.52
-248618.890   289.980    -6.81    4.75
-248242.584   288.126    -4.93    5.93
-247866.276   285.056    -8.16    7.27
-247489.965   282.961    -5.57    9.59
-247113.652   284.670     4.54   12.07
-246737.335   286.980     6.14   14.20
-246361.016   289.882     7.71   14.49
-245984.694   288.646    -3.28   14.50
-245608.370   288.441    -0.55   14.17
-245232.042   285.972    -6.56   14.87
-244855.712   282.103   -10.28   15.41
-244479.379   282.047    -0.15   16.85
-244103.043   280.851    -3.18   16.39
-243726.705   282.059     3.21   15.91
-243350.363   282.670     1.63   13.37
-242974.019   284.103     3.81   13.52
-242597.672   285.508     3.73   14.05
-242221.323   284.415    -2.90   15.14
-241844.970   283.227    -3.16   15.45
-241468.615   282.297    -2.47   14.74
-241092.257   281.619    -1.80   12.65
-240715.896   283.392     4.71   11.73
-240339.532   284.621     3.26   10.42
-239963.166   286.508     5.02    6.98
-239586.797   288.595     5.54    6.34
-239210.425   290.171     4.19    6.82
-238834.050   290.415     0.65    7.38
-238457.672   290.562     0.39    7.18
-238081.292   289.569    -2.64    6.53
-237704.909   289.197    -0.99    6.52
-237328.522   288.059    -3.03    5.82
-236952.134   287.076    -2.61    5.58
-236575.742   283.400    -9.77    5.42
-236199.347   280.211    -8.47    6.69
-235822.950   276.346   -10.27    6.68
-235446.671   273.840    -6.66    5.45
-235070.833   268.747   -13.55    6.42
-234694.993   266.364    -6.34    6.25
-234319.150   265.697    -1.77    6.01
-233943.304   266.595     2.39    7.75
-233567.456   271.303    12.53    8.96
-233191.604   275.619    11.48    7.64
-232815.750   278.382     7.35    6.31
-232439.893   277.646    -1.96    6.51
-232064.033   277.049    -1.59    6.40
-231688.170   277.487     1.17    5.18
-231312.305   276.822    -1.77    5.22
-230936.436   277.297     1.26    5.89
-230560.565   278.319     2.72    5.98
-230184.691   280.022     4.53    5.87
-229808.814   280.752     1.94    5.17
-229432.935   280.887     0.36    4.41
-229057.052   280.926     0.10    4.37
-228681.167   279.597    -3.53    5.42
-228305.278   278.408    -3.16    5.61
-227929.387   277.130    -3.40    5.42
-227553.493   277.287     0.42    4.28
-227177.597   278.513     3.26    5.05
-226801.697   280.276     4.69    5.10
-226425.795   282.303     5.39    5.10
-226049.889   284.262     5.21    5.49
-225673.981   286.157     5.04    4.79
-225298.070   286.934     2.07    4.82
-224922.156   287.572     1.70    5.18
-224546.240   286.869    -1.87    5.42
-224170.320   287.427     1.49    5.84
-223794.398   285.643    -4.74    5.05
-223418.472   284.697    -2.52    5.72
-223042.544   283.806    -2.37    5.68
-222666.613   283.003    -2.13    4.96
-222290.679   282.497    -1.34    5.47
-221914.742   281.803    -1.85    5.50
-221538.803   280.914    -2.36    6.01
-221162.860   280.005    -2.42    5.44
-220786.915   279.382    -1.66    5.88
-220410.967   278.082    -3.46    5.96
-220035.015   277.941    -0.38    5.44
-219659.061   277.415    -1.40    5.70
-219283.104   277.031    -1.02    5.68
-218907.145   278.171     3.03    5.39
-218531.182   276.822    -3.59    5.99
-218155.216   273.355    -9.22    6.80
-217779.248   269.621    -9.93    6.25
-217403.277   265.211   -11.73    5.65
-217027.302   263.076    -5.68    5.07
-216651.325   262.400    -1.80    3.95
-216275.345   262.392    -0.02    4.07
-215899.362   262.364    -0.07    6.24
-215523.376   262.544     0.48    8.10
-215147.388   261.882    -1.76    8.24
-214771.396   262.749     2.31    8.58
-214395.401   263.287     1.43    9.40
-214019.404   264.262     2.59    9.36
-213643.404   266.616     6.26    9.26
-213267.400   268.390     4.72    7.43
-212891.394   271.864     9.24    5.61
-212515.385   273.434     4.18    4.59
-212139.373   273.997     1.50    4.89
-211763.358   273.510    -1.30    5.75
-211387.340   268.082   -14.43   10.39
-211011.320   264.346    -9.94   11.21
-210635.296   262.616    -4.60   11.10
-210259.269   261.157    -3.88    9.69
-209883.240   262.531     3.65    8.98
-209507.207   266.467    10.47   12.92
-209131.172   270.492    10.71   10.88
-208755.133   276.238    15.28   10.55
-208379.092   281.569    14.18   11.68
-208003.048   285.108     9.41    9.27
-207627.001   288.749     9.68    7.95
-207250.951   289.806     2.81    7.55
-206874.898   288.364    -3.83    7.94
-206498.842   288.130    -0.62    8.12
-206122.783   285.355    -7.38    8.28
-205746.721   284.934    -1.12    8.32
-205370.656   283.197    -4.62    8.10
-204994.589   276.928   -16.67    9.06
-204618.518   272.566   -11.60    8.64
-204242.444   270.589    -5.26    7.89
-203866.368   269.725    -2.30    6.32
-203490.288   272.447     7.24    6.27
-203114.206   275.119     7.10    5.12
-202738.120   276.646     4.06    4.71
-202362.032   276.454    -0.51    4.34
-201985.940   275.749    -1.88    4.45
-201609.846   273.415    -6.20    4.41
-201233.749   272.800    -1.64    3.98
-200857.648   271.619    -3.14    3.92
-200481.545   271.185    -1.15    4.56
-200105.439   269.914    -3.38    4.81
-199729.330   268.481    -3.81    4.45
-199353.217   267.941    -1.44    4.36
-198977.102   267.291    -1.73    4.11
-198600.984   267.185    -0.28    4.17
-198224.863   266.487    -1.85    4.52
-197848.739   264.319    -5.76    5.37
-197472.612   261.022    -8.77    7.13
-197096.482   259.059    -5.22    7.66
-196720.349   258.276    -2.08    6.49
-196344.212   258.928     1.73    7.41
-195968.073   260.400     3.91    5.58
-195591.931   259.133    -3.37    5.55
-195215.786   258.540    -1.58    6.14
-194839.638   258.005    -1.42    5.36
-194463.487   256.968    -2.76    5.57
-194087.333   256.422    -1.45    6.43
-193711.176   256.481     0.16    7.54
-193335.016   256.806     0.86    7.97
-192958.853   258.427     4.31    8.50
-192582.687   258.497     0.19    9.09
-192206.518   258.056    -1.17    9.04
-191830.346   256.749    -3.48    8.57
-191454.171   255.142    -4.27    9.09
-191077.993   252.887    -5.99    9.06
-190701.812   251.975    -2.42    8.53
-190325.628   250.066    -5.08    7.77
-189949.440   249.422    -1.71    7.30
-189573.250   248.725    -1.86    6.76
-189197.057   248.826     0.27    5.98
-188820.861   250.276     3.86    5.43
-188444.662   249.800    -1.27    5.57
-188068.459   251.076     3.39    6.15
-187692.254   251.197     0.32    7.48
-187316.046   251.303     0.28    7.93
-186939.834   250.508    -2.11    8.66
-186563.620   249.103    -3.74    8.52
-186187.402   247.781    -3.51    7.95
-185811.182   246.954    -2.20    7.61
-185434.958   245.774    -3.13    7.19
-185058.732   243.781    -5.30    6.31
-184682.502   243.303    -1.27    6.25
-184306.270   242.995    -0.82    6.44
-183930.034   247.119    10.96   10.18
-183553.795   251.597    11.90   12.01
-183177.553   254.887     8.74   12.67
-182801.309   257.171     6.07   12.17
-182425.061   257.197     0.07   10.90
-182048.810   256.903    -0.78   11.05
-181672.556   257.481     1.54   12.97
-181296.299   258.072     1.57   15.70
-180920.038   258.303     0.61   16.46
-180543.775   259.975     4.44   16.81
-180167.509   257.697    -6.05   16.22
-179791.240   251.336   -16.91   15.05
-179414.967   247.697    -9.67   13.23
-179038.692   243.672   -10.70    9.60
-178662.413   244.040     0.98    9.00
-178286.132   247.013     7.90    8.37
-177909.847   250.670     9.72    6.08
-177533.559   253.292     6.97    3.90
-177157.268   254.133     2.24    4.33
-176780.974   256.589     6.53    7.20
-176404.677   253.980    -6.94    8.60
-176028.377   250.934    -8.09   10.75
-175652.074   249.339    -4.24    9.99
-175275.768   248.752    -1.56    7.00
-174899.458   252.819    10.81    9.28
-174523.146   259.492    17.73   10.88
-174146.830   267.253    20.62    9.67
-173770.512   272.562    14.11    8.27
-173394.190   275.103     6.75    7.07
-173017.865   276.540     3.82    7.83
-172641.537   275.877    -1.76    8.88
-172265.206   271.637   -11.27    8.84
-171888.872   269.646    -5.29    9.61
-171512.535   268.592    -2.80    9.82
-171136.194   266.281    -6.14    7.92
-170759.851   264.056    -5.91   10.57
-170383.504   260.995    -8.13   10.01
-170007.154   253.056   -21.09   15.07
-169630.802   247.877   -13.76   14.11
-169254.446   244.547    -8.85   14.82
-168878.087   244.171    -1.00   15.71
-168501.724   246.467     6.10   14.78
-168125.359   248.133     4.43   11.79
-167748.991   254.586    17.14    9.74
-167372.619   257.130     6.76    8.07
-166996.244   258.022     2.37    7.63
-166619.867   257.427    -1.58    6.05
-166243.486   256.415    -2.69    5.83
-165867.102   257.697     3.41    7.34
-165490.714   259.622     5.11    7.91
-165114.324   260.518     2.38    7.34
-164737.931   259.753    -2.03    6.75
-164361.534   258.441    -3.49    6.90
-163985.134   255.481    -7.86    6.56
-163608.731   256.005     1.39    7.00
-163232.325   259.934    10.44   10.36
-162855.916   263.159     8.57    9.92
-162479.504   265.303     5.69    7.68
-162103.088   263.723    -4.20    8.02
-161726.670   261.647    -5.51    8.23
-161350.248   259.670    -5.25    9.00
-160973.823   257.346    -6.17    9.62
-160597.395   252.013   -14.17    8.44
-160221.282   249.319    -7.16    7.53
-159845.477   247.725    -4.24    6.84
-159469.669   247.727     0.01    7.83
-159093.857   247.262    -1.24    8.01
-158718.043   248.518     3.34   10.81
-158342.225   247.697    -2.18   14.26
-157966.405   244.159    -9.41   20.23
-157590.581   239.373   -12.73   21.34
-157214.753   234.954   -11.76   19.64
-156838.923   237.908     7.86   17.67
-156463.090   241.082     8.45   14.50
-156087.253   244.697     9.62   11.98
-155711.413   242.518    -5.80   10.19
-155335.570   235.472   -18.75   15.82
-154959.724   227.836   -20.32   22.68
-154583.875   217.725   -26.90   28.63
-154208.023   208.725   -23.94   27.51
-153832.167   203.346   -14.31   26.61
-153456.308   203.346     0.00   28.14
-153080.446   212.097    23.28   27.76
-152704.581   215.522     9.11   29.45
-152328.713   218.287     7.36   34.64
-151952.841   212.914   -14.30   39.11
-151576.966   187.621   -67.29   53.24
-151201.088   171.750   -42.22   62.46
-150825.207   143.236   -75.86   59.00
-150449.323   130.513   -33.85   52.19
-150073.435   114.133   -43.58   38.11
-149697.545    88.454   -68.31   29.92
-149321.651    74.774   -36.39   24.92
-148945.753    70.697   -10.85   22.01
-148569.853    91.469    55.26   51.14
-148193.950   114.806    62.08   63.65
-147818.043   140.752    69.02   66.55
-147442.133   157.670    45.01   66.41
-147066.220   188.833    82.89   55.70
-146690.303   211.309    59.79   39.26
-146314.384   234.447    61.55   22.09
-145938.461   244.082    25.63   17.47
-145562.535   248.968    13.00   16.31
-145186.606   257.313    22.20   13.46
-144810.673   262.961    15.02   11.03
-144434.738   268.619    15.05   10.66
-144058.799   273.197    12.18    8.02
-143682.857   276.749     9.45    8.06
-143306.911   279.481     7.27    8.54
-142930.963   281.908     6.45   10.77
-142555.011   287.397    14.60   11.20
-142179.056   290.955     9.46   10.07
-141803.098   296.184    13.91    7.91
-141427.136   297.454     3.38    6.27
-141051.171   297.103    -0.93    6.15
-140675.203   296.616    -1.29    8.29
-140299.232   296.059    -1.48   10.05
-139923.258   298.722     7.09   12.39
-139547.280   300.646     5.12   12.20
-139171.299   302.292     4.38   10.16
-138795.315   304.364     5.51    7.51
-138419.327   305.434     2.85    7.71
-138043.336   306.119     1.82    9.01
-137667.342   308.513     6.37    8.96
-137291.345   308.877     0.97    8.50
-136915.345   310.130     3.33    7.94
-136539.341   310.276     0.39    8.21
-136163.334   309.547    -1.94    8.11
-135787.324   310.383     2.22    8.15
-135411.310   309.803    -1.54    5.23
-135035.293   312.292     6.62    6.03
-134659.273   312.238    -0.14    6.83
-134283.250   310.589    -4.38    7.34
-133907.223   309.003    -4.22    8.48
-133531.193   305.822    -8.46    7.97
-133155.160   303.851    -5.24    8.03
-132779.124   304.481     1.68   10.99
-132403.084   306.492     5.35   12.94
-132027.041   309.619     8.31   15.98
-131650.995   313.390    10.03   16.30
-131274.945   312.224    -3.10   15.36
-130898.892   311.569    -1.74   17.35
-130522.836   307.130   -11.80   15.54
-130146.777   303.329   -10.11   13.39
-129770.714   299.447   -10.32    9.27
-129394.648   298.097    -3.59    9.40
-129018.579   296.723    -3.65    8.78
-128642.506   292.454   -11.35    6.60
-128266.430   290.211    -5.96    5.09
-127890.351   288.860    -3.59    4.16
-127514.268   289.531     1.78    5.87
-127138.182   293.797    11.34    9.82
-126762.093   304.800    29.25   28.63
-126386.001   322.224    46.33   45.10
-126009.905   343.133    55.59   54.78
-125633.806   344.031     2.39   54.99
-125257.704   343.339    -1.84   54.28
-124881.598   332.803   -28.01   46.16
-124505.489   319.287   -35.93   28.28
-124129.377   310.336   -23.80   25.24
-123753.261   296.171   -37.66   20.40
-123377.142   282.133   -37.32   18.26
-123001.020   270.892   -29.89   20.42
-122624.894   258.646   -32.56   17.57
-122248.765   251.184   -19.84   14.25
-121872.633   255.995    12.79   19.05
-121496.497   249.806   -16.45   28.49
-121120.358   230.197   -52.13   58.26
-120744.216   174.313  -148.57   75.86
-120368.071   124.072  -133.56   63.45
-119991.922    94.329   -79.07   40.94
-119615.769    75.297   -50.59   11.35
-119239.614    77.329     5.40   15.17
-118863.455    84.723    19.66   25.80
-118487.293   110.390    68.23   52.71
-118111.127   137.621    72.39   69.73
-117734.958   182.503   119.31   76.94
-117358.786   222.540   106.43   61.69
-116982.610   247.005    65.04   29.88
-116606.431   246.003    -2.66   27.17
-116230.248   244.005    -5.31   26.05
-115854.063   246.779     7.37   23.34
-115477.873   253.779    18.61   23.68
-115101.681   263.941    27.01   19.00
-114725.485   271.475    20.03   14.67
-114349.286   272.262     2.09   13.24
-113973.083   273.647     3.68   20.25
-113596.877   279.076    14.43   24.92
-113220.668   288.272    24.44   18.92
-112844.455   290.776     6.66   15.86
-112468.239   284.928   -15.54   17.37
-112092.020   262.595   -59.36   43.76
-111715.797   245.210   -46.21   48.90
-111339.571   223.864   -56.74   41.88
-110963.341   213.487   -27.58   26.85
-110587.108   203.262   -27.18   21.88
-110210.872   194.336   -23.72   25.00
-109834.632   184.954   -24.94   26.75
-109458.389   182.313    -7.02   27.07
-109082.142   194.049    31.19   36.58
-108705.893   190.454    -9.55   44.38
-108329.639   171.103   -51.43   56.46
-107953.383   142.287   -76.58   57.66
-107577.122   105.697   -97.24   42.31
-107200.859    90.670   -39.94   28.68
-106824.592    79.897   -28.63   22.25
-106448.322    70.987   -23.68    6.32
-106072.048    71.329     0.91    8.13
-105695.771    77.697    16.92   23.04
-105319.490    79.928     5.93   27.95
-104943.207    78.566    -3.62   30.08
-104566.919    76.364    -5.85   32.08
-104190.628    68.621   -20.58   20.72
-103814.334    62.319   -16.75    5.66
-103438.037    61.185    -3.01    3.00
-103061.736    60.851    -0.89    3.57
-102685.431    59.508    -3.57    3.41
-102309.124    60.427     2.44    3.82
-101932.812    62.265     4.88    3.86
-101556.498    63.928     4.42    4.32
-101180.179    65.622     4.50    4.03
-100803.858    66.346     1.92    4.47
-100427.533    64.747    -4.25    4.76
-100051.205    63.750    -2.65    5.02
 -99674.873    63.355    -1.05    4.32
 -99298.537    64.461     2.94    4.25
 -98922.199    65.287     2.20    4.11
 -98545.857    65.954     1.77    3.90
 -98169.511    67.086     3.01    4.37
 -97793.162    68.159     2.85    4.84
 -97416.809    67.809    -0.93    5.00
 -97040.454    68.447     1.70    5.12
 -96664.094    69.749     3.46    4.90
 -96287.731    71.155     3.74    4.95
 -95911.365    72.238     2.88    4.13
 -95534.995    73.373     3.02    3.72
 -95158.622    73.013    -0.96    4.42
 -94782.246    73.236     0.59    4.60
 -94405.865    73.887     1.73    5.00
 -94029.482    74.332     1.18    4.81
 -93653.095    75.774     3.83    4.09
 -93276.704    76.408     1.68    3.82
 -92900.310    77.224     2.17    3.53
 -92523.913    78.928     4.53    4.58
 -92147.512    79.467     1.43    4.79
 -91771.108    80.947     3.93    5.10
 -91394.700    83.287     6.22    6.20
 -91018.288    85.170     5.00    9.30
 -90641.874    86.518     3.58   10.44
 -90265.455    84.851    -4.43   11.46
 -89889.034    81.212    -9.67   11.73
 -89512.608    78.049    -8.40    8.00
 -89136.180    76.860    -3.16    4.52
 -88759.747    78.145     3.41    6.62
 -88383.312    79.645     3.98    9.00
 -88006.873    79.864     0.58   11.10
 -87630.430    84.795    13.10   19.29
 -87253.984    88.851    10.77   26.75
 -86877.534    93.454    12.23   29.09
 -86501.081    88.646   -12.77   29.69
 -86124.624    81.882   -17.97   27.05
 -85748.164    73.800   -21.47   17.09
 -85371.700    66.400   -19.66    6.19
 -84995.789    64.236    -5.76    5.49
 -84620.018    63.503    -1.95    4.87
 -84244.244    63.108    -1.05    5.37
 -83868.465    63.544     1.16    5.31
 -83492.684    64.345     2.13    5.49
 -83116.899    66.157     4.82    4.68
 -82741.110    65.914    -0.65    3.92
 -82365.318    64.066    -4.92    4.96
 -81989.522    60.616    -9.18    5.84
 -81613.723    57.616    -7.98    5.14
 -81237.920    56.844    -2.06    4.16
 -80862.114    56.800    -0.12    3.51
 -80486.304    59.013     5.89    3.47
 -80110.491    61.210     5.85    4.47
 -79734.674    63.276     5.50    4.72
 -79358.854    64.774     3.99    4.04
 -78983.030    65.995     3.25    3.44
 -78607.203    66.672     1.80    4.42
 -78231.372    67.420     1.99    4.27
 -77855.537    68.339     2.44    3.87
 -77479.699    70.236     5.05    4.18
 -77103.858    69.933    -0.81    4.55
 -76728.013    70.968     2.75    4.85
 -76352.165    74.130     8.41    6.50
 -75976.313    80.829    17.82   17.29
 -75600.457    86.619    15.40   16.88
 -75224.598    94.562    21.13   23.68
 -74848.735   101.380    18.14   27.00
 -74472.869   102.005     1.66   28.50
 -74096.999   109.487    19.90   27.95
 -73721.126   114.980    14.61   29.99
 -73345.249   124.750    25.99   29.33
 -72969.369   128.723    10.57   28.55
 -72593.485   123.586   -13.67   34.81
 -72217.598   126.390     7.46   37.91
 -71841.707   120.503   -15.66   36.72
 -71465.812   120.056    -1.19   37.33
 -71089.914   117.133    -7.78   34.60
 -70714.012   100.521   -44.19   26.11
 -70338.107    92.562   -21.17   14.48
 -69962.198    95.319     7.33   17.66
 -69586.286    96.803     3.95   16.31
 -69210.370   100.329     9.38   14.23
 -68834.450   100.887     1.48   12.72
 -68458.527    97.356    -9.39    5.37
 -68082.601    96.697    -1.75    4.87
 -67706.671    96.145    -1.47    4.46
 -67330.737    96.619     1.26    4.08
 -66954.799    98.987     6.30    5.87
 -66578.858   101.185     5.85    5.96
 -66202.914   103.475     6.09    6.34
 -65826.966   106.851     8.98   10.17
 -65451.014   110.197     8.90   10.65
 -65075.059   112.544     6.24   12.66
 -64699.100   111.415    -3.00   10.15
 -64323.138   111.580     0.44    8.62
 -63947.172   116.400    12.82   10.42
 -63571.202   120.535    11.00   10.61
 -63195.229   125.382    12.89   12.69
 -62819.252   130.855    14.56   24.32
 -62443.271   138.589    20.57   35.17
 -62067.287   130.210   -22.29   30.41
 -61691.300   123.954   -16.64   25.31
 -61315.309   114.671   -24.69   12.54
 -60939.314   110.803   -10.29    5.56
 -60563.315   110.987     0.49    5.90
 -60187.313   112.185     3.19    5.39
 -59811.308   117.392    13.85   16.98
 -59435.298   122.031    12.34   21.51
 -59059.286   123.336     3.47   21.85
 -58683.269   131.287    21.14   32.44
 -58307.249   158.005    71.05   61.91
 -57931.225   213.576   147.78   99.00
 -57555.198   292.346   209.48  132.53
 -57179.167   376.319   223.31  142.97
 -56803.132   446.119   185.62  135.84
 -56427.094   483.119    98.39  111.09
 -56051.052   493.697    28.13   90.81
 -55675.007   486.422   -19.35   77.83
 -55298.958   454.210   -85.66   73.97
 -54922.905   422.882   -83.31   67.59
 -54546.848   399.329   -62.63   54.29
 -54170.788   377.056   -59.23   52.00
 -53794.725   341.774   -93.82   60.64
 -53418.657   309.130   -86.80   62.72
 -53042.586   274.313   -92.58   59.97
 -52666.512   243.781   -81.19   57.62
 -52290.434   226.185   -46.79   60.19
 -51914.352   214.954   -29.86   63.30
 -51538.266   197.822   -45.55   59.60
 -51162.177   179.829   -47.84   60.04
 -50786.084   152.941   -71.49   51.90
 -50409.988   135.619   -46.06   44.38
 -50033.887   117.013   -49.47   29.09
 -49657.784   108.157   -23.55   27.29
 -49281.676   100.947   -19.17   28.82
 -48905.565    86.082   -39.52   15.63
 -48529.450    77.408   -23.06    6.51
 -48153.332    77.119    -0.77    6.63
 -47777.210    76.569    -1.46    7.38
 -47401.084    76.262    -0.82    7.46
 -47024.954    77.265     2.67    9.55
 -46648.821    78.415     3.06   11.11
 -46272.684    77.475    -2.50    9.94
 -45896.544    74.954    -6.70    6.79
 -45520.400    76.236     3.41    8.49
 -45144.252    79.104     7.62   10.89
 -44768.100    80.005     2.40   11.50
 -44391.945    79.076    -2.47   11.00
 -44015.786    77.013    -5.48   10.15
 -43639.623    75.670    -3.57    8.42
 -43263.457    77.253     4.21    8.51
 -42887.287    80.569     8.82    8.65
 -42511.113    81.621     2.79    8.80
 -42134.936    83.776     5.73    9.17
 -41758.755    86.329     6.79    9.04
 -41382.570    86.415     0.23    8.42
 -41006.382    86.595     0.48    8.47
 -40630.190    86.887     0.78    9.14
 -40253.994    87.287     1.06    8.43
 -39877.794    88.864     4.19    8.19
 -39501.591    90.492     4.33    7.74
 -39125.384    89.851    -1.70    8.84
 -38749.173    86.637    -8.54    8.78
 -38372.959    84.774    -4.95    8.27
 -37996.740    81.670    -8.25    8.15
 -37620.519    82.987     3.50    9.58
 -37244.293    85.833     7.56    9.74
 -36868.064    89.503     9.76   11.97
 -36491.831    94.031    12.03   16.68
 -36115.594    95.390     3.61   18.53
 -35739.353    99.776    11.66   21.09
 -35363.109    99.056    -1.91   18.41
 -34986.861    99.749     1.84   14.41
 -34610.610    95.980   -10.02   11.88
 -34234.354    90.535   -14.47   12.16
 -33858.095    85.928   -12.24   11.11
 -33481.832    80.059   -15.60   12.53
 -33105.566    75.592   -11.87   15.62
 -32729.295    69.597   -15.93   13.40
 -32353.021    64.550   -13.41   10.62
 -31976.743    69.287    12.59   13.20
 -31600.462    76.616    19.48   13.37
 -31224.177    84.643    21.33   11.45
 -30847.887    91.400    17.96    6.83
 -30471.595    92.586     3.15    6.48
 -30095.298    87.056   -14.70   10.41
 -29718.998    78.236   -23.44   11.87
 -29342.694    72.487   -15.28    8.87
 -28966.386    73.472     2.62   11.06
 -28590.074    79.544    16.13   11.47
 -28213.759    87.492    21.12    9.40
 -27837.440    91.454    10.53    5.30
 -27461.117    93.159     4.53    3.67
 -27084.790    95.642     6.60    5.99
 -26708.460    97.276     4.34    6.83
 -26332.125    98.723     3.84    6.33
 -25955.787    97.640    -2.88    6.66
 -25579.446    95.082    -6.80    6.19
 -25203.100    92.724    -6.27    4.59
 -24826.751    91.562    -3.09    3.62
 -24450.398    92.914     3.59    4.53
 -24074.041    94.920     5.33    4.34
 -23697.680    96.877     5.20    3.32
 -23321.316    98.307     3.80    2.62
 -22944.948    98.697     1.04    3.33
 -22568.575    99.947     3.32    4.62
 -22192.200    98.934    -2.69    8.37
 -21815.820    93.467   -14.53   11.74
 -21439.437    89.224   -11.27   12.80
 -21063.049    85.826    -9.03   12.38
 -20686.658    87.920     5.56   13.40
 -20310.264    91.092     8.43   13.83
 -19933.865    93.364     6.04   12.43
 -19557.463    89.447   -10.41   12.58
 -19181.056    84.928   -12.01   12.59
 -18804.646    81.903    -8.04   12.57
 -18428.233    81.319    -1.55   12.46
 -18051.815    84.022     7.18   10.51
 -17675.394    85.481     3.88    8.34
 -17298.968    80.595   -12.98   12.87
 -16922.539    70.322   -27.29   16.99
 -16546.106    59.535   -28.66   15.50
 -16169.670    51.222   -22.08   10.33
 -15793.229    48.619    -6.92    8.93
 -15416.785    52.724    10.91   11.26
 -15040.336    59.119    16.99   11.09
 -14663.884    65.928    18.09   10.78
 -14287.429    72.887    18.48   11.64
 -13910.969    81.508    22.90   11.88
 -13534.505    90.997    25.21   11.64
 -13158.038    98.752    20.60    6.70
 -12781.567   101.522     7.36    3.45
 -12405.092   102.236     1.90    2.47
 -12028.613   101.420    -2.17    3.20
 -11652.130   100.265    -3.07    3.51
 -11275.644    98.670    -4.24    4.72
 -10899.153    98.236    -1.15    5.10
 -10522.659    96.972    -3.36    6.19
 -10146.223    96.292    -1.81    7.82
  -9770.487    95.597    -1.85    8.71
  -9394.747    93.697    -5.06   10.18
  -9019.004    93.040    -1.75   10.19
  -8643.256    87.276   -15.34   14.42
  -8267.505    79.569   -20.51   15.42
  -7891.750    72.961   -17.59   13.73
  -7515.991    69.184   -10.05   12.35
  -7140.229    67.622    -4.16   11.04
  -6764.462    64.833    -7.42   10.54
  -6388.692    60.822   -10.67   11.54
  -6012.917    52.672   -21.69   10.89
  -5637.139    46.892   -15.38    9.38
  -5261.357    40.103   -18.07    8.02
  -4885.571    33.642   -17.19    7.39
  -4509.782    29.518   -10.97    6.67
  -4133.988    25.172   -11.56    5.52
  -3758.191    21.968    -8.53    4.10
  -3382.390    19.772    -5.84    4.00
  -3006.584    17.513    -6.01    4.26
  -2630.775    16.303    -3.22    4.16
  -2254.963    14.566    -4.62    3.07
  -1879.146    14.159    -1.08    2.55
  -1503.325     9.961   -11.17    6.54
  -1127.501     6.373    -9.55    7.21
   -751.672     2.247   -10.98    5.28
   -375.840    -0.303    -6.78    0.00
     -0.004    -0.128     0.47    0.96
    375.836     0.262     1.04    1.64
    751.680     1.346     2.89    3.09
   1127.528     4.481     8.34    5.69
   1503.379     7.697     8.56    5.71
   1879.235    11.364     9.76    7.07
   2255.095    18.247    18.31   10.24
   2630.958    25.265    18.67   12.74
   3006.825    30.922    15.05    9.65
   3382.696    32.461     4.09    6.98
   3758.571    27.724   -12.60    8.63
   4134.450    22.566   -13.72    6.12
   4510.333    23.236     1.78    7.24
   4886.220    28.364    13.64    8.98
   5262.111    36.211    20.88    8.60
   5638.005    42.522    16.79    6.17
   6013.904    47.265    12.62    4.53
   6389.806    50.497     8.60    3.76
   6765.712    53.287     7.42    3.90
   7141.623    55.589     6.12    2.73
   7517.537    56.643     2.80    2.71
   7893.455    56.614    -0.08    3.01
   8269.377    55.544    -2.85    3.41
   8645.303    53.322    -5.91    4.78
   9021.233    50.833    -6.62    5.20
   9397.166    47.647    -8.47    5.40
   9773.104    45.171    -6.59    5.51
  10149.046    43.313    -4.94    6.29
  10524.991    42.159    -3.07    6.77
  10900.941    41.250    -2.42    6.56
  11276.894    41.670     1.12    6.36
  11652.852    41.329    -0.91    7.98
  12028.813    40.397    -2.48    8.54
  12404.778    40.103    -0.78    7.95
  12780.747    37.297    -7.46    8.01
  13156.720    34.776    -6.71    7.34
  13532.697    32.454    -6.18    5.97
  13908.679    30.725    -4.60    4.44
  14284.663    31.114     1.04    5.17
  14660.652    31.518     1.07    5.03
  15036.645    33.972     6.53    6.25
  15412.642    36.508     6.74    7.75
  15788.643    39.447     7.82    8.02
  16164.648    42.408     7.87    6.97
  16540.656    42.672     0.70    5.57
  16916.669    42.723     0.14    6.36
  17292.686    43.540     2.17    6.90
  17668.706    44.619     2.87    7.61
  18044.731    43.621    -2.65    8.40
  18420.760    41.672    -5.18    7.38
  18796.792    39.238    -6.47    5.07
  19172.829    38.822    -1.11    5.15
  19548.869    39.987     3.10    5.22
  19924.914    41.130     3.04    4.94
  20300.962    42.076     2.52    5.19
  20677.014    43.947     4.98    5.17
  21053.071    45.185     3.29    5.40
  21429.131    46.472     3.42    5.35
  21805.196    47.292     2.18    5.73
  22181.264    49.022     4.60    6.58
  22557.336    49.987     2.56    6.74
  22933.413    49.185    -2.13    6.43
  23309.493    49.621     1.16    5.23
  23685.577    50.066     1.18    4.49
  24061.666    50.197     0.35    5.12
  24437.758    52.013     4.83    5.26
  24813.854    52.647     1.69    4.57
  25189.955    55.184     6.74    5.32
  25566.059    57.472     6.08    5.63
  25942.167    58.877     3.73    5.69
  26318.280    60.447     4.18    5.67
  26694.396    60.752     0.81    5.79
  27070.517    61.309     1.48    5.63
  27446.641    62.072     2.03    5.14
  27822.769    63.697     4.32    5.81
  28198.902    66.292     6.90    7.03
  28575.038    70.772    11.91    6.85
  28951.179    74.329     9.46    4.63
  29327.323    76.513     5.81    3.23
  29703.472    76.595     0.22    3.57
  30079.624    76.776     0.48    3.52
  30455.781    78.724     5.18    4.33
  30831.942    80.724     5.32    5.22
  31208.106    84.922    11.16    7.13
  31584.275    89.454    12.05    5.87
  31960.448    91.572     5.63    5.06
  32336.624    92.646     2.85    4.65
  32712.805    93.809     3.09    5.00
  33088.990    94.454     1.72    4.77
  33465.179    94.941     1.29    3.35
  33841.372    94.364    -1.53    3.95
  34217.569    92.247    -5.63    4.36
  34593.770    92.049    -0.53    6.01
  34969.975    93.147     2.92    6.63
  35346.184    94.066     2.44    6.63
  35722.397    96.253     5.81    6.26
  36098.614    99.133     7.66    6.81
  36474.836   102.390     8.66    6.36
  36851.061   104.621     5.93    4.64
  37227.291   105.197     1.53    5.04
  37603.524   105.897     1.86    5.47
  37979.762   104.887    -2.69    5.45
  38356.003   102.922    -5.22    6.37
  38732.249    99.826    -8.23    6.99
  39108.499    95.319   -11.98    5.98
  39484.752    91.211   -10.92    5.25
  39861.010    89.860    -3.59    5.45
  40237.272    91.903     5.43    6.55
  40613.538    96.159    11.31    6.88
  40989.809    99.642     9.26    6.09
  41366.083   103.108     9.21    5.34
  41742.361   105.592     6.60    5.36
  42118.644   105.781     0.50    5.56
  42494.930   102.210    -9.49    8.83
  42871.221    98.928    -8.72   10.09
  43247.515    94.467   -11.86    8.73
  43623.814    92.145    -6.17    8.28
  44000.117    94.572     6.45    7.87
  44376.424    97.968     9.02    7.79
  44752.735   101.258     8.74    7.53
  45129.050   102.313     2.80    7.02
  45505.369    98.809    -9.31    9.27
  45881.693    94.995   -10.13    7.34
  46258.020    91.941    -8.12    4.91
  46634.352    93.313     3.65    6.15
  47010.687    95.903     6.88    7.48
  47387.027    97.864     5.21    8.34
  47763.371   102.005    11.00   10.08
  48139.719   105.566     9.46    9.50
  48516.071   109.589    10.69    6.77
  48892.427   110.133     1.45    5.47
  49268.788   108.645    -3.96    5.32
  49645.152   108.056    -1.56    6.02
  50021.521   105.903    -5.72    6.83
  50397.894   105.697    -0.55    7.33
  50774.270   105.238    -1.22    7.24
  51150.651   105.917     1.80    5.83
  51527.037   104.492    -3.79    6.74
  51903.426   101.642    -7.57    8.37
  52279.819    98.887    -7.32    7.64
  52656.217    99.908     2.71    9.36
  53032.619   105.382    14.54   10.22
  53409.024   113.928    22.71    9.67
  53785.434   121.304    19.59    6.03
  54161.848   124.066     7.34    5.17
  54538.267   125.382     3.50    5.40
  54914.689   124.292    -2.89    6.16
  55291.116   124.851     1.49    6.36
  55667.546   125.319     1.24    6.27
  56043.981   122.903    -6.42    7.38
  56420.420   118.441   -11.85    9.69
  56796.863   112.133   -16.76   10.01
  57173.311   105.103   -18.68    8.79
  57549.762   102.210    -7.68    6.72
  57926.218   101.961    -0.66    7.26
  58302.678   106.336    11.62   10.62
  58679.142   108.236     5.05   10.36
  59055.610   109.049     2.16    9.95
  59432.082   110.882     4.87   10.11
  59808.559   112.159     3.39    8.78
  60185.039   114.697     6.74    8.56
  60561.524   120.082    14.30   10.41
  60938.013   127.415    19.48    9.15
  61314.506   133.130    15.18    8.13
  61691.004   135.467     6.21    7.10
  62067.505   135.779     0.83    7.79
  62444.011   135.826     0.13    7.98
  62820.521   134.544    -3.41    7.29
  63197.035   134.339    -0.54    5.79
  63573.554   134.513     0.46    6.81
  63950.076   133.569    -2.51    7.57
  64326.603   133.339    -0.61    7.04
  64703.134   135.211     4.97    6.87
  65079.366   137.569     6.27    6.59
  65455.068   139.914     6.24    6.50
  65830.774   143.236     8.84    6.96
  66206.485   146.928     9.83    7.52
  66582.199   149.322     6.37    6.95
  66957.918   153.287    10.55    7.16
  67333.641   156.133     7.58    5.71
  67709.368   158.616     6.61    5.97
  68085.100   164.082    14.55    6.96
  68460.835   166.725     7.03    6.75
  68836.575   169.031     6.14    7.89
  69212.319   168.185    -2.25    9.30
  69588.067   166.197    -5.29    9.93
  69963.819   162.941    -8.67    9.47
  70339.576   163.210     0.72    7.93
  70715.337   167.672    11.87   10.10
  71091.102   172.809    13.67    9.80
  71466.871   176.415     9.60    9.05
  71842.644   179.049     7.01    9.47
  72218.422   180.980     5.14    9.46
  72594.204   181.390     1.09    7.54
  72969.990   181.760     0.99    7.87
  73345.780   179.145    -6.96    8.66
  73721.574   176.961    -5.81    9.78
  74097.373   175.619    -3.57   11.13
  74473.176   174.364    -3.34   10.95
  74848.983   176.265     5.06   10.62
  75224.795   177.847     4.21    8.57
  75600.610   177.159    -1.83    9.08
  75976.430   174.851    -6.14    9.81
  76352.254   170.130   -12.56    9.41
  76728.082   164.954   -13.77   10.03
  77103.915   161.236    -9.89   11.61
  77479.752   154.003   -19.25    8.65
  77855.593   149.210   -12.75    6.34
  78231.438   149.400     0.51    7.12
  78607.288   152.544     8.36    8.31
  78983.141   157.492    13.17    7.80
  79358.999   163.845    16.90    6.04
  79734.862   167.319     9.24    6.14
  80110.728   171.346    10.71    7.39
  80486.599   175.645    11.44    6.93
  80862.474   179.133     9.28    8.99
  81238.353   183.022    10.35   11.18
  81614.237   183.697     1.80   13.22
  81990.124   177.262   -17.12   15.58
  82366.017   168.159   -24.22   13.91
  82741.913   163.645   -12.01   10.39
  83117.813   167.355     9.87   15.64
  83493.718   172.954    14.89   13.88
  83869.627   174.642     4.49   13.03
  84245.541   167.723   -18.41   13.90
  84621.459   159.475   -21.94   13.76
  84997.380   151.954   -20.01   11.60
  85373.307   147.749   -11.19    6.04
  85749.237   147.097    -1.73    5.74
  86125.172   150.725     9.65    7.78
  86501.111   157.022    16.75    8.10
  86877.054   163.697    17.76    9.79
  87253.002   171.236    20.05   10.43
  87628.954   176.753    14.68    9.36
  88004.910   180.893    11.01   12.03
  88380.871   184.005     8.28   12.67
  88756.836   188.276    11.36   14.08
  89132.805   194.461    16.45   16.11
  89508.778   198.185     9.91   15.33
  89884.756   198.903     1.91   16.63
  90260.738   194.531   -11.63   18.41
  90636.724   183.544   -29.22   19.35
  91012.715   171.076   -33.16   11.41
  91388.710   167.108   -10.55    8.52
  91764.709   167.415     0.82   10.52
  92140.712   166.412    -2.67   11.56
  92516.720   167.697     3.42   10.69
  92892.732   164.725    -7.91   10.97
  93268.749   160.066   -12.39   11.33
  93644.770   155.723   -11.55   11.63
  94020.795   152.142    -9.52    9.60
  94396.824   148.941    -8.51    8.22
  94772.858   147.621    -3.51    8.42
  95148.896   145.725    -5.04    7.43
  95524.939   144.082    -4.37    7.39
  95900.985   143.390    -1.84    7.53
  96277.036   144.210     2.18    7.65
  96653.092   143.887    -0.86    7.21
  97029.151   143.544    -0.91    6.37
  97405.216   141.211    -6.20    5.10
  97781.284   138.954    -6.00    4.56
  98157.357   136.072    -7.66    4.64
  98533.434   133.297    -7.38    3.16
  98909.515   131.779    -4.04    2.87
  99285.601   131.022    -2.01    3.09
  99661.691   130.265    -2.01    3.31
 100037.786   130.928     1.76    3.91
 100413.885   131.614     1.82    4.26
 100789.988   130.795    -2.18    3.92
 101166.095   129.877    -2.44    4.05
 101542.207   128.481    -3.71    3.95
 101918.324   128.236    -0.65    4.50
 102294.444   129.262     2.73    6.37
 102670.569   128.672    -1.57    6.43
 103046.699   127.461    -3.22    6.31
 103422.832   128.005     1.45    5.08
 103798.970   125.887    -5.63    3.35
 104175.113   124.954    -2.48    3.60
 104551.260   123.372    -4.20    3.12
 104927.411   122.003    -3.64    2.14
 105303.566   122.157     0.41    2.34
 105679.726   122.697     1.44    2.64
 106055.891   122.238    -1.22    2.75
 106432.059   121.851    -1.03    2.54
 106808.233   122.309     1.22    2.50
 107184.410   122.364     0.15    2.33
 107560.592   122.592     0.61    2.25
 107936.778   122.995     1.07    2.11
 108312.969   123.005     0.03    2.48
 108689.164   123.776     2.05    2.73
 109065.363   124.236     1.22    2.33
 109441.567   125.108     2.32    2.60
 109817.775   125.972     2.30    2.42
 110193.988   126.671     1.86    2.75
 110570.205   126.422    -0.66    2.85
 110946.427   125.122    -3.46    3.16
 111322.652   123.503    -4.30    2.66
 111698.883   123.211    -0.78    2.56
 112075.117   123.643     1.15    2.30
 112451.356   124.103     1.22    2.25
 112827.600   125.646     4.10    2.79
 113203.848   127.155     4.01    2.72
 113580.100   128.646     3.96    3.07
 113956.357   130.697     5.45    2.76
 114332.618   132.031     3.54    3.15
 114708.884   133.467     3.82    2.73
 115085.154   133.592     0.33    2.80
 115461.428   134.031     1.17    2.99
 115837.707   134.185     0.41    3.09
 116213.990   134.722     1.43    3.17
 116590.278   135.224     1.33    2.98
 116966.570   135.518     0.78    2.92
 117342.867   135.133    -1.02    2.78
 117719.168   135.531     1.06    2.68
 118095.473   136.103     1.52    3.05
 118471.783   136.697     1.58    2.84
 118848.097   136.934     0.63    2.53
 119224.416   135.646    -3.42    3.18
 119600.739   133.992    -4.40    3.50
 119977.067   131.872    -5.63    3.63
 120353.399   129.066    -7.46    4.57
 120729.736   125.292   -10.03    5.93
 121106.077   120.749   -12.07    5.72
 121482.422   117.833    -7.75    3.99
 121858.772   118.262     1.14    4.71
 122235.127   119.851     4.22    5.25
 122611.485   122.672     7.49    4.89
 122987.849   125.908     8.60    3.52
 123364.217   126.518     1.62    3.32
 123740.589   126.297    -0.59    3.73
 124116.966   126.392     0.25    4.23
 124493.347   127.492     2.92    5.91
 124869.732   127.276    -0.57    6.63
 125246.123   124.487    -7.41    7.15
 125622.517   121.236    -8.64    5.84
 125998.916   119.572    -4.42    3.20
 126375.320   120.851     3.40    4.34
 126751.728   122.339     3.95    4.26
 127128.141   123.752     3.75    3.23
 127504.558   124.928     3.13    2.86
 127880.979   126.481     4.13    3.02
 128257.405   128.903     6.43    4.05
 128633.836   131.005     5.59    3.72
 129010.271   133.540     6.73    3.49
 129386.710   135.851     6.14    4.06
 129763.154   137.749     5.04    4.06
 130139.603   139.364     4.29    3.85
 130516.056   140.995     4.33    3.33
 130892.513   142.313     3.50    3.56
 131268.975   143.184     2.31    3.27
 131645.441   144.415     3.27    3.37
 132021.912   144.903     1.29    2.90
 132398.388   145.135     0.62    3.39
 132774.868   142.749    -6.34    5.04
 133151.353   138.882   -10.27    5.98
 133527.842   134.329   -12.09    6.17
 133904.335   129.826   -11.96    5.97
 134280.833   126.142    -9.78    5.35
 134657.336   122.800    -8.88    3.61
 135033.843   120.390    -6.40    3.49
 135410.355   118.092    -6.10    3.91
 135786.871   115.097    -7.95    4.02
 136163.392   114.159    -2.49    3.52
 136539.917   113.467    -1.84    3.56
 136916.447   113.697     0.61    4.30
 137292.981   112.851    -2.25    5.15
 137669.520   110.806    -5.43    5.66
 138046.063   108.987    -4.83    4.93
 138422.611   106.797    -5.81    4.19
 138799.164   106.069    -1.93    3.48
 139175.721   105.108    -2.55    3.27
 139552.282   103.224    -5.00    2.65
 139928.848   102.454    -2.04    2.86
 140304.841   102.157    -0.79    3.41
 140680.511   102.725     1.51    3.99
 141056.185   102.272    -1.21    3.67
 141431.864   101.197    -2.86    4.18
 141807.547    99.092    -5.60    5.18
 142183.235    96.072    -8.04    3.64
 142558.927    95.056    -2.70    2.99
 142934.624    96.390     3.55    4.50
 143310.326    96.671     0.75    5.36
 143686.032    97.544     2.32    5.36
 144061.742    97.995     1.20    5.07
 144437.457    99.092     2.92    5.30
 144813.177   102.172     8.20    5.67
 145188.901   106.383    11.21    5.81
 145564.630   110.518    11.01    6.57
 145940.363   114.130     9.61    5.80
 146316.101   116.860     7.27    4.69
 146691.844   119.238     6.33    5.41
 147067.591   120.447     3.22    5.11
 147443.342   120.297    -0.40    4.67
 147819.098   119.082    -3.23    5.54
 148194.859   116.643    -6.49    5.55
 148570.624   113.287    -8.93    5.64
 148946.394   109.934    -8.92    6.19
 149322.169   105.621   -11.48    6.29
 149697.947   100.592   -13.38    4.83
 150073.731    97.031    -9.48    4.76
 150449.519    93.995    -8.08    4.00
 150825.312    91.607    -6.36    3.41
 151201.109    90.531    -2.86    2.97
