# NaN NaN NaN ;Mean Elev.(m), Avg Gradient(m/km), RMS Gradient(m/km) - SRTM1     
#   24.862   0.408   6.420 ;Mean Elev.(m), Avg Gradient(m/km), RMS Gradient(m/km) - ASTER GDEM
#    8.731   0.002   2.670 ;Mean Elev.(m), Avg Gradient(m/km), RMS Gradient(m/km) - GMTED2010 
  7     6.319 52471.59230726 26.69 298.081103   8.538435 38.780
  7     5.814 52471.59230791 26.03 298.080363   8.535135 38.780
  7     6.075 52471.59230855 23.35 298.079633   8.531825 38.780
  7     6.618 52471.59230920 22.75 298.078887   8.528523 15.952
  7     6.950 52471.59230984 26.37 298.078157   8.525213 15.952
  7     7.129 52471.59231048 40.56 298.077417   8.521913 15.952
  8     0.572 52506.59228498 31.26 298.083511   8.539096 22.220
  8     0.895 52506.59228563 38.72 298.082771   8.535786 22.220
  8     0.900 52506.59228627 40.54 298.082031   8.532486 22.220
  8     0.897 52506.59228692 34.57 298.081301   8.529176 22.220
  8     0.880 52506.59228756 34.25 298.080561   8.525876 22.220
  8     0.916 52506.59228820 40.75 298.079821   8.522566 22.220
  9     6.753 52541.59226718 29.47 298.091356   8.538922 28.408
  9     6.452 52541.59226783 24.55 298.090616   8.535622 28.408
  9     5.852 52541.59226847 24.30 298.089876   8.532312 28.408
  9     6.611 52541.59226911 22.19 298.089146   8.529012 28.408
  9     6.908 52541.59226976 27.77 298.088406   8.525702 28.408
  9     7.282 52541.59227040 37.63 298.087666   8.522402 28.408
 10     3.888 52576.59231644 17.39 298.080503   8.538170 21.915
 10     3.739 52576.59231708 16.06 298.079763   8.534860 21.915
 10     3.762 52576.59231773 16.11 298.079023   8.531560 21.915
 10     3.786 52576.59231837 17.38 298.078283   8.528250 21.915
 10     4.170 52576.59231902 20.19 298.077553   8.524950 21.915
 11     3.791 52611.59227865 19.34 298.083053   8.540878 32.790
 11     3.388 52611.59227930 14.63 298.082313   8.537568 32.790
 11     3.699 52611.59227994 15.00 298.081573   8.534268 32.790
 11     3.670 52611.59228058 15.00 298.080833   8.530958 32.790
 11     3.942 52611.59228123 16.11 298.080103   8.527658 32.790
 11     4.244 52611.59228187 22.15 298.079363   8.524348 32.790
 12     2.729 52646.59226492 15.98 298.085741   8.539782 21.188
 12     2.078 52646.59226557 15.73 298.085001   8.536482 21.188
 12     1.948 52646.59226621 17.24 298.084261   8.533172 21.188
 12     2.102 52646.59226686 17.31 298.083531   8.529872 21.188
 12     2.641 52646.59226750 18.15 298.082791   8.526562 21.188
 12     3.296 52646.59226815 24.21 298.082051   8.523262 21.188
 13     1.848 52681.59223582 14.40 298.092600   8.539573 32.279
 13     1.496 52681.59223646 13.65 298.091870   8.536263 32.279
 13     1.194 52681.59223711 15.33 298.091125   8.532960 15.101
 13     1.271 52681.59223775 18.08 298.090395   8.529650 15.101
 13     1.543 52681.59223840 25.66 298.089655   8.526350 15.101
 13     1.607 52681.59223904 31.60 298.088915   8.523040 15.101
 15     1.321 52751.59231904 12.84 298.072423   8.537757 19.143
 15     1.384 52751.59231968 13.21 298.071683   8.534457 19.143
 15     1.178 52751.59232033 16.67 298.070943   8.531147 19.143
 15     1.593 52751.59232097 18.10 298.070213   8.527847 19.143
 15     2.220 52751.59232162 20.41 298.069473   8.524537 19.143
 16     3.237 52786.59226255 15.33 298.084140   8.538362 33.545
 16     2.673 52786.59226320 16.32 298.083400   8.535062 33.545
 16     3.597 52786.59226384 15.58 298.082660   8.531752 33.545
 16     3.571 52786.59226449 20.08 298.081930   8.528452 33.545
 16     3.916 52786.59226513 24.13 298.081190   8.525142 33.545
 16     4.153 52786.59226578 38.17 298.080450   8.521842 33.545
 17     4.997 52821.59233571 29.54 298.085091   8.539893 35.988
 17     4.695 52821.59233635 23.92 298.084361   8.536593 35.988
 17     4.051 52821.59233699 21.62 298.083621   8.533283 35.988
 17     4.875 52821.59233764 18.95 298.082881   8.529983 35.988
 17     5.436 52821.59233828 20.90 298.082141   8.526673 35.988
 17     5.729 52821.59233893 34.67 298.081401   8.523373 35.988
 18     6.795 52856.59238292 33.37 298.088112   8.540481 29.228
 18     6.322 52856.59238357 25.12 298.087372   8.537171 29.228
 18     5.946 52856.59238421 25.01 298.086642   8.533871 29.228
 18     6.381 52856.59238486 23.73 298.085902   8.530561 29.228
 18     6.824 52856.59238550 24.94 298.085162   8.527261 29.228
 18     7.155 52856.59238614 28.76 298.084422   8.523951 29.228
 19     7.152 52891.59241566 31.07 298.081300   8.539923 24.479
 19     6.883 52891.59241631 24.53 298.080560   8.536613 24.479
 19     6.413 52891.59241695 22.68 298.079830   8.533313 24.479
 19     7.002 52891.59241760 20.55 298.079090   8.530003 24.479
 19     7.482 52891.59241824 20.88 298.078350   8.526703 24.479
 19     7.597 52891.59241889 26.65 298.077610   8.523393 24.479
 20     5.999 52926.59236804 27.72 298.082062   8.540209 28.726
 20     5.680 52926.59236869 22.44 298.081322   8.536909 28.726
 20     5.134 52926.59236933 21.38 298.080582   8.533599 28.726
 20     6.003 52926.59236998 19.90 298.079842   8.530299 28.726
 20     6.333 52926.59237062 21.63 298.079112   8.526989 28.726
 20     6.500 52926.59237126 27.57 298.078372   8.523689 28.726
 21     4.901 52961.59233628 26.68 298.093021   8.538732 32.033
 21     4.513 52961.59233692 24.15 298.092281   8.535422 32.033
 21     4.447 52961.59233757 19.28 298.091551   8.532122 32.033
 21     5.037 52961.59233821 20.96 298.090811   8.528812 32.033
 21     5.434 52961.59233886 25.70 298.090071   8.525512 32.033
 22     3.912 52996.59237701 22.25 298.082958   8.540154 35.923
 22     3.206 52996.59237766 18.98 298.082218   8.536844 35.923
 22     2.901 52996.59237830 16.52 298.081478   8.533544 35.923
 22     3.296 52996.59237895 17.06 298.080738   8.530234 35.923
 22     3.451 52996.59237959 19.37 298.080008   8.526934 35.923
 22     3.705 52996.59238024 28.08 298.079268   8.523624 35.923
 23     2.108 53031.59233744 49.58 298.082965   8.540438 35.174
 23     2.032 53031.59233808 52.84 298.082225   8.537128 35.174
 23     1.949 53031.59233873 51.63 298.081485   8.533828 35.174
 23     2.038 53031.59233937 48.04 298.080745   8.530518 35.174
 23     2.107 53031.59234002 49.33 298.080015   8.527218 35.174
 23     2.083 53031.59234066 41.62 298.079275   8.523908 35.174
 24     1.869 53066.59234645 14.97 298.088250   8.538877 27.444
 24     1.468 53066.59234709 15.50 298.087520   8.535577 27.444
 24     1.203 53066.59234773 17.69 298.086780   8.532267 27.444
 24     1.394 53066.59234838 17.57 298.086040   8.528967 27.444
 24     3.634 53066.59234902 19.23 298.085300   8.525657 27.444
 24     4.053 53066.59234967 25.46 298.084570   8.522357 27.444
 25     2.613 53101.59234391 11.21 298.080105   8.539648 18.700
 25     2.192 53101.59234455 11.02 298.079365   8.536338 18.700
 25     2.076 53101.59234519 13.17 298.078625   8.533038 18.700
 25     2.116 53101.59234584 12.72 298.077895   8.529728 18.700
 25     2.165 53101.59234648 16.51 298.077155   8.526428 18.700
 25     2.570 53101.59234713 22.87 298.076415   8.523118 18.700
 26     2.410 53136.59234803 12.66 298.089893   8.538254 32.237
 26     2.421 53136.59234868 13.11 298.089153   8.534944 32.237
 26     2.343 53136.59234932 15.87 298.088413   8.531644 32.237
 26     2.779 53136.59234996 18.50 298.087673   8.528334 32.237
 26     3.329 53136.59235061 22.56 298.086943   8.525034 32.237
 27     4.760 53171.59239882 28.43 298.082507   8.538469 31.758
 27     4.559 53171.59239947 22.96 298.081767   8.535159 31.758
 27     4.115 53171.59240011 20.30 298.081037   8.531859 31.758
 27     5.099 53171.59240076 19.47 298.080297   8.528549 31.758
 27     5.370 53171.59240140 23.28 298.079557   8.525249 31.758
 27     5.780 53171.59240204 38.89 298.078817   8.521939 31.758
 28     6.501 53206.59241226 31.37 298.083123   8.540140 36.664
 28     6.393 53206.59241291 27.27 298.082383   8.536830 36.664
 28     5.955 53206.59241355 22.97 298.081643   8.533530 36.664
 28     6.367 53206.59241419 22.83 298.080903   8.530220 36.664
 28     6.814 53206.59241484 22.30 298.080166   8.526919 17.362
 28     7.161 53206.59241548 30.38 298.079436   8.523609 17.362
 29     7.266 53241.59237971 32.39 298.088215   8.540170 33.064
 29     6.842 53241.59238035 26.43 298.087485   8.536870 33.064
 29     6.298 53241.59238100 26.47 298.086745   8.533560 33.064
 29     6.914 53241.59238164 24.90 298.086005   8.530260 33.064
 29     7.220 53241.59238229 28.82 298.085265   8.526950 33.064
 29     7.533 53241.59238293 32.05 298.084535   8.523650 33.064
 30     6.792 53276.59235063 31.15 298.086903   8.540578 34.581
 30     6.332 53276.59235128 24.07 298.086173   8.537278 34.581
 30     5.860 53276.59235192 23.79 298.085433   8.533968 34.581
 30     6.412 53276.59235257 23.28 298.084693   8.530668 34.581
 30     6.874 53276.59235321 23.76 298.083953   8.527358 34.581
 30     7.161 53276.59235386 28.95 298.083213   8.524058 34.581
 31     5.270 53311.59239035 28.73 298.082384   8.541302 35.617
 31     4.976 53311.59239100 25.16 298.081654   8.538002 35.617
 31     4.438 53311.59239164 18.88 298.080914   8.534692 35.617
 31     4.698 53311.59239229 17.97 298.080174   8.531392 35.617
 31     5.182 53311.59239293 18.25 298.079434   8.528082 35.617
 31     5.467 53311.59239357 25.00 298.078704   8.524782 35.617
 32     3.722 53346.59235630 22.89 298.086017   8.540678 30.865
 32     3.480 53346.59235694 18.99 298.085287   8.537378 30.865
 32     3.344 53346.59235758 19.97 298.084547   8.534068 30.865
 32     3.492 53346.59235823 17.80 298.083807   8.530768 30.865
 32     3.530 53346.59235887 19.37 298.083067   8.527458 30.865
 32     3.956 53346.59235952 23.25 298.082337   8.524158 30.865
 33     3.321 53381.59231585 16.59 298.087738   8.538867 33.313
 33     2.452 53381.59231649 16.56 298.087008   8.535567 33.313
 33     2.590 53381.59231714 16.55 298.086268   8.532257 33.313
 33     3.408 53381.59231778 18.01 298.085528   8.528957 33.313
 33     2.797 53381.59231843 23.53 298.084788   8.525647 33.313
 33     4.120 53381.59231907 30.03 298.084048   8.522347 33.313
 34     3.660 53416.59233437 15.61 298.091648   8.540525 22.908
 34     1.747 53416.59233502 14.92 298.090918   8.537225 22.908
 34     1.814 53416.59233566 15.17 298.090178   8.533915 22.908
 34     1.537 53416.59233631 17.46 298.089438   8.530615 22.908
 34     1.817 53416.59233695 22.16 298.088698   8.527305 22.908
 34     1.891 53416.59233760 27.06 298.087968   8.524005 22.908
 35     1.853 53451.59233296 12.64 298.087571   8.538088 29.280
 35     1.733 53451.59233361 12.38 298.086831   8.534778 29.280
 35     1.797 53451.59233425 12.66 298.086091   8.531478 29.280
 35     1.730 53451.59233490 16.52 298.085361   8.528168 29.280
 35     1.999 53451.59233554 18.47 298.084621   8.524868 29.280
 36     2.898 53486.59241774  9.23 298.077627   8.540616 26.756
 36     2.886 53486.59241839 10.06 298.076887   8.537316 26.756
 36     2.692 53486.59241903 12.17 298.076147   8.534006 26.756
 36     2.459 53486.59241967 15.55 298.075417   8.530706 26.756
 36     2.223 53486.59242032 17.96 298.074677   8.527396 26.756
 36     2.419 53486.59242096 24.03 298.073937   8.524096 26.756
 37     2.851 53521.59241016 19.50 298.087249   8.539503 32.416
 37     2.567 53521.59241081 15.63 298.086519   8.536203 32.416
 37     3.642 53521.59241145 16.14 298.085779   8.532893 32.416
 37     4.050 53521.59241209 18.11 298.085039   8.529593 32.416
 37     4.449 53521.59241274 21.42 298.084299   8.526283 32.416
 37     4.634 53521.59241338 29.17 298.083569   8.522983 32.416
 38     5.791 53556.59243495 41.64 298.077870   8.540944 41.728
 38     5.787 53556.59243560 39.87 298.077130   8.537644 41.728
 38     5.784 53556.59243624 38.14 298.076390   8.534334 41.728
 38     5.704 53556.59243689 32.05 298.075660   8.531034 41.728
 38     5.397 53556.59243753 29.80 298.074920   8.527724 41.728
 38     5.724 53556.59243818 29.33 298.074180   8.524424 41.728
 39     5.803 53591.59237310 28.51 298.091851   8.539116 26.221
 39     5.582 53591.59237374 25.01 298.091111   8.535806 26.221
 39     5.272 53591.59237439 22.76 298.090381   8.532506 26.221
 39     6.117 53591.59237503 22.62 298.089641   8.529196 26.221
 39     6.319 53591.59237568 28.49 298.088901   8.525896 26.221
 39     6.626 53591.59237632 41.08 298.088171   8.522586 26.221
 40     6.046 53626.59236123 28.85 298.079544   8.539724 36.786
 40     5.652 53626.59236187 23.21 298.078804   8.536414 36.786
 40     5.306 53626.59236252 21.23 298.078064   8.533114 36.786
 40     5.936 53626.59236316 19.84 298.077334   8.529804 36.786
 40     6.411 53626.59236381 20.30 298.076594   8.526504 36.786
 40     6.622 53626.59236445 28.37 298.075854   8.523194 36.786
 41     4.734 53661.59238681 25.76 298.082938   8.540745 39.047
 41     4.279 53661.59238745 21.40 298.082198   8.537445 39.047
 41     3.906 53661.59238810 18.72 298.081458   8.534135 39.047
 41     3.888 53661.59238874 17.27 298.080728   8.530835 39.047
 41     4.473 53661.59238939 18.84 298.079988   8.527525 39.047
 41     4.791 53661.59239003 25.88 298.079248   8.524225 39.047
 42     3.508 53696.59235528 21.54 298.084473   8.539760 30.280
 42     2.882 53696.59235592 17.91 298.083743   8.536460 30.280
 42     3.114 53696.59235657 16.77 298.083003   8.533150 30.280
 42     3.817 53696.59235721 16.24 298.082263   8.529850 30.280
 42     4.054 53696.59235786 19.00 298.081533   8.526540 30.280
 42     4.216 53696.59235850 30.19 298.080793   8.523240 30.280
 43     2.885 53731.59227804 47.34 298.087821   8.538774 29.775
 43     3.055 53731.59227868 50.90 298.087081   8.535474 29.775
 43     3.031 53731.59227933 47.48 298.086351   8.532164 29.775
 43     2.996 53731.59227997 49.92 298.085611   8.528864 29.775
 43     2.962 53731.59228062 48.49 298.084871   8.525554 29.775
 43     2.938 53731.59228126 49.77 298.084141   8.522254 29.775
 44     4.084 53766.59225018 19.63 298.091823   8.540336 26.144
 44     3.201 53766.59225083 19.30 298.091083   8.537036 26.144
 44     2.700 53766.59225147 18.85 298.090343   8.533726 26.144
 44     2.900 53766.59225212 18.17 298.089613   8.530426 26.144
 44     3.717 53766.59225276 20.43 298.088873   8.527116 26.144
 44     4.218 53766.59225340 26.07 298.088133   8.523816 26.144
 45     2.513 53801.59225201 15.26 298.088517   8.539530 24.627
 45     1.754 53801.59225265 17.03 298.087777   8.536220 24.627
 45     1.414 53801.59225330 18.05 298.087037   8.532920 24.627
 45     2.131 53801.59225394 18.66 298.086307   8.529610 24.627
 45     3.643 53801.59225459 20.03 298.085567   8.526310 24.627
 45     4.174 53801.59225523 27.52 298.084827   8.523000 24.627
 46     2.686 53836.59225988 15.64 298.086461   8.540781 23.692
 46     2.253 53836.59226052 13.02 298.085721   8.537471 23.692
 46     2.244 53836.59226117 12.58 298.084991   8.534171 23.692
 46     2.684 53836.59226181 14.08 298.084251   8.530861 23.692
 46     2.720 53836.59226246 17.58 298.083511   8.527561 23.692
 46     3.168 53836.59226310 20.01 298.082771   8.524251 23.692
 47     3.149 53871.59231549 10.66 298.084796   8.538622 29.508
 47     3.109 53871.59231613 11.54 298.084056   8.535322 29.508
 47     3.043 53871.59231678 12.99 298.083316   8.532012 29.508
 47     3.046 53871.59231742 14.28 298.082586   8.528712 29.508
 47     3.112 53871.59231807 18.48 298.081846   8.525402 29.508
 47     3.447 53871.59231871 25.27 298.081106   8.522102 29.508
 48     4.299 53906.59235425 25.18 298.081678   8.539492 42.012
 48     3.694 53906.59235490 24.78 298.080938   8.536182 42.012
 48     3.322 53906.59235554 19.06 298.080198   8.532882 42.012
 48     4.605 53906.59235619 17.78 298.079458   8.529572 42.012
 48     4.955 53906.59235683 22.63 298.078728   8.526272 42.012
 48     5.244 53906.59235747 29.68 298.077988   8.522962 42.012
 49     7.654 53941.59238322 36.74 298.074996   8.538564 25.797
 49     7.630 53941.59238386 37.63 298.074256   8.535264 25.797
 49     7.672 53941.59238451 38.63 298.073516   8.531954 25.797
 49     7.663 53941.59238515 38.18 298.072786   8.528654 25.797
 49     7.627 53941.59238579 38.34 298.072046   8.525344 25.797
 49     7.704 53941.59238644 45.38 298.071306   8.522044 25.797
 50     7.527 53976.59233819 29.95 298.081815   8.539154 24.577
 50     7.031 53976.59233883 24.37 298.081075   8.535854 24.577
 50     6.869 53976.59233948 25.80 298.080345   8.532544 24.577
 50     7.327 53976.59234012 25.87 298.079605   8.529244 24.577
 50     7.824 53976.59234077 26.38 298.078865   8.525934 24.577
 50     8.112 53976.59234141 37.83 298.078135   8.522634 24.577
 51     5.981 54011.59234044 28.63 298.087826   8.540280 30.017
 51     5.709 54011.59234108 21.98 298.087086   8.536980 30.017
 51     5.165 54011.59234173 20.21 298.086346   8.533670 30.017
 51     5.687 54011.59234237 22.04 298.085616   8.530370 30.017
 51     6.117 54011.59234302 23.99 298.084876   8.527060 30.017
 51     6.306 54011.59234366 30.61 298.084136   8.523760 30.017
 52     4.572 54046.59235423 26.04 298.091733   8.540071 22.601
 52     4.137 54046.59235488 22.56 298.091003   8.536771 22.601
 52     3.656 54046.59235552 18.24 298.090263   8.533461 22.601
 52     4.541 54046.59235617 17.25 298.089523   8.530161 22.601
 52     4.764 54046.59235681 23.02 298.088783   8.526851 22.601
 52     5.012 54046.59235746 29.64 298.088053   8.523551 22.601
 53     3.715 54081.59234720 22.54 298.084621   8.540323 24.155
 53     3.460 54081.59234785 19.23 298.083881   8.537023 24.155
 53     2.901 54081.59234849 17.07 298.083151   8.533713 24.155
 53     3.511 54081.59234914 16.54 298.082411   8.530413 24.155
 53     3.949 54081.59234978 19.22 298.081671   8.527103 24.155
 53     4.194 54081.59235043 28.04 298.080931   8.523803 24.155
 54     3.220 54116.59227939 20.24 298.084638   8.541031 26.464
 54     2.777 54116.59228003 18.08 298.083898   8.537731 26.464
 54     2.432 54116.59228068 16.76 298.083158   8.534421 26.464
 54     2.615 54116.59228132 17.20 298.082428   8.531121 26.464
 54     2.963 54116.59228197 19.69 298.081688   8.527811 26.464
 54     3.607 54116.59228261 23.27 298.080948   8.524511 26.464
 55     2.968 54151.59229816 14.08 298.083904   8.539304 24.513
 55     2.176 54151.59229880 14.13 298.083164   8.536004 24.513
 55     1.997 54151.59229944 15.50 298.082424   8.532694 24.513
 55     2.793 54151.59230009 14.90 298.081694   8.529394 24.513
 55     3.226 54151.59230073 19.11 298.080954   8.526084 24.513
 55     3.446 54151.59230138 32.25 298.080214   8.522784 24.513
 56     2.816 54186.59227217 14.53 298.084841   8.541188 26.454
 56     2.148 54186.59227281 12.60 298.084101   8.537878 26.454
 56     1.407 54186.59227346 14.21 298.083371   8.534578 26.454
 56     1.823 54186.59227410 15.31 298.082631   8.531268 26.454
 56     2.745 54186.59227475 16.56 298.081891   8.527968 26.454
 56     3.100 54186.59227539 21.74 298.081151   8.524658 26.454
 57     2.459 54221.59230709 11.47 298.084376   8.539862 28.539
 57     2.540 54221.59230773 11.09 298.083646   8.536562 28.539
 57     2.573 54221.59230838 12.00 298.082906   8.533252 28.539
 57     2.442 54221.59230902 15.30 298.082166   8.529952 28.539
 57     2.562 54221.59230967 18.33 298.081426   8.526642 28.539
 57     2.865 54221.59231031 24.01 298.080696   8.523342 28.539
 58     7.452 54256.59232977 14.17 298.085356   8.541047 25.902
 58     3.719 54256.59233041 14.67 298.084616   8.537737 25.902
 58     3.787 54256.59233106 14.44 298.083886   8.534437 25.902
 58     3.773 54256.59233170 15.78 298.083146   8.531127 25.902
 58     3.850 54256.59233235 20.26 298.082406   8.527827 25.902
 58     4.314 54256.59233299 26.33 298.081666   8.524517 25.902
 59     5.226 54291.59233259 31.69 298.086653   8.538713 32.935
 59     5.202 54291.59233324 32.15 298.085913   8.535403 32.935
 59     5.950 54291.59233388 30.89 298.085173   8.532103 32.935
 59     6.222 54291.59233453 35.51 298.084433   8.528793 32.935
 59     6.286 54291.59233517 46.88 298.083703   8.525493 32.935
 59     6.398 54291.59233582 45.96 298.082963   8.522183 32.935
 60     6.920 54326.59232942 28.52 298.086870   8.538881 31.702
 60     6.441 54326.59233006 25.11 298.086140   8.535581 31.702
 60     6.116 54326.59233071 23.70 298.085400   8.532271 31.702
 60     6.946 54326.59233135 22.44 298.084660   8.528971 31.702
 60     7.260 54326.59233200 27.49 298.083920   8.525661 31.702
 60     7.388 54326.59233264 34.21 298.083190   8.522361 31.702
 61     7.240 54361.59227988 34.16 298.085376   8.541375 26.434
 61     6.832 54361.59228053 26.15 298.084636   8.538075 26.434
 61     6.404 54361.59228117 22.91 298.083896   8.534765 26.434
 61     6.617 54361.59228182 21.79 298.083166   8.531465 26.434
 61     7.271 54361.59228246 21.50 298.082426   8.528155 26.434
 61     7.293 54361.59228310 26.62 298.081686   8.524855 26.434
 62     5.875 54396.59226939 27.95 298.086917   8.539698 30.885
 62     5.311 54396.59227004 23.15 298.086177   8.536398 30.885
 62     4.963 54396.59227068 20.82 298.085437   8.533088 30.885
 62     5.625 54396.59227133 22.17 298.084707   8.529788 30.885
 62     6.006 54396.59227197 25.33 298.083967   8.526478 30.885
 62     6.415 54396.59227262 32.17 298.083227   8.523178 30.885
 63     4.227 54431.59223051 23.30 298.086184   8.538950 25.199
 63     3.676 54431.59223116 21.72 298.085454   8.535640 25.199
 63     3.386 54431.59223180 19.01 298.084714   8.532340 25.199
 63     4.079 54431.59223245 18.47 298.083974   8.529030 25.199
 63     4.232 54431.59223309 22.88 298.083234   8.525730 25.199
 63     4.631 54431.59223374 32.10 298.082504   8.522420 25.199
 64     3.545 54466.59225020 22.30 298.087797   8.540271 22.742
 64     3.090 54466.59225084 20.41 298.087057   8.536971 22.742
 64     2.530 54466.59225149 19.51 298.086317   8.533661 22.742
 64     2.758 54466.59225213 18.33 298.085587   8.530361 22.742
 64     3.926 54466.59225278 19.93 298.084847   8.527051 22.742
 64     4.174 54466.59225342 26.07 298.084107   8.523751 22.742
 65     3.134 54501.59224415 16.29 298.086082   8.540153 18.897
 65     2.511 54501.59224480 14.57 298.085342   8.536853 18.897
 65     2.040 54501.59224544 16.37 298.084612   8.533543 18.897
 65     2.929 54501.59224609 16.17 298.083872   8.530243 18.897
 65     3.554 54501.59224673 18.70 298.083132   8.526933 18.897
 65     3.813 54501.59224738 24.92 298.082402   8.523633 18.897
 66    -0.652 54536.59226559 25.57 298.086555   8.538695 29.701
 66    -0.511 54536.59226624 26.70 298.085815   8.535385 29.701
 66    -0.417 54536.59226688 28.29 298.085085   8.532085 29.701
 66    -0.397 54536.59226753 29.38 298.084345   8.528775 29.701
 66    -0.540 54536.59226817 30.22 298.083605   8.525475 29.701
 66     4.010 54536.59226882 28.96 298.082875   8.522165 29.701
 67     2.545 54571.59224599 12.73 298.085608   8.538688 22.600
 67     1.674 54571.59224664 14.25 298.084868   8.535378 22.600
 67     2.215 54571.59224728 15.62 298.084128   8.532078 22.600
 67     2.882 54571.59224792 18.12 298.083398   8.528768 22.600
 67     3.346 54571.59224857 20.06 298.082658   8.525468 22.600
 67     3.498 54571.59224921 27.86 298.081918   8.522158 22.600
 68     2.871 54606.59225885 14.99 298.085436   8.540611 28.252
 68     2.752 54606.59225950 12.07 298.084696   8.537301 28.252
 68     2.458 54606.59226014 15.56 298.083956   8.534001 28.252
 68     2.612 54606.59226079 17.33 298.083216   8.530691 28.252
 68     2.928 54606.59226143 20.56 298.082486   8.527391 28.252
 68     3.170 54606.59226208 22.81 298.081746   8.524081 28.252
 69     2.155 54641.59226877 25.27 298.084281   8.538204 34.560
 69     2.432 54641.59226942 18.71 298.083541   8.534904 34.560
 69     3.790 54641.59227006 16.71 298.082801   8.531594 34.560
 69     4.272 54641.59227071 18.28 298.082071   8.528294 34.560
 69     4.458 54641.59227135 25.07 298.081331   8.524984 34.560
 70     6.584 54676.59227044 31.42 298.083888   8.538626 31.737
 70     6.892 54676.59227109 29.87 298.083148   8.535316 31.737
 70     6.821 54676.59227173 32.19 298.082408   8.532016 31.737
 70     6.701 54676.59227238 27.61 298.081668   8.528706 31.737
 70     6.854 54676.59227302 29.48 298.080938   8.525406 31.737
 70     7.011 54676.59227367 46.03 298.080198   8.522096 31.737
 71     6.884 54711.59222536 27.33 298.086594   8.538673 28.019
 71     6.258 54711.59222601 24.55 298.085854   8.535363 28.019
 71     6.198 54711.59222665 23.21 298.085114   8.532063 28.019
 71     6.917 54711.59222730 25.59 298.084384   8.528753 28.019
 71     7.277 54711.59222794 28.78 298.083644   8.525453 28.019
 71     7.573 54711.59222859 38.59 298.082904   8.522143 28.019
 72     5.632 54746.59223885 30.70 298.084950   8.539748 37.417
 72     5.207 54746.59223949 25.37 298.084210   8.536448 37.417
 72     4.586 54746.59224014 24.94 298.083470   8.533138 37.417
 72     5.675 54746.59224078 18.87 298.082740   8.529838 37.417
 72     6.077 54746.59224143 21.99 298.082000   8.526528 37.417
 72     6.256 54746.59224207 28.35 298.081260   8.523228 37.417
 73     4.411 54781.59221081 28.81 298.086773   8.541224 37.959
 73     3.911 54781.59221146 24.75 298.086033   8.537914 37.959
 73     2.796 54781.59221210 23.28 298.085293   8.534614 37.959
 73     3.792 54781.59221275 17.88 298.084553   8.531304 37.959
 73     4.324 54781.59221339 19.02 298.083823   8.528004 37.959
 73     4.635 54781.59221404 25.24 298.083083   8.524694 37.959
 74     4.325 54816.59223100 28.82 298.086277   8.541330 35.273
 74     3.816 54816.59223164 25.07 298.085537   8.538020 35.273
 74     2.945 54816.59223229 23.48 298.084797   8.534720 35.273
 74     3.371 54816.59223293 19.39 298.084057   8.531410 35.273
 74     4.014 54816.59223358 19.70 298.083327   8.528110 35.273
 74     4.484 54816.59223422 24.17 298.082587   8.524800 35.273
 75     4.061 54851.59220879 19.84 298.085936   8.540277 27.627
 75     3.139 54851.59220944 19.93 298.085206   8.536977 27.627
 75     2.797 54851.59221008 19.29 298.084466   8.533667 27.627
 75     2.465 54851.59221072 19.00 298.083726   8.530367 27.627
 75     3.527 54851.59221137 21.66 298.082986   8.527057 27.627
 75     3.785 54851.59221201 24.54 298.082256   8.523757 27.627
 76     3.113 54886.59223606 17.58 298.084056   8.539767 29.242
 76     2.569 54886.59223671 16.07 298.083316   8.536457 29.242
 76     2.424 54886.59223735 16.53 298.082586   8.533157 29.242
 76     2.897 54886.59223800 16.95 298.081846   8.529847 29.242
 76     3.357 54886.59223864 19.98 298.081106   8.526547 29.242
 76     3.605 54886.59223929 26.56 298.080366   8.523237 29.242
 77     2.682 54921.59220980 13.31 298.082269   8.538256 21.726
 77     1.984 54921.59221044 14.37 298.081529   8.534946 21.726
 77     2.250 54921.59221109 14.60 298.080799   8.531646 21.726
 77     2.663 54921.59221173 17.06 298.080059   8.528336 21.726
 77     3.175 54921.59221238 23.81 298.079319   8.525036 21.726
 77     3.441 54921.59221302 30.69 298.078589   8.521726 21.726
 78     2.540 54956.59223140 12.66 298.084431   8.538486 29.197
 78     2.314 54956.59223205 12.57 298.083691   8.535186 29.197
 78     2.318 54956.59223269 15.40 298.082951   8.531876 29.197
 78     2.892 54956.59223334 17.32 298.082221   8.528576 29.197
 78     3.042 54956.59223398 19.75 298.081481   8.525266 29.197
 78     3.310 54956.59223463 30.08 298.080741   8.521966 29.197
 79     2.925 54991.59225464 11.99 298.082928   8.540948 29.781
 79     2.811 54991.59225528 11.08 298.082188   8.537648 29.781
 79     2.707 54991.59225593 12.65 298.081448   8.534338 29.781
 79     2.432 54991.59225657 15.82 298.080718   8.531038 29.781
 79     2.596 54991.59225722 17.52 298.079978   8.527728 29.781
 79     2.926 54991.59225786 23.09 298.079238   8.524428 29.781
 80     3.919 55026.59224561 26.27 298.085804   8.539283 36.083
 80     3.185 55026.59224625 23.16 298.085064   8.535983 36.083
 80     3.627 55026.59224689 19.36 298.084324   8.532673 36.083
 80     4.570 55026.59224754 19.79 298.083594   8.529373 36.083
 80     4.908 55026.59224818 25.51 298.082854   8.526063 36.083
 80     5.242 55026.59224883 31.85 298.082114   8.522763 36.083
 81     5.981 55061.59223834 29.72 298.085862   8.540069 33.519
 81     5.603 55061.59223899 24.40 298.085132   8.536769 33.519
 81     5.224 55061.59223963 23.41 298.084392   8.533459 33.519
 81     5.866 55061.59224028 24.25 298.083652   8.530159 33.519
 81     6.280 55061.59224092 23.91 298.082912   8.526849 33.519
 81     6.611 55061.59224157 31.74 298.082182   8.523549 33.519
 82     5.683 55096.59218791 29.05 298.084167   8.541260 29.298
 82     5.307 55096.59218856 25.59 298.083427   8.537960 29.298
 82     4.711 55096.59218920 22.41 298.082687   8.534650 29.298
 82     5.194 55096.59218985 20.04 298.081957   8.531350 29.298
 82     5.795 55096.59219049 21.59 298.081217   8.528040 29.298
 82     6.087 55096.59219114 26.91 298.080477   8.524740 29.298
 83     3.481 55131.59218221 23.96 298.084790   8.538282 39.850
 83     3.005 55131.59218285 19.80 298.084050   8.534972 39.850
 83     3.356 55131.59218350 16.73 298.083320   8.531672 39.850
 83     3.705 55131.59218414 17.74 298.082580   8.528362 39.850
 83     4.009 55131.59218478 22.89 298.081840   8.525062 39.850
 83     4.288 55131.59218543 36.02 298.081100   8.521752 39.850
 84     3.014 55166.59215029 19.85 298.086374   8.538886 24.045
 84     2.619 55166.59215093 17.20 298.085634   8.535576 24.045
 84     2.270 55166.59215158 18.85 298.084904   8.532276 24.045
 84     3.157 55166.59215222 19.64 298.084164   8.528966 24.045
 84     3.286 55166.59215287 23.32 298.083424   8.525666 24.045
 84     3.802 55166.59215351 27.20 298.082684   8.522356 24.045
 85     1.957 55201.59217366 37.15 298.085054   8.540563 33.222
 85     1.691 55201.59217431 28.07 298.084314   8.537263 33.222
 85     1.455 55201.59217495 28.74 298.083574   8.533953 33.222
 85     1.346 55201.59217560 28.00 298.082844   8.530653 33.222
 85     1.157 55201.59217624 27.26 298.082104   8.527343 33.222
 85     3.299 55201.59217689 25.04 298.081364   8.524043 33.222
 86     2.831 55236.59215738 12.30 298.084091   8.539067 27.146
 86     1.828 55236.59215803 13.63 298.083361   8.535757 27.146
 86     1.736 55236.59215867 14.37 298.082621   8.532457 27.146
 86     2.243 55236.59215932 15.40 298.081881   8.529147 27.146
 86     3.168 55236.59215996 19.19 298.081151   8.525847 27.146
 86     3.348 55236.59216061 31.90 298.080411   8.522537 27.146
 87     2.450 55271.59216796 12.69 298.085159   8.539748 29.661
 87     2.160 55271.59216860 11.83 298.084419   8.536448 29.661
 87     2.067 55271.59216925 11.78 298.083679   8.533138 29.661
 87     2.043 55271.59216989 15.49 298.082949   8.529838 29.661
 87     2.352 55271.59217054 17.21 298.082209   8.526528 29.661
 87     2.994 55271.59217118 20.02 298.081469   8.523228 29.661
 88     1.956 55306.59213779 15.68 298.086182   8.541333 24.055
 88     1.846 55306.59213843 12.11 298.085442   8.538023 24.055
 88     1.799 55306.59213908 11.88 298.084712   8.534723 24.055
 88     1.796 55306.59213972 13.65 298.083972   8.531413 24.055
 88     1.950 55306.59214037 14.94 298.083232   8.528113 24.055
 88     2.459 55306.59214101 17.50 298.082502   8.524803 24.055
 89     2.223 55341.59213808 20.26 298.086330   8.540851 30.619
 89     2.279 55341.59213872 15.52 298.085600   8.537551 30.619
 89     3.855 55341.59213937 15.35 298.084860   8.534241 30.619
 89     3.784 55341.59214001 16.19 298.084120   8.530941 30.619
 89     3.978 55341.59214066 18.55 298.083380   8.527631 30.619
 89     4.112 55341.59214130 22.48 298.082650   8.524331 30.619
 90     5.571 55376.59213175 26.77 298.085564   8.539093 36.522
 90     5.035 55376.59213239 24.97 298.084824   8.535793 36.522
 90     4.987 55376.59213304 22.58 298.084084   8.532483 36.522
 90     5.808 55376.59213368 22.24 298.083354   8.529183 36.522
 90     6.104 55376.59213433 26.92 298.082614   8.525873 36.522
 90     6.305 55376.59213497 42.11 298.081874   8.522573 36.522
 91     7.294 55411.59215419 35.16 298.086839   8.540336 29.580
 91     7.254 55411.59215484 33.43 298.086099   8.537036 29.580
 91     7.137 55411.59215548 34.26 298.085359   8.533726 29.580
 91     7.200 55411.59215613 34.40 298.084629   8.530426 29.580
 91     7.313 55411.59215677 34.88 298.083889   8.527116 29.580
 91     7.414 55411.59215742 35.31 298.083149   8.523816 29.580
 92     7.658 55446.59214672 38.95 298.086025   8.539087 26.839
 92     7.488 55446.59214737 39.00 298.085295   8.535787 26.839
 92     7.429 55446.59214801 40.33 298.084555   8.532477 26.839
 92     7.485 55446.59214866 41.04 298.083815   8.529177 26.839
 92     7.584 55446.59214930 42.44 298.083075   8.525867 26.839
 92     7.715 55446.59214994 47.21 298.082345   8.522567 26.839
 93     5.545 55481.59207910 23.32 298.085355   8.538467 25.294
 93     4.801 55481.59207974 20.85 298.084615   8.535167 25.294
 93     5.219 55481.59208039 18.85 298.083875   8.531857 25.294
 93     5.673 55481.59208103 20.08 298.083145   8.528557 25.294
 93     6.097 55481.59208168 24.13 298.082405   8.525247 25.294
 93     6.361 55481.59208232 37.28 298.081665   8.521947 25.294
