# NaN NaN NaN ;Mean Elev.(m), Avg Gradient(m/km), RMS Gradient(m/km) - SRTM1     
# NaN NaN NaN ;Mean Elev.(m), Avg Gradient(m/km), RMS Gradient(m/km) - ASTER GDEM
# NaN NaN NaN ;Mean Elev.(m), Avg Gradient(m/km), RMS Gradient(m/km) - GMTED2010 
  8    49.928 52499.60673746 51.56 292.511068   6.089781 29.955
  8    49.948 52499.60673810 51.47 292.510338   6.086481 29.955
  8    49.979 52499.60673875 51.37 292.509608   6.083171 29.955
 10    43.434 52569.60675538 48.83 292.510929   6.087620 27.452
 10    43.438 52569.60675602 50.74 292.510199   6.084310 27.452
 13    37.332 52674.60671376 41.99 292.510328   6.089621 32.528
 13    37.395 52674.60671441 38.61 292.509598   6.086311 32.528
 13    37.474 52674.60671505 34.72 292.508868   6.083011 32.528
 14    36.795 52709.60673040 51.52 292.510063   6.088796 19.566
 14    36.822 52709.60673104 51.40 292.509333   6.085496 19.566
 16    45.186 52779.60669491 51.91 292.509446   6.087743 11.717
 16    45.208 52779.60669555 50.96 292.508716   6.084443 11.717
 18    49.833 52849.60683086 51.71 292.510968   6.089828 21.827
 18    49.860 52849.60683150 52.91 292.510238   6.086528 21.827
 18    49.896 52849.60683215 50.80 292.509508   6.083218 21.827
 20    47.177 52919.60682255 49.03 292.511000   6.090064 15.467
 20    47.170 52919.60682319 49.76 292.510270   6.086754 15.467
 20    47.208 52919.60682383 49.78 292.509540   6.083454 15.467
 21    45.832 52954.60678449 48.88 292.518276   6.097501 19.972
 21    45.870 52954.60678513 46.92 292.517536   6.094201 19.972
 21    45.922 52954.60678578 51.02 292.516806   6.090891 19.972
 21    45.992 52954.60678642 49.61 292.516076   6.087591 19.972
 21    46.019 52954.60678707 48.53 292.515346   6.084281 19.972
 21    46.085 52954.60678771 47.82 292.514616   6.080971 19.972
 21    46.140 52954.60678835 48.93 292.513876   6.077671 19.972
 22    47.074 52989.60679466 17.79 292.520950   6.097358  7.454
 22    47.359 52989.60679530 19.77 292.520220   6.094048  7.454
 22    47.717 52989.60679595 17.52 292.519480   6.090738  7.454
 22    47.983 52989.60679659 15.20 292.518750   6.087438  7.454
 22    47.575 52989.60679724 14.31 292.518020   6.084128  7.454
 22    47.962 52989.60679788 13.84 292.517290   6.080828  7.454
 22    42.962 52989.60679853 15.49 292.516560   6.077518  7.454
 22    42.952 52989.60679917 23.54 292.515820   6.074218  7.454
 23    39.418 53024.60677490 21.34 292.519298   6.096165 17.623
 23    39.575 53024.60677554 21.36 292.518568   6.092855 17.623
 23    39.585 53024.60677619 25.21 292.517838   6.089555 17.623
 23    39.659 53024.60677683 29.74 292.517098   6.086245 17.623
 23    39.558 53024.60677747 30.37 292.516368   6.082935 17.623
 23    39.519 53024.60677812 24.18 292.515638   6.079635 17.623
 23    39.359 53024.60677876 19.22 292.514908   6.076325 17.623
 24    36.706 53059.60677359 29.60 292.520995   6.095277 23.932
 24    36.616 53059.60677423 31.11 292.520265   6.091967 23.932
 24    36.625 53059.60677488 32.78 292.519535   6.088667 23.932
 24    36.977 53059.60677552 30.18 292.518795   6.085356 12.174
 24    37.208 53059.60677616 32.26 292.518065   6.082056 12.174
 24    37.118 53059.60677681 33.82 292.517335   6.078746 12.174
 24    37.122 53059.60677745 33.14 292.516605   6.075446 12.174
 24    37.134 53059.60677810 34.98 292.515875   6.072136 12.174
 26    41.962 53129.60678244 52.68 292.518186   6.095212 29.904
 26    41.926 53129.60678308 50.21 292.517456   6.091912 29.904
 26    41.885 53129.60678372 48.34 292.516726   6.088602 29.904
 26    41.975 53129.60678437 49.75 292.515986   6.085302 29.904
 26    41.900 53129.60678501 50.60 292.515264   6.081989 11.536
 26    42.097 53129.60678566 48.73 292.514524   6.078689 11.536
 26    42.077 53129.60678630 47.14 292.513794   6.075379 11.536
 28    49.439 53199.60685425 32.62 292.510890   6.090008 24.136
 28    49.172 53199.60685489 29.06 292.510160   6.086698 24.136
 28    49.379 53199.60685554 27.06 292.509420   6.083388 24.136
 29    49.290 53234.60682246 34.94 292.520739   6.097530 33.082
 29    49.277 53234.60682311 36.05 292.520009   6.094220 33.082
 29    49.305 53234.60682375 36.39 292.519279   6.090920 33.082
 29    49.327 53234.60682440 29.58 292.518544   6.087606 14.335
 29    49.138 53234.60682504 27.20 292.517814   6.084306 14.335
 29    48.647 53234.60682569 27.06 292.517084   6.080996 14.335
 29    48.858 53234.60682633 26.25 292.516354   6.077696 14.335
 29    49.305 53234.60682698 26.84 292.515614   6.074386 14.335
 30    47.764 53269.60678934 28.05 292.510698   6.088838 27.110
 30    47.582 53269.60678998 26.79 292.509968   6.085538 27.110
 30    47.841 53269.60679063 25.15 292.509238   6.082228 27.110
 32    51.724 53339.60681997 15.03 292.509455   6.088268  9.826
 32    52.335 53339.60682061 11.98 292.508725   6.084968  9.826
 33    49.210 53374.60675078 25.66 292.513228   6.091241  8.482
 33    43.997 53374.60675142 16.72 292.512498   6.087941  8.482
 33    50.317 53374.60675207 18.10 292.511758   6.084631  8.482
 33    40.274 53374.60675271 18.47 292.511028   6.081331  8.482
 34    38.171 53409.60679365 53.37 292.513782   6.089387 27.984
 34    38.254 53409.60679429 50.26 292.513052   6.086087 27.984
 34    38.183 53409.60679494 52.18 292.512322   6.082777 27.984
 34    38.368 53409.60679558 51.06 292.511592   6.079477 27.984
 35    51.602 53444.60677731 13.50 292.509838   6.087457 12.125
 35    51.795 53444.60677796 12.48 292.509108   6.084157 12.125
 37    45.883 53514.60686306 30.30 292.510465   6.088773 17.947
 37    45.976 53514.60686370 30.64 292.509735   6.085473 17.947
 37    46.437 53514.60686435 36.49 292.509005   6.082163 17.947
 39    47.598 53584.60684473 27.68 292.511834   6.088529 13.088
 39    51.015 53584.60684538 24.04 292.511104   6.085219 13.088
 39    51.108 53584.60684602 22.32 292.510374   6.081919 13.088
 41    43.978 53654.60682808 46.71 292.509766   6.088111 25.645
 41    43.971 53654.60682873 47.45 292.509036   6.084811 25.645
 43    48.499 53724.60674711 14.29 292.512466   6.089203  9.108
 43    43.240 53724.60674776 13.82 292.511736   6.085893  9.108
 43    44.132 53724.60674840 12.49 292.511006   6.082583  9.108
 44    43.137 53759.60668825 16.93 292.520373   6.096759 18.167
 44    39.606 53759.60668890 23.16 292.519643   6.093449 18.167
 44    39.798 53759.60668954 27.90 292.518913   6.090149 18.167
 44    39.952 53759.60669019 33.07 292.518183   6.086839 18.167
 44    39.767 53759.60669083 31.46 292.517453   6.083539 18.167
 44    39.755 53759.60669148 26.00 292.516713   6.080229 18.167
 44    39.455 53759.60669212 19.28 292.515983   6.076919 18.167
 44    41.291 53759.60669276 17.10 292.515253   6.073619 18.167
 45    38.624 53794.60670736 36.43 292.515643   6.095733 26.457
 45    38.782 53794.60670800 44.61 292.514903   6.092433 26.457
 45    38.732 53794.60670865 49.83 292.514173   6.089123 26.457
 45    38.738 53794.60670929 53.46 292.513443   6.085823 26.457
 45    38.952 53794.60670994 51.87 292.512713   6.082513 26.457
 45    38.905 53794.60671058 50.65 292.511983   6.079203 26.457
 46    40.291 53829.60668288 46.58 292.517108   6.098200 25.138
 46    40.367 53829.60668353 48.09 292.516378   6.094900 25.138
 46    40.179 53829.60668417 39.02 292.515648   6.091590 25.138
 46    40.293 53829.60668482 42.56 292.514918   6.088290 25.138
 46    40.434 53829.60668546 43.14 292.514178   6.084980 25.138
 46    40.302 53829.60668610 42.50 292.513448   6.081670 25.138
 46    40.469 53829.60668675 38.76 292.512718   6.078370 25.138
 48    47.142 53899.60678950 49.04 292.510494   6.088769 26.019
 48    47.113 53899.60679014 48.82 292.509764   6.085469 26.019
 48    47.003 53899.60679079 47.95 292.509024   6.082159 26.019
 51    46.332 54004.60677577 51.55 292.515629   6.095864 23.114
 51    46.268 54004.60677641 43.48 292.514899   6.092554 23.114
 51    46.477 54004.60677706 46.25 292.514169   6.089254 23.114
 51    46.530 54004.60677770 48.99 292.513439   6.085944 23.114
 51    46.574 54004.60677835 49.57 292.512699   6.082644 23.114
 51    46.601 54004.60677899 49.34 292.511969   6.079334 23.114
 52    46.811 54039.60680804 21.55 292.516109   6.097241  7.816
 52    48.959 54039.60680869 32.16 292.515369   6.093931  7.816
 52    49.542 54039.60680933 21.14 292.514639   6.090631  7.816
 52    47.025 54039.60680997 18.30 292.513909   6.087321  7.816
 52    46.407 54039.60681062 18.79 292.513179   6.084021  7.816
 52    45.275 54039.60681126 16.78 292.512449   6.080711  7.816
 53    44.420 54074.60680449 32.20 292.511163   6.087664 17.881
 53    44.411 54074.60680514 41.36 292.510433   6.084364 17.881
 55    37.575 54144.60674224 45.85 292.510767   6.088513 23.618
 55    37.558 54144.60674288 36.73 292.510037   6.085203 23.618
 55    37.746 54144.60674353 34.94 292.509297   6.081903 23.618
 56    36.847 54179.60673401 48.85 292.509321   6.089019 24.916
 56    37.035 54179.60673465 48.98 292.508591   6.085709 24.916
 57    44.385 54214.60674968 16.51 292.509889   6.088596  4.930
 57    51.677 54214.60675033 17.16 292.509159   6.085286  4.930
 58    45.675 54249.60677700 42.23 292.510330   6.089517 14.956
 58    45.650 54249.60677765 48.23 292.509600   6.086217 14.956
 58    45.636 54249.60677829 47.13 292.508870   6.082907 14.956
 59    49.653 54284.60678493 49.14 292.511819   6.089652 20.099
 59    49.592 54284.60678558 50.04 292.511089   6.086342 20.099
 59    49.524 54284.60678622 50.88 292.510359   6.083042 20.099
 60    49.136 54319.60678209 45.50 292.512509   6.090160 16.566
 60    49.107 54319.60678273 46.59 292.511779   6.086860 16.566
 60    49.057 54319.60678338 47.88 292.511049   6.083550 16.566
 60    49.075 54319.60678402 48.67 292.510319   6.080250 16.566
 61    48.119 54354.60674529 41.86 292.511214   6.088558 28.794
 61    48.140 54354.60674593 42.91 292.510482   6.085244 14.499
 61    48.152 54354.60674658 44.28 292.509752   6.081944 14.499
 62    46.794 54389.60672248 39.30 292.512183   6.090677 21.485
 62    46.457 54389.60672312 29.30 292.511453   6.087377 21.485
 62    50.712 54389.60672377 25.56 292.510713   6.084067 21.485
 62    46.806 54389.60672441 33.36 292.509983   6.080757 21.485
 63    43.700 54424.60669533 22.30 292.510828   6.089614  8.855
 63    51.510 54424.60669597 19.31 292.510098   6.086314  8.855
 63    51.556 54424.60669662 17.15 292.509368   6.083004  8.855
 64    50.135 54459.60669804 17.64 292.512575   6.090502 14.795
 64    50.719 54459.60669869 14.57 292.511835   6.087192 14.795
 64    51.020 54459.60669933 14.14 292.511105   6.083882 14.795
 64    57.192 54459.60669998 11.95 292.510375   6.080582 14.795
 65    50.674 54494.60670026 13.91 292.511784   6.090001 17.311
 65    51.265 54494.60670090 14.26 292.511054   6.086691 17.311
 65    51.098 54494.60670155 13.95 292.510314   6.083391 17.311
 66    37.958 54529.60671092 41.14 292.513387   6.089952 19.341
 66    37.946 54529.60671157 46.35 292.512647   6.086642 19.341
 66    38.063 54529.60671221 45.83 292.511917   6.083342 19.341
 66    38.075 54529.60671286 47.39 292.511187   6.080032 19.341
 67    37.440 54564.60670684 49.35 292.510203   6.088620 14.954
 67    37.599 54564.60670748 52.03 292.509473   6.085310 14.954
 68    41.759 54599.60670630 31.61 292.510982   6.089551 10.888
 68    41.975 54599.60670694 32.55 292.510252   6.086241 10.888
 68    41.946 54599.60670759 42.62 292.509512   6.082931 10.888
 69    46.519 54634.60671974 34.48 292.508972   6.086876 12.612
 69    46.625 54634.60672038 34.53 292.508242   6.083566 12.612
 70    50.094 54669.60672396 31.46 292.509310   6.087445 22.597
 70    50.455 54669.60672460 34.46 292.508580   6.084135 22.597
 71    48.067 54704.60668699 27.07 292.511801   6.088125 14.747
 71    50.778 54704.60668764 26.05 292.511071   6.084825 14.747
 71    50.787 54704.60668828 24.52 292.510341   6.081515 14.747
 72    46.334 54739.60668652 39.36 292.511630   6.089757 13.686
 72    46.207 54739.60668717 40.96 292.510890   6.086447 13.686
 72    46.235 54739.60668781 43.60 292.510160   6.083147 13.686
 73    44.771 54774.60666883 49.95 292.511516   6.087709 12.644
 73    44.801 54774.60666947 49.19 292.510786   6.084409 12.644
 73    44.836 54774.60667011 47.47 292.510046   6.081099 12.644
 74    44.359 54809.60667986 21.72 292.511039   6.088899  8.746
 74    43.224 54809.60668051 22.88 292.510299   6.085599  8.746
 74    44.101 54809.60668115 17.25 292.509569   6.082289  8.746
 75    51.369 54844.60666685 13.28 292.510679   6.088736  4.129
 75    51.916 54844.60666750 12.64 292.509949   6.085436  4.129
 75    51.618 54844.60666814 12.13 292.509209   6.082126  4.129
 76    51.876 54879.60668408 15.57 292.509121   6.087003  8.079
 76    42.332 54879.60668472 15.47 292.508391   6.083693  8.079
 80    47.143 55019.60669636 31.53 292.511736   6.088791 12.622
 80    47.336 55019.60669700 26.99 292.511006   6.085491 12.622
 80    47.749 55019.60669765 30.45 292.510276   6.082181 12.622
 81    48.963 55054.60669243 47.59 292.511621   6.087996 17.107
 81    48.926 55054.60669307 47.46 292.510891   6.084696 17.107
 81    48.911 55054.60669372 49.02 292.510161   6.081386 17.107
 82    46.895 55089.60665325 40.72 292.509137   6.086567  7.265
 82    46.924 55089.60665390 38.28 292.508407   6.083257  7.265
 83    44.591 55124.60663054 45.33 292.511710   6.087972 17.192
 83    44.377 55124.60663118 43.65 292.510980   6.084672 17.192
 83    44.262 55124.60663183 45.56 292.510250   6.081362 17.192
 84    51.774 55159.60661409 12.05 292.509384   6.087662  2.690
 84    52.257 55159.60661473 10.40 292.508654   6.084352  2.690
 85    38.498 55194.60662018 16.97 292.511154   6.089194  7.636
 85    38.466 55194.60662082 15.43 292.510414   6.085884  7.636
 85    42.252 55194.60662147 14.99 292.509684   6.082584  7.636
 86    36.886 55229.60661691 39.54 292.508873   6.087118 12.636
 86    36.800 55229.60661756 28.95 292.508143   6.083808 12.636
 87    36.726 55264.60661516 51.82 292.511922   6.090529 20.351
 87    36.908 55264.60661580 49.42 292.511182   6.087219 20.351
 87    37.008 55264.60661644 51.08 292.510452   6.083919 20.351
 88    50.847 55299.60659800 15.14 292.511469   6.090521 26.645
 88    53.427 55299.60659864 13.11 292.510736   6.087216  2.631
 88    51.296 55299.60659929 17.60 292.510006   6.083916  2.631
 89    45.102 55334.60659244 29.50 292.509965   6.089641  9.762
 89    44.574 55334.60659309 26.75 292.509235   6.086341  9.762
 89    43.823 55334.60659373 23.59 292.508495   6.083031  9.762
 90    48.041 55369.60658362 27.24 292.511542   6.089546 16.689
 90    47.949 55369.60658427 25.17 292.510812   6.086246 16.689
 90    48.037 55369.60658491 25.22 292.510072   6.082936 16.689
 91    49.695 55404.60660069 45.75 292.512032   6.088293 17.697
 91    49.747 55404.60660133 46.49 292.511302   6.084983 17.697
 91    49.712 55404.60660198 46.83 292.510562   6.081683 17.697
 92    49.031 55439.60660147 41.37 292.512392   6.090786 17.398
 92    49.092 55439.60660212 38.84 292.511662   6.087476 17.398
 92    49.062 55439.60660276 43.81 292.510932   6.084176 17.398
 92    49.052 55439.60660341 45.41 292.510192   6.080866 17.398
 93    45.191 55474.60654777 31.79 292.511558   6.090425 22.100
 93    45.376 55474.60654842 29.82 292.510827   6.087112 15.106
 93    45.436 55474.60654906 28.85 292.510097   6.083812 15.106
