# NaN NaN NaN ;Mean Elev.(m), Avg Gradient(m/km), RMS Gradient(m/km) - SRTM1     
#   18.863  -0.574   4.097 ;Mean Elev.(m), Avg Gradient(m/km), RMS Gradient(m/km) - ASTER GDEM
#   22.521  -0.514   2.937 ;Mean Elev.(m), Avg Gradient(m/km), RMS Gradient(m/km) - GMTED2010 
  7 293.534603   7.513289    32.944    32.960  9 52445.60449376 33.581
  8 293.542249   7.521957    36.323    36.348  9 52480.60448385 47.097
 10 293.543187   7.523571    34.153    34.283  9 52550.60448040 30.409
 12 293.544115   7.522208    30.175    30.182  9 52620.60443636 23.512
 15 293.547633   7.519411    26.907    27.111  3 52725.60446496 22.255
 16 293.532819   7.510779    27.877    27.912  9 52760.60448402 15.118
 20 293.545372   7.522276    35.379    35.480  8 52900.60457812 37.996
 21 293.544072   7.522071    33.562    33.649  8 52935.60452032 27.330
 22 293.546039   7.519622    32.283    32.334  5 52970.60454194 26.460
 23 293.540472   7.521273    30.317    30.357 11 53005.60455707 19.720
 24 293.545235   7.523306    27.448    27.800  8 53040.60450700 17.650
 25 293.543332   7.523353    26.996    26.904  9 53075.60453978 16.016
 26 293.541510   7.521106    26.921    26.700 10 53110.60450996 14.512
 27 293.545056   7.524115    30.825    30.773  8 53145.60455139 34.057
 29 293.545491   7.523327    36.106    36.074  8 53215.60458426 40.311
 30 293.544351   7.522871    35.880    35.792  9 53250.60455952 32.778
 31 293.542279   7.522548    34.701    34.688  9 53285.60455394 44.892
 34 293.546052   7.519318    27.552    27.666  5 53390.60451336 20.026
 37 293.539477   7.521054    29.926    29.928 11 53495.60460023 16.770
 39 293.539978   7.519932    33.940    33.960 10 53565.60460515 45.652
 40 293.548434   7.519495    35.186    35.187  3 53600.60454778 44.858
 41 293.543943   7.521975    33.937    33.859  8 53635.60454436 27.228
 42 293.541695   7.521805    31.068    30.997 10 53670.60456590 22.138
 46 293.549141   7.521196    26.236    26.236  2 53810.60441459 26.699
 47 293.545519   7.524321    27.133    27.055  8 53845.60445976 22.532
 49 293.539801   7.521375    34.036    34.054 11 53915.60454437 49.981
 50 293.536091   7.513815    35.980    35.928  9 53950.60455446 35.404
 51 293.546517   7.521347    35.895    35.916  5 53985.60448921 34.127
 52 293.548304   7.519264    32.969    32.993  3 54020.60452846 33.395
 54 293.547436   7.519253    30.144    30.122  4 54090.60450685 28.147
 55 293.549278   7.521183    26.435    26.435  2 54125.60443493 22.293
 56 293.546145   7.521465    26.979    27.204  6 54160.60447397 20.763
 57 293.548439   7.521250    25.931    25.970  3 54195.60443689 23.799
 58 293.547416   7.519658    28.607    28.742  4 54230.60448624 23.485
 59 293.548071   7.520175    32.575    32.521  3 54265.60450393 29.100
 60 293.548172   7.518564    36.044    36.044  3 54300.60450900 46.594
 61 293.547346   7.518933    35.671    35.675  4 54335.60449749 35.580
 63 293.546329   7.519521    33.126    33.123  4 54405.60444214 27.622
 64 293.549343   7.522088    29.853    29.853  2 54440.60439899 22.331
 65 293.548999   7.520914    27.665    27.665  2 54475.60442908 22.421
 66 293.548820   7.520870    26.204    26.204  2 54510.60441439 22.854
 67 293.547341   7.519484    27.135    27.368  3 54545.60444347 20.374
 68 293.549860   7.522664    25.751    25.751  2 54580.60440897 29.787
 69 293.548853   7.521488    29.594    29.550  3 54615.60443238 21.861
 70 293.545795   7.520889    33.604    33.593  6 54650.60444495 32.712
 71 293.546634   7.519581    35.872    35.851  4 54685.60443843 32.304
 73 293.546859   7.520599    32.694    32.651  4 54755.60441330 27.974
 74 293.546557   7.518385    31.628    31.610  4 54790.60438358 37.707
 75 293.548011   7.520340    30.336    30.307  4 54825.60440916 28.072
 76 293.549039   7.520427    26.778    26.778  2 54860.60437660 23.331
 77 293.546269   7.523725    27.222    27.442  7 54895.60441003 19.401
 78 293.546189   7.518563    27.285    27.277  4 54930.60437445 20.199
 79 293.546940   7.520502    28.461    28.461  4 54965.60441034 21.380
 80 293.545131   7.523945    30.128    30.134  8 55000.60443036 31.603
 81 293.548867   7.521575    34.335    34.302  3 55035.60441586 33.376
 82 293.546510   7.518546    34.893    34.879  4 55070.60440596 33.836
 83 293.546447   7.518653    32.744    32.820  4 55105.60434890 29.353
 84 293.546635   7.520213    30.485    30.385  4 55140.60435498 20.956
 86 293.547014   7.519680    26.663    26.053  4 55210.60435000 25.869
 87 293.547134   7.519409    27.384    27.615  4 55245.60432230 23.787
 88 293.546162   7.520088    27.241    27.444  5 55280.60434322 19.517
 89 293.546379   7.519687    29.690    29.712  5 55315.60430931 21.968
 90 293.547089   7.520397    32.968    32.906  4 55350.60431502 28.676
 91 293.546644   7.520546    34.999    35.017  4 55385.60430881 31.380
 92 293.547943   7.518848    36.275    36.275  3 55420.60433330 35.290
 93 293.547176   7.520717    35.284    35.286  4 55455.60430962 32.607
 94 293.547462   7.519483    32.639    32.646  4 55490.60422802 26.689
