# NaN NaN NaN ;Mean Elev.(m), Avg Gradient(m/km), RMS Gradient(m/km) - SRTM1     
#   49.753  -2.665  16.844 ;Mean Elev.(m), Avg Gradient(m/km), RMS Gradient(m/km) - ASTER GDEM
#   54.972  -2.296  15.358 ;Mean Elev.(m), Avg Gradient(m/km), RMS Gradient(m/km) - GMTED2010 
  8 292.384209   5.516244    66.615    66.583  6 52499.60684931 35.237
  9 292.381871   5.516367    65.761    65.711  7 52534.60683699 40.470
 10 292.384747   5.517395    61.529    61.519  6 52569.60686658 45.496
 11 292.382155   5.517242    63.117    63.067  6 52604.60684800 42.601
 12 292.382231   5.516565    59.495    59.422  7 52639.60683042 43.830
 13 292.383464   5.516083    55.157    55.141  6 52674.60682561 45.580
 14 292.383142   5.515287    54.702    54.551  6 52709.60684225 48.142
 16 292.383225   5.517527    63.750    63.791  6 52779.60680611 40.691
 17 292.381441   5.516817    65.358    65.384  7 52814.60689003 40.022
 18 292.384035   5.516305    66.655    66.592  6 52849.60694271 37.201
 19 292.380406   5.516708    66.433    66.474  7 52884.60697812 45.313
 20 292.384140   5.516525    64.480    64.464  6 52919.60693440 37.944
 21 292.391687   5.525637    63.103    63.080  5 52954.60689602 42.431
 22 292.394408   5.525477    61.098    61.151  5 52989.60690619 46.224
 23 292.392801   5.524267    57.684    57.679  5 53024.60688643 36.228
 24 292.395180   5.526714    54.287    54.292  5 53059.60688447 48.427
 25 292.376816   5.517930    55.580    55.574  7 53094.60692385 44.862
 26 292.392352   5.526637    60.373    60.410  5 53129.60689332 49.428
 28 292.383989   5.516481    66.016    65.983  6 53199.60696610 37.556
 29 292.394234   5.525641    65.808    65.806  5 53234.60693399 34.752
 30 292.383731   5.515320    65.191    65.129  6 53269.60690119 36.590
 31 292.376961   5.517242    63.000    62.938  6 53304.60696279 36.611
 32 292.382954   5.516390    61.557    61.558  7 53339.60693150 46.505
 33 292.386030   5.516051    58.824    58.837  7 53374.60686295 46.021
 34 292.387605   5.519171    56.259    56.249  6 53409.60690486 46.071
 35 292.383750   5.517218    56.600    56.586  6 53444.60688852 43.301
 36 292.378444   5.517997    61.157    61.154  7 53479.60696752 49.137
 37 292.383577   5.515239    64.134    64.146  6 53514.60697491 39.309
 38 292.378553   5.517421    65.233    65.230  6 53549.60699399 45.605
 39 292.384969   5.514992    65.472    65.501  6 53584.60695658 34.890
 40 292.380609   5.517879    65.253    65.259  6 53619.60691277 45.523
 41 292.383211   5.516241    61.821    61.771  7 53654.60693961 45.994
 42 292.381163   5.517139    62.264    62.258  6 53689.60693444 45.755
 43 292.385647   5.515658    60.531    60.558  6 53724.60685896 46.367
 44 292.393796   5.524887    58.499    58.507  5 53759.60679978 50.849
 45 292.388408   5.520545    57.207    57.169  5 53794.60681953 42.175
 46 292.389421   5.521375    59.000    59.035  4 53829.60679538 50.112
 47 292.381690   5.517274    61.968    61.950  6 53864.60687552 42.774
 48 292.383590   5.515233    64.623    64.592  6 53899.60690135 38.917
 49 292.374306   5.517958    66.463    66.496  6 53934.60694460 40.632
 50 292.378838   5.517602    66.256    66.192  7 53969.60691478 34.730
 51 292.388303   5.520681    63.866    63.913  5 54004.60688794 38.303
 52 292.388455   5.520416    62.891    62.891  4 54039.60692054 44.044
 53 292.385016   5.517436    62.434    62.443  6 54074.60691570 43.890
 54 292.382395   5.516866    59.222    59.209  6 54109.60686034 44.595
 55 292.383841   5.514990    55.488    55.464  6 54144.60685409 47.781
 56 292.382483   5.515474    54.840    54.796  6 54179.60684586 47.732
 57 292.383333   5.516702    60.499    60.531  7 54214.60686121 47.589
 58 292.383424   5.515987    63.753    63.676  6 54249.60688886 35.528
 59 292.384935   5.516130    66.325    66.285  6 54284.60689678 36.658
 60 292.385624   5.516628    66.172    66.101  6 54319.60689394 36.009
 61 292.384367   5.515010    65.071    65.057  6 54354.60685714 34.356
 62 292.385285   5.517146    64.081    64.024  6 54389.60683433 38.216
 63 292.383963   5.516075    62.038    62.037  6 54424.60680718 43.760
 64 292.385642   5.516968    59.855    59.844  6 54459.60680989 47.887
 65 292.384921   5.516466    57.179    57.088  6 54494.60681211 36.815
 66 292.386469   5.516420    56.291    56.292  6 54529.60682277 45.795
 67 292.383358   5.515070    55.632    55.598  6 54564.60681869 48.696
 68 292.384083   5.516021    60.737    60.733  6 54599.60681815 47.224
 69 292.382819   5.516659    64.325    64.251  6 54634.60683095 33.605
 70 292.383156   5.517208    67.098    66.610  6 54669.60683517 31.770
 71 292.384944   5.514589    65.977    66.026  6 54704.60679885 34.070
 72 292.384707   5.516244    63.650    63.637  6 54739.60679837 41.457
 73 292.385377   5.517481    62.618    62.560  6 54774.60678003 39.653
 74 292.384100   5.515363    62.772    62.741  6 54809.60679172 39.159
 75 292.383810   5.515207    59.640    59.527  6 54844.60677870 36.760
 76 292.382949   5.516790    58.386    58.258  6 54879.60679528 37.909
 77 292.381808   5.516338    57.719    57.704  6 54914.60678227 48.468
 79 292.382084   5.515704    61.052    61.070  6 54984.60681256 40.133
 80 292.384849   5.515259    65.033    65.046  6 55019.60680821 36.461
 81 292.385107   5.516110    65.918    66.008  7 55054.60680396 36.595
 82 292.383020   5.516340    64.212    64.170  6 55089.60676446 36.615
 83 292.385172   5.516109    62.477    62.460  7 55124.60674207 42.684
 84 292.383247   5.517421    59.744    59.586  6 55159.60672529 45.595
 85 292.384217   5.515671    57.177    57.188  6 55194.60673203 35.552
 86 292.382759   5.516891    54.840    54.711  6 55229.60672812 46.358
 87 292.385017   5.516988    54.877    54.724  6 55264.60672701 45.241
 88 292.384617   5.516972    58.754    58.918  6 55299.60670985 25.780
 89 292.383085   5.516119    64.092    64.061  6 55334.60670429 38.877
 90 292.384661   5.516017    65.263    65.243  6 55369.60669547 36.861
 91 292.385113   5.514754    65.836    65.863  6 55404.60671254 34.733
 92 292.385519   5.517252    65.906    65.858  6 55439.60671332 31.670
 93 292.384718   5.516889    62.981    62.994  6 55474.60665962 40.814
