# NaN NaN NaN ;Mean Elev.(m), Avg Gradient(m/km), RMS Gradient(m/km) - SRTM1     
#   21.234  -1.225   7.725 ;Mean Elev.(m), Avg Gradient(m/km), RMS Gradient(m/km) - ASTER GDEM
#    8.293  -1.212   2.800 ;Mean Elev.(m), Avg Gradient(m/km), RMS Gradient(m/km) - GMTED2010 
  8 297.852026   8.702070     8.263     8.275  4 52499.08572103 33.738
 10 297.851123   8.703292     6.004     6.051  4 52569.08573702 26.781
 11 297.848965   8.701593     5.094     4.804  4 52604.08572295 18.753
 12 297.847791   8.701137     5.250     5.583  3 52639.08570214 13.652
 13 297.850426   8.702530     4.345     4.656  4 52674.08569927 15.240
 14 297.849305   8.702128     2.465     1.536  3 52709.08571301 15.896
 15 297.844777   8.700929     3.998     3.921  4 52744.08574185 15.380
 17 297.846595   8.700885     5.761     5.730  3 52814.08576176 23.806
 18 297.849117   8.702711     7.459     7.512  4 52849.08581508 32.444
 19 297.847165   8.701740     8.192     8.308  3 52884.08585049 30.470
 20 297.851923   8.701925     7.246     7.289  4 52919.08580676 28.502
 21 297.854441   8.703949     6.079     6.096  4 52954.08577000 29.557
 22 297.859118   8.705633     5.227     5.113  3 52989.08577791 17.626
 23 297.857228   8.704939     4.782     4.791  3 53024.08576331 14.213
 24 297.858283   8.704150     4.298     4.209  4 53059.08575974 17.094
 25 297.844718   8.699630     2.032     2.161  3 53094.08579686 16.238
 26 297.854743   8.703498     2.814     2.818  4 53129.08576923 14.364
 28 297.850697   8.701548     7.027     6.986  4 53199.08583782 26.777
 29 297.858956   8.705006     7.982     7.944  3 53234.08580829 29.063
 30 297.851410   8.701021     8.064     8.208  4 53269.08577484 37.551
 31 297.842728   8.699476     7.702     7.215  4 53304.08583522 48.238
 32 297.850302   8.701571     4.719     4.615  4 53339.08580431 25.544
 33 297.854106   8.702731     4.858     4.791  4 53374.08573657 12.948
 35 297.851830   8.702713     3.621     3.451  4 53444.08576182 14.010
 36 297.844455   8.700277     2.095     2.094  4 53479.08583897 18.942
 37 297.850136   8.701868     4.804     4.804  3 53514.08584782 12.153
 38 297.845776   8.700335     6.042     6.108  3 53549.08586633 31.615
 39 297.851905   8.703094     6.703     6.650  4 53584.08583025 25.939
 40 297.848856   8.701341     7.530     7.636  3 53619.08578659 30.232
 41 297.849194   8.703162     6.184     6.185  3 53654.08581137 50.058
 42 297.847884   8.701305     4.396     4.375  3 53689.08580762 22.829
 43 297.853655   8.704623     4.735     4.618  4 53724.08573277 21.345
 44 297.856464   8.705987     5.389     5.559  4 53759.08567359 19.907
 45 297.854438   8.704167     5.023     5.105  4 53794.08569337 15.046
 46 297.853094   8.703820     4.101     4.272  4 53829.08566733 14.163
 47 297.847155   8.701999     3.621     3.084  4 53864.08574804 11.757
 48 297.850191   8.702195     4.697     4.727  3 53899.08577284 23.983
 49 297.841436   8.697855     8.446     8.455  4 53934.08581704 36.434
 50 297.845965   8.700269     8.964     8.987  4 53969.08578809 38.908
 51 297.851945   8.702996     7.442     7.388  4 54004.08576075 27.853
 52 297.853382   8.702179     5.712     5.786  4 54039.08579386 25.041
 53 297.851937   8.702818     5.123     5.175  4 54074.08578811 19.500
 54 297.850521   8.703298     4.703     4.845  4 54109.08573427 18.453
 55 297.849862   8.702260     4.394     4.627  3 54144.08572588 16.497
 56 297.850857   8.701366     3.368     3.166  4 54179.08571827 14.371
 57 297.849122   8.702179     3.175     2.922  4 54214.08573325 12.884
 58 297.849358   8.702930     4.093     4.052  4 54249.08576186 16.302
 59 297.851266   8.703308     5.232     5.060  4 54284.08576979 21.886
 60 297.852207   8.703050     7.850     7.852  4 54319.08576694 35.331
 61 297.852008   8.703481     8.226     8.154  4 54354.08573079 29.665
 62 297.851896   8.701196     6.912     6.899  4 54389.08570672 29.062
 63 297.851268   8.702054     6.656     6.719  4 54424.08568017 20.062
 64 297.850991   8.703020     5.769     6.362  4 54459.08568224 21.695
 65 297.851875   8.703925     4.792     5.357  4 54494.08568497 20.998
 66 297.852041   8.704293     4.730     4.945  4 54529.08569513 19.984
 67 297.851480   8.701500     3.674     3.559  4 54564.08569169 20.286
 68 297.850122   8.703242     3.851     3.759  4 54599.08569115 16.223
 69 297.849396   8.701798     5.878     5.882  4 54634.08570330 14.202
 70 297.849675   8.702134     6.470     6.373  4 54669.08570817 24.994
 71 297.852513   8.703105     7.915     7.963  4 54704.08567249 32.745
 72 297.850379   8.702969     7.051     7.008  4 54739.08567073 25.030
 73 297.852420   8.703101     5.691     5.670  4 54774.08565303 23.531
 74 297.849557   8.702696     5.504     5.352  3 54809.08566375 16.298
 75 297.850999   8.703460     5.791     5.992  4 54844.08565170 16.760
 76 297.849212   8.701946     6.711     7.480  4 54879.08566699 15.999
 77 297.849864   8.701696     4.054     4.278  3 54914.08565495 15.176
 78 297.848758   8.702177     3.788     3.516  3 54949.08565968 13.450
 79 297.848669   8.701965     3.832     3.645  4 54984.08568492 12.630
 80 297.851227   8.703985     5.362     5.474  4 55019.08568121 34.020
 81 297.851823   8.702884     7.350     7.356  4 55054.08567728 41.661
 82 297.850718   8.702174     6.531     6.583  4 55089.08563810 24.024
 83 297.851582   8.702481     5.671     5.783  3 55124.08561377 16.810
 84 297.850235   8.702814     4.001     3.474  3 55159.08559861 14.214
 85 297.849847   8.702099     4.568     4.573  3 55194.08560406 14.465
 87 297.851567   8.701670     1.668     1.680  4 55264.08559871 16.316
 88 297.851696   8.703050     2.276     2.237  4 55299.08558413 18.381
 89 297.849511   8.702852     4.148     4.110  3 55334.08557761 13.150
 90 297.851360   8.703398     5.211     5.122  4 55369.08556847 24.289
 91 297.851046   8.702213     7.853     7.827  4 55404.08558489 29.657
 92 297.852128   8.703250     8.328     8.246  4 55439.08558696 29.120
 93 297.852400   8.702728     7.485     7.421  4 55474.08553326 29.461
