-146866.239   192.471     0.00    3.48
-146490.248   192.875     1.08    3.38
-146114.261   193.911     2.76    2.95
-145738.280   193.173    -1.96    3.30
-145362.303   192.620    -1.47    3.46
-144986.330   191.831    -2.10    3.23
-144610.362   192.568     1.96    2.63
-144234.398   193.622     2.80    2.60
-143858.440   194.397     2.06    2.57
-143482.485   194.952     1.48    3.00
-143106.536   195.670     1.91    2.89
-142730.590   197.351     4.47    4.42
-142354.650   199.029     4.46    4.41
-141978.714   199.465     1.16    4.17
-141602.782   199.957     1.31    3.97
-141226.855   198.439    -4.04    2.89
-140850.933   198.151    -0.77    2.72
-140475.015   198.542     1.04    3.38
-140099.102   200.080     4.09    4.68
-139723.193   201.425     3.58    5.20
-139347.289   202.973     4.12    4.54
-138971.390   205.383     6.41    4.86
-138595.495   209.041     9.73    6.76
-138219.604   214.318    14.04    9.28
-137843.718   220.946    17.63   11.11
-137467.837   225.251    11.45   10.09
-137091.960   226.670     3.78   11.06
-136716.088   224.004    -7.09   12.38
-136340.220   217.726   -16.70   10.71
-135964.357   212.978   -12.63    9.10
-135588.498   209.927    -8.12    8.24
-135212.644   205.623   -11.45    7.54
-134836.794   204.337    -3.42    7.40
-134460.949   204.622     0.76    8.37
-134085.108   207.993     8.97   11.31
-133709.272   214.875    18.31   11.14
-133333.441   218.396     9.37   10.68
-132957.614   221.432     8.08   11.27
-132581.791   222.649     3.24   11.51
-132205.973   222.304    -0.92   11.46
-131830.160   228.018    15.20   13.48
-131454.351   235.568    20.09   14.85
-131078.546   241.243    15.10   13.56
-130702.746   244.978     9.94    8.13
-130326.951   241.699    -8.72    8.61
-129951.160   237.120   -12.19    8.66
-129575.374   234.670    -6.52    9.83
-129199.592   232.747    -5.12   10.88
-128823.814   231.487    -3.35   11.19
-128448.041   228.978    -6.68    9.70
-128072.273   226.838    -5.70    7.12
-127696.509   226.768    -0.19    6.61
-127320.749   226.943     0.47    7.64
-126944.994   230.151     8.54    6.75
-126569.244   230.460     0.82    7.06
-126193.498   229.207    -3.33    7.12
-125817.756   228.568    -1.70    7.27
-125442.019   226.543    -5.39    6.64
-125066.287   224.541    -5.33    7.43
-124690.559   221.818    -7.25    8.02
-124314.835   216.515   -14.11    9.18
-123939.116   212.541   -10.58    9.69
-123563.402   205.989   -17.44    8.77
-123187.691   201.645   -11.56    8.30
-122811.986   195.004   -17.68    7.46
-122436.284   190.804   -11.18    5.98
-122060.588   189.543    -3.36    5.62
-121684.895   191.378     4.89    6.58
-121309.208   192.418     2.77    6.38
-120933.524   194.388     5.25    5.07
-120557.845   194.762     1.00    4.82
-120182.171   197.081     6.17    6.05
-119806.501   201.457    11.65    6.87
-119430.835   207.618    16.40    7.92
-119055.174   213.268    15.04    7.06
-118679.517   215.962     7.17    6.78
-118303.865   217.518     4.14    7.04
-117928.029   216.489    -2.74    7.39
-117551.491   214.798    -4.49    7.01
-117174.958   214.286    -1.36    7.43
-116798.429   214.778     1.31    7.24
-116421.905   215.068     0.77    5.96
-116045.385   216.436     3.63    5.82
-115668.869   218.693     5.99    8.06
-115292.358   223.270    12.16   10.45
-114915.852   228.893    14.93   11.48
-114539.349   234.593    15.14   11.91
-114162.852   236.622     5.39   12.51
-113786.359   238.000     3.66   11.56
-113409.870   234.703    -8.76   10.46
-113033.386   228.491   -16.50   10.21
-112656.906   221.798   -17.78    9.59
-112280.430   218.179    -9.61    7.77
-111903.959   215.168    -8.00    7.85
-111527.493   215.831     1.76    8.79
-111151.031   217.243     3.75    8.68
-110774.573   218.093     2.26    8.59
-110398.120   217.568    -1.39    9.61
-110021.671   213.260   -11.44   10.64
-109645.226   209.568    -9.81   10.48
-109268.786   203.643   -15.74    9.20
-108892.351   197.432   -16.50    6.60
-108515.920   193.641   -10.07    5.70
-108139.493   189.978    -9.73    5.10
-107763.071   185.762   -11.20    4.45
-107386.653   182.703    -8.13    4.91
-107010.239   180.730    -5.24    4.29
-106633.830   179.362    -3.63    4.94
-106257.426   179.773     1.09    5.30
-105881.025   181.818     5.43    4.90
-105504.630   183.568     4.65    5.83
-105128.238   182.831    -1.96    7.01
-104751.851   182.270    -1.49    8.92
-104375.468   179.093    -8.44   10.84
-103999.090   174.804   -11.39   11.80
-103622.716   171.004   -10.10   11.72
-103246.347   167.462    -9.41   10.02
-102869.982   164.362    -8.24    8.69
-102493.621   159.243   -13.60    6.49
-102117.265   156.129    -8.28    6.65
-101740.913   154.875    -3.33    7.80
-101364.566   154.540    -0.89    9.45
-100988.223   155.324     2.08   10.06
-100611.884   160.649    14.15   12.63
-100235.550   166.199    14.75   12.16
 -99859.220   172.337    16.31    9.15
 -99482.894   176.005     9.75    5.69
 -99106.573   173.568    -6.48    7.01
 -98730.256   168.973   -12.21   10.47
 -98353.944   162.243   -17.88   12.23
 -97977.635   157.029   -13.86   10.08
 -97601.332   154.383    -7.03    7.12
 -97225.032   155.670     3.42    7.46
 -96848.737   160.080    11.72    9.19
 -96472.447   165.645    14.79    8.78
 -96096.160   169.595    10.50    8.69
 -95719.879   173.268     9.76    9.46
 -95343.601   172.673    -1.58   10.15
 -94967.328   170.123    -6.78   10.36
 -94591.059   167.721    -6.38    8.66
 -94214.794   167.270    -1.20    7.25
 -93838.534   169.647     6.32    9.21
 -93462.279   177.824    21.73   13.20
 -93086.027   190.349    33.29   13.96
 -92709.780   196.041    15.13   11.42
 -92333.537   195.278    -2.03   12.00
 -91957.299   189.595   -15.11   14.09
 -91581.065   179.286   -27.40   11.27
 -91204.835   173.081   -16.49    9.34
 -90828.609   167.918   -13.72    6.40
 -90452.388   163.850   -10.81    4.67
 -90076.172   161.439    -6.41    3.93
 -89699.959   159.730    -4.54    3.53
 -89323.751   159.286    -1.18    4.30
 -88947.547   159.132    -0.41    4.23
 -88571.348   157.790    -3.57    5.24
 -88195.153   154.747    -8.09    5.81
 -87818.962   150.919   -10.18    4.08
 -87442.775   147.798    -8.30    3.57
 -87066.593   144.337    -9.20    5.83
 -86690.415   139.244   -13.54    7.84
 -86314.242   135.919    -8.84    6.79
 -85938.073   134.649    -3.38    6.08
 -85561.908   138.357     9.86    7.99
 -85185.747   140.696     6.22    9.13
 -84809.591   142.135     3.83    9.08
 -84433.439   144.202     5.49    9.24
 -84057.291   144.132    -0.19    8.53
 -83681.147   147.699     9.48    8.01
 -83305.008   154.857    19.03    9.35
 -82928.873   162.910    21.41    9.53
 -82552.743   167.645    12.59    7.65
 -82176.617   169.845     5.85    5.43
 -81800.495   165.901   -10.49    7.02
 -81424.377   160.012   -15.66    7.29
 -81048.264   153.978   -16.04    6.06
 -80672.155   149.978   -10.64    5.91
 -80296.050   147.168    -7.47    5.24
 -79919.949   147.135    -0.09    5.84
 -79543.853   149.622     6.61    6.92
 -79167.761   154.673    13.43    8.15
 -78791.673   160.594    15.74    9.60
 -78415.590   164.845    11.30    9.90
 -78039.511   168.470     9.64    9.69
 -77663.436   170.850     6.33    9.21
 -77287.365   171.946     2.92   11.25
 -76911.299   170.901    -2.78   12.28
 -76535.237   167.804    -8.23   13.07
 -76159.179   163.824   -10.58   10.74
 -75783.125   161.318    -6.67    9.14
 -75407.076   160.388    -2.47    7.54
 -75031.031   159.541    -2.25    7.27
 -74654.990   156.260    -8.72    8.54
 -74278.954   149.693   -17.46   10.86
 -73902.921   143.110   -17.50    9.87
 -73526.893   135.270   -20.85    9.21
 -73150.869   128.297   -18.54    7.22
 -72774.850   124.620    -9.78    5.26
 -72398.834   120.804   -10.15    5.11
 -72022.823   118.207    -6.91    5.60
 -71646.817   115.080    -8.32    5.46
 -71270.814   112.337    -7.30    4.46
 -70894.816   111.432    -2.41    3.91
 -70518.821   112.311     2.34    4.38
 -70142.832   112.594     0.75    4.93
 -69766.846   113.337     1.98    5.08
 -69390.864   115.199     4.95    6.73
 -69014.887   116.362     3.09    7.13
 -68638.914   119.676     8.81    6.10
 -68262.946   120.080     1.08    5.43
 -67886.981   118.593    -3.96    5.75
 -67511.021   114.512   -10.85    6.71
 -67135.065   108.973   -14.73    6.76
 -66759.113   103.892   -13.52    5.83
 -66383.165   102.703    -3.16    5.30
 -66007.222   104.436     4.61    6.82
 -65631.282   107.040     6.93    7.43
 -65255.347   112.493    14.50    7.12
 -64879.416   117.055    12.14    7.56
 -64503.490   121.027    10.57    7.97
 -64127.567   125.209    11.12    7.66
 -63751.649   129.304    10.90    7.99
 -63375.735   133.383    10.85    7.41
 -62999.825   137.162    10.05    6.15
 -62623.920   138.286     2.99    6.30
 -62248.018   137.784    -1.33    7.52
 -61872.121   137.773    -0.03    7.86
 -61496.228   140.293     6.70    8.74
 -61120.339   146.429    16.32    9.43
 -60744.454   149.595     8.42    8.43
 -60368.574   150.270     1.80    8.93
 -59992.698   149.784    -1.29    9.78
 -59616.826   148.029    -4.67    8.56
 -59240.958   146.623    -3.74    6.37
 -58865.094   147.293     1.78    3.37
 -58489.234   146.331    -2.56    3.54
 -58113.379   144.378    -5.19    3.78
 -57737.528   142.311    -5.50    3.77
 -57361.680   140.465    -4.91    4.23
 -56985.838   136.593   -10.30    4.70
 -56609.999   134.094    -6.65    5.26
 -56234.164   129.106   -13.27    6.03
 -55858.334   124.962   -11.03    6.37
 -55482.508   122.618    -6.24    6.20
 -55106.685   121.043    -4.19    6.39
 -54730.867   119.040    -5.33    6.35
 -54355.054   118.649    -1.04    6.23
 -53979.244   121.595     7.84    7.67
 -53603.439   125.000     9.06    7.85
 -53227.637   128.696     9.83    6.47
 -52851.840   130.514     4.84    4.35
 -52476.047   129.952    -1.49    5.05
 -52100.258   127.147    -7.47    6.85
 -51724.473   122.297   -12.90    8.26
 -51348.693   118.465   -10.20    8.62
 -50972.916   115.619    -7.57    7.65
 -50597.144   112.516    -8.26    7.45
 -50221.376   109.936    -6.87    7.71
 -49845.612   105.818   -10.96    6.74
 -49469.852   103.699    -5.64    5.72
 -49094.096   103.968     0.71    7.14
 -48718.344   106.106     5.69    9.55
 -48342.597   108.373     6.03   10.75
 -47966.853   112.081     9.87    9.69
 -47591.114   114.487     6.40    6.76
 -47215.379   113.515    -2.59    6.62
 -46839.648   113.055    -1.22    6.93
 -46463.921   111.595    -3.89    6.79
 -46088.198   108.029    -9.49    6.58
 -45712.479   107.410    -1.65    6.25
 -45336.765   108.730     3.51    5.41
 -44961.054   111.080     6.26    4.79
 -44585.348   113.619     6.76    5.41
 -44209.646   113.132    -1.30    6.77
 -43833.947   111.962    -3.11    7.43
 -43458.253   110.643    -3.51    8.04
 -43082.563   109.784    -2.29    7.61
 -42706.449   109.743    -0.11   10.30
 -42329.953   109.824     0.22   11.76
 -41953.461   110.162     0.90   12.03
 -41576.973   106.487    -9.76   13.07
 -41200.490   102.919    -9.48   12.49
 -40824.010   103.414     1.31   11.30
 -40447.535   102.798    -1.63   10.49
 -40071.063   102.679    -0.32   10.01
 -39694.596   104.568     5.02    9.20
 -39318.133   103.278    -3.43    8.12
 -38941.674   103.707     1.14    7.23
 -38565.219   101.542    -5.75    8.18
 -38188.768    98.183    -8.92    8.81
 -37812.322    95.901    -6.06    7.75
 -37435.879    90.778   -13.61    8.59
 -37059.440    87.093    -9.79    9.36
 -36683.006    81.135   -15.83    9.99
 -36306.576    76.080   -13.43    7.66
 -35930.149    72.286   -10.08    5.92
 -35553.727    69.957    -6.19    4.09
 -35177.309    68.297    -4.41    3.11
 -34800.895    67.027    -3.37    2.47
 -34424.485    67.173     0.39    2.90
 -34048.079    68.080     2.41    3.40
 -33671.677    69.391     3.48    4.90
 -33295.279    73.055     9.73    7.69
 -32918.886    76.910    10.24    9.02
 -32542.496    78.946     5.41    9.42
 -32166.110    83.004    10.78    8.90
 -31789.729    85.405     6.38    8.65
 -31413.351    86.747     3.56    6.78
 -31036.978    86.927     0.48    6.47
 -30660.609    85.443    -3.94    5.50
 -30284.244    83.252    -5.82    5.41
 -29907.882    81.696    -4.13    5.17
 -29531.525    82.593     2.38    4.46
 -29155.172    81.734    -2.28    4.95
 -28778.823    81.487    -0.66    5.05
 -28402.478    80.015    -3.91    5.24
 -28026.137    78.910    -2.94    5.41
 -27649.800    77.798    -2.95    5.12
 -27273.467    78.818     2.71    4.11
 -26897.139    78.798    -0.05    3.96
 -26520.814    79.593     2.11    4.14
 -26144.493    79.297    -0.79    4.11
 -25768.176    77.414    -5.01    4.51
 -25391.864    75.541    -4.98    5.06
 -25015.555    73.619    -5.11    4.82
 -24639.250    70.337    -8.72    5.48
 -24262.950    67.696    -7.02    6.52
 -23886.653    65.041    -7.05    5.76
 -23510.361    63.414    -4.33    5.06
 -23134.072    63.818     1.07    4.80
 -22757.788    63.957     0.37    5.64
 -22381.507    63.106    -2.26    5.64
 -22005.231    60.514    -6.89    6.01
 -21628.958    57.726    -7.41    5.91
 -21252.690    54.850    -7.64    5.34
 -20876.425    53.349    -3.99    4.24
 -20500.165    51.747    -4.26    3.14
 -20123.908    50.952    -2.11    2.75
 -19747.656    50.297    -1.74    3.02
 -19371.408    50.875     1.54    3.33
 -18995.163    50.811    -0.17    3.13
 -18618.923    50.183    -1.67    2.78
 -18242.686    50.055    -0.34    2.56
 -17866.454    49.619    -1.16    2.37
 -17490.226    49.331    -0.77    2.62
 -17114.001    49.311    -0.05    2.55
 -16737.781    48.773    -1.43    2.63
 -16361.564    48.432    -0.90    3.11
 -15985.352    47.645    -2.09    3.02
 -15609.143    47.378    -0.71    2.89
 -15232.939    47.132    -0.66    3.31
 -14856.738    47.209     0.20    3.32
 -14480.542    46.599    -1.62    3.64
 -14104.349    47.004     1.08    3.68
 -13728.161    47.157     0.41    4.17
 -13351.976    48.000     2.24    5.13
 -12975.796    48.132     0.35    4.64
 -12599.619    47.651    -1.28    4.31
 -12223.446    47.696     0.12    4.67
 -11847.278    48.465     2.04    5.11
 -11471.113    48.514     0.13    5.35
 -11094.952    48.183    -0.88    5.69
 -10718.795    47.337    -2.25    5.39
 -10342.642    46.850    -1.30    4.72
  -9966.494    46.541    -0.82    3.35
  -9590.349    45.414    -3.00    4.79
  -9214.208    43.811    -4.26    6.27
  -8838.071    39.747   -10.80    8.97
  -8461.937    33.414   -16.84   10.09
  -8085.808    26.943   -17.20    9.10
  -7709.683    20.619   -16.81    6.82
  -7333.562    15.778   -12.87    5.38
  -6957.445    13.054    -7.24    4.62
  -6581.331    11.362    -4.50    3.47
  -6205.222    11.901     1.43    3.08
  -5829.116    12.209     0.82    2.90
  -5453.015    12.388     0.48    2.55
  -5076.917    12.108    -0.74    2.53
  -4700.824    11.157    -2.53    1.70
  -4324.734    11.132    -0.07    1.93
  -3948.648    10.978    -0.41    2.17
  -3572.566    11.027     0.13    2.40
  -3196.488    11.619     1.57    2.80
  -2820.414    12.000     1.01    2.86
  -2444.344    10.696    -3.47    4.54
  -2068.278     7.831    -7.62    5.59
  -1692.215     4.599    -8.59    5.32
  -1316.157     2.080    -6.70    4.38
   -940.103     0.015    -5.49    1.69
   -564.052    -0.405    -1.12    0.16
   -188.005    -0.432    -0.07    0.00
    188.037    -0.432     0.00    0.00
    564.076    -0.432     0.00    0.00
    940.111    -0.432     0.00    0.00
   1316.142     0.243     1.80    2.87
   1692.169     2.773     6.73    5.44
   2068.192     5.004     5.93    6.14
   2444.212     8.234     8.59    5.84
   2820.227    10.189     5.20    4.04
   3196.238    10.593     1.07    2.60
   3572.246    10.135    -1.22    2.63
   3948.250     9.696    -1.17    2.40
   4324.250     9.989     0.78    2.33
   4700.246    10.255     0.71    1.82
   5076.238    10.029    -0.60    2.19
   5452.226    10.331     0.80    2.38
   5828.210    11.324     2.64    3.48
   6204.191    12.041     1.91    3.47
   6580.167    12.040    -0.00    3.66
   6956.140    11.383    -1.75    3.39
   7332.109    10.311    -2.85    2.10
   7708.073    10.054    -0.68    2.16
   8084.034     9.516    -1.43    2.24
   8459.992     9.773     0.68    2.35
   8835.945    10.542     2.05    2.37
   9211.894    11.297     2.01    2.26
   9587.840    11.465     0.45    1.82
   9963.782    11.108    -0.95    2.29
  10339.720    11.157     0.13    2.06
  10715.654    10.936    -0.59    1.87
  11091.584    10.505    -1.15    1.54
  11467.510    10.593     0.23    1.50
  11843.432    10.278    -0.84    1.74
  12219.351    10.000    -0.74    1.57
  12595.266    10.730     1.94    2.17
  12971.177    11.457     1.93    2.56
  13347.084    13.857     6.39    3.30
  13722.987    16.157     6.12    4.82
  14098.886    13.989    -5.77    8.86
  14474.782     9.593   -11.69   10.64
  14850.673     5.850    -9.96   10.07
  15226.561     4.183    -4.43    7.45
  15602.445     5.838     4.40    7.00
  15978.326     7.696     4.94    5.76
  16354.202     8.054     0.95    3.72
  16730.074     7.542    -1.36    3.40
  17105.943     7.055    -1.30    3.29
  17481.808     8.224     3.11    3.91
  17857.669    10.414     5.83    3.82
  18233.526    11.436     2.72    3.63
  18609.380    11.622     0.49    3.87
  18985.229    11.189    -1.15    4.01
  19361.075    11.623     1.15    4.22
  19736.917    13.773     5.72    5.53
  20112.755    16.414     7.03    4.94
  20488.589    19.383     7.90    3.88
  20864.420    21.311     5.13    2.49
  21240.247    21.875     1.50    2.33
  21616.069    21.824    -0.14    2.22
  21991.889    21.270    -1.47    2.11
  22367.704    20.645    -1.67    1.88
  22743.515    19.946    -1.86    1.66
  23119.323    19.978     0.08    1.79
  23495.127    20.337     0.96    1.90
  23870.927    21.193     2.28    2.52
  24246.723    22.721     4.07    2.90
  24622.516    23.778     2.81    2.89
  24998.305    23.962     0.49    3.37
  25374.090    23.304    -1.75    3.52
  25749.871    22.290    -2.70    3.67
  26125.648    21.670    -1.65    2.85
  26501.422    21.209    -1.23    2.39
  26877.191    21.647     1.17    2.54
  27252.958    22.910     3.36    2.93
  27628.720    24.311     3.73    3.24
  28004.478    26.286     5.25    3.32
  28380.233    27.865     4.20    2.62
  28755.984    28.670     2.14    2.77
  29131.731    28.595    -0.20    2.72
  29507.474    28.337    -0.69    2.81
  29883.214    27.978    -0.96    2.48
  30258.950    27.474    -1.34    2.43
  30634.682    27.234    -0.64    2.87
  31010.410    26.487    -1.99    3.10
  31386.135    26.243    -0.65    3.39
  31761.856    27.721     3.93    4.60
  32137.573    30.351     7.00    4.66
  32513.921    34.542    11.13    5.17
  32890.383    39.055    11.99    5.08
  33266.841    44.541    14.57    7.30
  33643.295    52.199    20.34    9.04
  34019.746    58.721    17.33    8.01
  34396.193    64.106    14.30    6.25
  34772.636    67.757     9.70    3.84
  35149.076    69.619     4.95    2.92
  35525.511    70.324     1.87    2.13
  35901.943    69.721    -1.60    2.17
  36278.372    69.286    -1.16    2.18
  36654.796    68.536    -1.99    1.91
  37031.217    66.850    -4.48    2.44
  37407.634    66.120    -1.94    2.25
  37784.047    65.568    -1.47    2.21
  38160.456    65.514    -0.14    1.96
  38536.862    66.068     1.47    1.75
  38913.264    65.824    -0.65    1.87
  39289.662    65.670    -0.41    1.90
  39666.057    65.331    -0.90    1.72
  40042.448    65.157    -0.46    1.67
  40418.835    64.850    -0.82    1.76
  40795.218    65.183     0.89    1.95
  41171.598    65.297     0.30    1.94
  41547.973    64.875    -1.12    2.24
  41924.346    64.703    -0.46    2.87
  42300.714    63.568    -3.02    3.68
  42677.079    61.645    -5.11    5.36
  43053.440    59.295    -6.24    6.23
  43429.797    56.798    -6.63    6.96
  43806.150    54.331    -6.56    6.97
  44182.500    55.027     1.85    8.72
  44558.846    54.973    -0.14   10.17
  44935.189    53.401    -4.18   11.25
  45311.528    49.645    -9.98   10.54
  45687.863    44.421   -13.88    9.64
  46064.194    39.676   -12.61    8.23
  46440.521    36.218    -9.19    5.64
  46816.845    36.726     1.35    6.29
  47193.166    41.798    13.48    8.22
  47569.482    50.357    22.74   10.87
  47945.795    59.029    23.04   12.90
  48322.104    67.811    23.34   11.95
  48698.409    75.015    19.14    8.24
  49074.711    77.721     7.19    5.51
  49451.009    77.796     0.20    5.30
  49827.304    75.414    -6.33    7.35
  50203.594    73.619    -4.77    8.14
  50579.881    74.595     2.59    6.95
  50956.165    73.405    -3.16    5.81
  51332.444    71.540    -4.96    5.29
  51708.720    68.029    -9.33    6.80
  52084.992    62.958   -13.48    6.82
  52461.261    59.135   -10.16    6.87
  52837.526    56.918    -5.89    4.42
  53213.787    57.489     1.52    4.49
  53590.045    59.516     5.39    4.60
  53966.299    62.784     8.68    3.08
  54342.549    64.618     4.87    3.10
  54718.796    65.270     1.73    3.01
  55095.039    64.108    -3.09    4.34
  55471.278    60.209   -10.36    6.74
  55847.514    54.682   -14.69    8.59
  56223.745    50.132   -12.09    8.82
  56599.974    44.311   -15.47   10.90
  56976.198    38.703   -14.91   13.85
  57352.419    30.568   -21.62   16.96
  57728.637    21.243   -24.78   14.67
  58104.851    14.568   -17.74    5.74
  58481.061    11.812    -7.33    5.57
  58857.267    12.622     2.15    8.31
  59233.470    17.193    12.15   12.02
  59609.669    20.989    10.09   13.70
  59985.865    24.489     9.30   13.49
  60362.056    30.432    15.80   10.52
  60738.245    33.593     8.40    9.26
  61114.429    36.410     7.49    9.42
  61490.610    39.460     8.11    9.29
  61866.788    40.173     1.90    8.28
  62242.961    45.651    14.56    9.99
  62619.131    51.132    14.57   12.06
  62995.298    58.388    19.29   10.89
  63371.461    64.432    16.07    9.25
  63747.620    68.216    10.06   11.35
  64123.776    70.000     4.74   14.26
  64499.928    74.388    11.67   14.12
  64876.076    74.268    -0.32   12.63
  65252.221    75.378     2.95   10.14
  65628.362    72.743    -7.01    8.93
  66004.500    71.147    -4.24    8.50
  66380.634    70.752    -1.05    8.64
  66756.764    69.081    -4.44    8.50
  67132.891    71.388     6.13    8.59
  67509.014    70.726    -1.76    8.58
  67885.133    72.734     5.34    8.23
  68261.249    75.029     6.10    8.26
  68637.362    77.123     5.57    6.55
  69013.470    77.029    -0.25    6.75
  69389.576    77.593     1.50    7.02
  69765.677    76.734    -2.28    7.43
  70141.775    75.054    -4.47    7.42
  70517.870    72.514    -6.75    9.36
  70893.960    71.004    -4.02    8.68
  71270.048    69.068    -5.15    8.68
  71646.131    70.487     3.77    9.66
  72022.211    71.418     2.48    9.21
  72398.288    68.647    -7.37    9.30
  72774.361    66.699    -5.18    8.02
  73150.430    63.892    -7.46    8.05
  73526.496    62.260    -4.34    8.96
  73902.558    57.568   -12.48    7.56
  74278.617    56.568    -2.66    6.93
  74654.672    56.311    -0.68    6.82
  75030.723    56.095    -0.57    6.92
  75406.771    55.286    -2.15    7.29
  75782.816    51.004   -11.39    6.02
  76158.857    48.984    -5.37    4.44
  76534.894    47.865    -2.98    4.52
  76910.927    47.541    -0.86    4.88
  77286.958    47.304    -0.63    5.26
  77662.984    46.668    -1.69    5.39
  78039.007    47.162     1.32    4.79
  78415.027    48.043     2.34    5.06
  78791.043    49.029     2.62    5.32
  79167.055    50.304     3.39    4.97
  79543.064    51.162     2.28    5.00
  79919.069    51.798     1.69    4.81
  80295.071    52.362     1.50    4.63
  80671.069    54.179     4.83    6.00
  81047.064    55.414     3.28    6.47
  81423.055    54.845    -1.51    5.76
  81799.043    56.106     3.35    5.66
  82175.027    57.619     4.02    7.47
  82551.007    58.679     2.82    7.44
  82926.984    60.243     4.16    8.08
  83302.958    61.432     3.16    7.48
  83678.928    64.594     8.41    8.64
  84054.894    65.693     2.92    8.46
  84430.857    67.000     3.48    8.93
  84806.817    70.043     8.09   12.57
  85182.773    69.696    -0.92   13.36
  85558.725    70.883     3.16   12.62
  85934.674    71.216     0.89   10.30
  86310.619    68.952    -6.02    8.97
  86686.561    66.015    -7.81    9.74
  87062.500    63.345    -7.10    9.75
  87438.434    58.362   -13.25   10.21
  87814.366    53.679   -12.46    8.63
  88190.294    51.721    -5.21    6.64
  88566.218    49.696    -5.39    6.20
  88942.139    47.484    -5.88    6.32
  89318.056    43.432   -10.78    6.97
  89693.970    40.568    -7.62    4.88
  90069.880    40.620     0.14    4.67
  90445.787    41.268     1.72    4.19
  90821.691    43.270     5.33    5.10
  91197.591    49.268    15.95   11.23
  91573.487    51.260     5.30   10.28
  91949.380    52.068     2.15    8.30
  92325.269    54.135     5.50    6.82
  92701.155    52.362    -4.72    8.29
  93077.038    54.673     6.15   11.24
  93452.917    53.762    -2.42   13.95
  93828.792    51.978    -4.75   13.01
  94204.664    52.151     0.46    9.94
  94580.533    50.388    -4.69    5.36
  94956.398    52.388     5.32    5.67
  95332.260    52.596     0.55    5.77
  95708.118    54.730     5.68    6.86
  96083.972    55.432     1.87    5.72
  96459.824    55.278    -0.41    4.95
  96835.671    56.443     3.10    5.82
  97211.516    57.622     3.14    6.38
  97587.357    59.465     4.90    6.74
  97963.194    60.721     3.34    7.14
  98339.028    61.978     3.34    7.17
  98714.858    62.000     0.06    5.36
  99090.686    62.542     1.44    4.82
  99466.509    63.015     1.26    6.55
  99842.329    63.484     1.25    8.05
 100218.146    62.699    -2.09    8.74
 100593.959    62.623    -0.20    8.98
 100969.769    62.952     0.88    7.46
 101345.575    62.952     0.00    6.74
 101721.378    64.339     3.69    7.39
 102097.178    68.135    10.10    8.65
 102472.974    68.054    -0.22    8.90
 102848.767    73.487    14.46   11.06
 103224.556    76.318     7.53   11.34
 103600.342    80.514    11.17   10.66
 103976.124    85.645    13.65   10.04
 104351.903    89.462    10.16   10.42
 104727.678    93.568    10.92   11.02
 105103.450    96.054     6.62   11.87
 105479.219    93.798    -6.00   11.88
 105854.984    89.304   -11.96   12.96
 106230.746    85.623    -9.80   12.58
 106606.504    80.278   -14.22    9.64
 106982.259    79.373    -2.41    7.24
 107358.123    81.260     5.02    8.61
 107734.553    82.439     3.13   10.22
 108110.979    82.168    -0.72   10.39
 108487.402    81.432    -1.95    9.20
 108863.822    88.865    19.74   32.58
 109240.238   109.919    55.93   59.43
 109616.650   132.093    58.91   68.52
 109993.060   150.243    48.22   65.36
 110369.466   169.773    51.88   68.36
 110745.868   175.388    14.92   68.52
 111122.267   196.080    54.97   75.62
 111498.663   225.946    79.34   84.56
 111875.055   238.286    32.78  105.56
 112251.444   249.962    31.02  109.58
 112627.829   227.568   -59.50  119.22
 113004.211   198.910   -76.14  114.41
 113380.590   156.135  -113.64   87.68
 113756.965   126.673   -78.28   63.00
 114133.337   114.721   -31.75   57.48
 114509.706   101.224   -35.86   37.64
 114886.071    95.919   -14.09   28.90
 115262.433    97.962     5.43   29.09
 115638.791    96.649    -3.49   24.19
 116015.146   101.542    13.00   26.88
 116391.497   101.027    -1.37   24.18
 116767.846   100.491    -1.43   33.50
 117144.190    97.106    -8.99   36.09
 117520.532    85.645   -30.45   28.47
 117896.870    76.487   -24.33   23.18
 118273.204    69.311   -19.07    9.33
 118649.536    67.875    -3.82    7.27
 119025.864    68.762     2.36    7.02
 119402.188    71.132     6.30    6.53
 119778.509    72.595     3.89    5.97
 120154.827    73.199     1.61    5.64
 120531.142    72.362    -2.22    6.20
 120907.453    70.693    -4.44    6.74
 121283.761    67.436    -8.65    9.18
 121660.065    67.173    -0.70    8.63
 122036.366    68.108     2.49    8.52
 122412.664    69.696     4.22    6.67
 122788.958    71.270     4.18    5.95
 123165.249    72.927     4.40    5.05
 123541.537    73.824     2.38    4.69
 123917.821    72.489    -3.55    5.65
 124294.102    70.865    -4.32    6.32
 124670.380    68.568    -6.11    7.50
 125046.654    68.080    -1.29    8.45
 125422.925    67.432    -1.72    8.72
 125799.192    68.696     3.36    7.09
 126175.457    71.405     7.20    7.32
 126551.718    71.183    -0.59    8.66
 126927.975    72.029     2.25    9.87
 127304.229    71.161    -2.31   10.10
 127680.480    67.106   -10.78    9.19
 128056.728    64.989    -5.63    8.31
 128432.972    65.865     2.33    7.99
 128809.213    66.952     2.89    8.24
 129185.451    70.429     9.24   10.26
 129561.685    83.927    35.88   36.30
 129937.916    98.619    39.05   44.95
 130314.144   110.270    30.97   50.14
 130690.368   151.080   108.47   78.74
 131066.589   193.209   111.97   95.75
 131442.807   271.234   207.39  114.32
 131819.021   357.108   228.25  116.64
 132195.233   433.516   203.09  164.95
 132571.440   529.730   255.74  205.26
 132947.645   630.831   268.73  242.03
 133323.846   699.857   183.48  243.64
 133700.044   730.193    80.63  224.46
 134076.239   680.106  -133.14  246.95
 134452.430   610.015  -186.31  237.90
 134828.618   573.324   -97.53  209.42
 135204.803   548.234   -66.69  173.34
 135580.984   602.457   144.13  177.55
 135957.162   723.824   322.62  203.21
 136333.337   856.080   351.57  184.17
 136709.509  1031.000   464.98  184.82
 137085.677  1162.362   349.20  187.76
 137461.842  1263.747   269.51  155.65
 137838.004  1352.491   235.91   94.74
 138214.162  1396.270   116.38   48.38
 138590.318  1404.875    22.88   52.88
 138966.470  1379.919   -66.34   73.01
 139342.618  1334.647  -120.35  106.74
 139718.764  1281.730  -140.68  126.99
 140094.906  1183.318  -261.63  139.34
 140471.044  1078.670  -278.21  138.80
 140847.180   981.541  -258.22  110.12
 141223.312   916.679  -172.44   71.97
 141599.441   899.080   -46.79   56.37
 141975.567   892.929   -16.35   59.01
 142351.690   873.252   -52.31   53.97
 142727.809   879.388    16.31   55.35
 143103.925   876.730    -7.07   61.18
 143480.038   902.619    68.83   87.29
 143856.147   930.362    73.76   89.65
 144232.253   975.824   120.87  104.38
 144608.356  1044.838   183.49  112.47
 144984.456  1105.793   162.07   90.93
 145360.553  1147.514   110.93   63.91
 145736.646  1169.676    58.93   57.24
 146112.736  1161.000   -23.07   61.91
 146488.823  1150.568   -27.74   55.23
 146864.906  1161.850    30.00   56.08
 147240.987  1174.773    34.36   46.43
 147617.064  1177.762     7.95   44.87
 147993.138  1193.721    42.44   41.51
 148369.208  1196.040     6.16   32.51
 148745.276  1178.883   -45.62   54.97
 149121.340  1143.798   -93.29   79.75
 149497.401  1078.838  -172.73  117.20
 149873.458   948.699  -346.05  181.28
 150249.513   817.516  -348.83  185.55
 150625.564   684.439  -353.87  171.90
 151001.612   559.243  -332.91  122.61
 151377.657   491.893  -179.10  105.08
 151753.699   431.226  -161.33   77.08
 152129.737   383.135  -127.88   44.33
 152505.772   360.243   -60.87   28.12
 152881.804   347.368   -34.24   13.18
 153257.833   342.952   -11.74    9.01
 153633.859   347.286    11.52   14.55
 154009.881   366.234    50.39   43.55
 154385.900   426.927   161.40   96.08
 154761.916   473.290   123.30   95.91
 155137.929   521.489   128.18   76.58
 155513.939   566.824   120.57   67.15
 155889.945   611.730   119.42   82.88
 156265.948   690.936   210.65  130.58
 156641.948   770.260   210.96  125.21
 157017.945   833.768   168.90   96.85
 157393.939   829.595   -11.10   96.66
 157769.929   776.118  -142.22  119.32
 158145.916   682.883  -247.96  129.82
 158521.900   566.243  -310.22  120.98
 158897.881   475.054  -242.53   99.00
 159273.859   404.318  -188.13   56.92
 159649.833   371.542   -87.17   30.99
 160025.805   354.465   -45.42   15.90
 160401.773   348.068   -17.02   12.23
 160777.738   354.209    16.33   19.92
 161153.700   380.623    70.26   55.02
 161529.658   469.857   237.34  127.27
 161905.614   588.645   315.95  163.32
 162281.566   700.460   297.41  146.60
 162657.515   782.568   218.39  110.91
 163033.462   800.673    48.16   95.75
 163409.404   787.968   -33.79   82.51
 163785.344   772.351   -41.54   80.90
 164161.281   772.055    -0.79   93.82
 164537.214   788.901    44.81   96.74
 164913.144   787.568    -3.55   77.88
 165289.071   806.135    49.39   86.16
 165664.995   828.623    59.82   92.54
 166040.916   832.414    10.08   84.72
 166416.834   815.952   -43.79   87.79
 166792.748   765.000  -135.54   74.40
 167168.660   721.901  -114.65   41.13
 167544.568   715.207   -17.81   57.35
 167920.473   737.410    59.06   86.25
 168296.375   766.670    77.84  102.83
 168672.274   773.489    18.14  103.41
 169048.169   724.594  -130.07  128.18
 169424.062   661.647  -167.45  105.64
 169799.951   644.768   -44.90   71.75
 170175.837   682.703   100.92  100.63
 170551.721   768.368   227.89  124.54
 170927.601   853.721   227.07  113.17
 171303.478   922.012   181.68  108.34
 171679.351  1011.081   236.96  110.00
 172055.222  1082.123   189.00   74.97
 172431.090  1112.260    80.18   43.50
 172806.954  1101.293   -29.18   45.18
 173182.815  1087.514   -36.66   49.74
 173558.674  1087.157    -0.95   57.45
 173934.529  1100.162    34.60   70.87
 174310.381  1104.489    11.51   67.57
 174686.230  1110.542    16.11   60.86
 175062.075  1118.068    20.02   48.05
 175437.918  1126.304    21.91   43.25
 175813.758  1136.541    27.24   53.90
 176189.594  1158.868    59.40   72.61
 176565.428  1153.973   -13.02   94.45
 176941.258  1150.493    -9.26  104.29
 177317.085  1137.901   -33.50   88.64
 177692.909  1132.540   -14.26   65.21
 178068.730  1133.541     2.66   54.74
 178444.548  1138.873    14.19   41.77
 178820.363  1128.962   -26.37   53.26
 179196.175  1105.868   -61.45   59.80
 179571.983  1094.373   -30.58   55.21
 179947.789  1096.193     4.84   53.58
 180323.591  1110.173    37.20   47.96
 180699.391  1108.055    -5.64   48.46
 181075.187  1094.645   -35.68   63.35
 181450.980  1068.094   -70.65   83.76
 181826.771  1016.278  -137.88   83.89
 182202.558   979.489   -97.90   79.00
 182578.644   939.218  -107.08   63.33
 182955.042   902.243   -98.23   38.67
 183331.438   899.268    -7.91   33.92
 183707.830   909.120    26.18   45.76
 184084.219   914.873    15.28   54.68
 184460.606   927.432    33.37   54.99
 184836.989   943.540    42.79   60.48
 185213.369   952.516    23.85   53.19
 185589.746   969.368    44.77   51.16
 185966.120   976.243    18.27   44.56
 186342.490  1009.793    89.14   51.80
 186718.858  1046.015    96.24   65.68
 187095.223  1086.883   108.58   77.58
 187471.585  1144.647   153.47   67.42
 187847.943  1177.619    87.61   50.23
 188224.299  1202.041    64.89   31.63
 188600.651  1211.460    25.02   25.25
 188977.001  1210.721    -1.96   23.64
 189353.347  1215.054    11.51   24.74
 189729.690  1206.993   -21.42   39.42
 190106.031  1182.414   -65.31   58.39
 190482.368  1149.484   -87.50   47.65
 190858.702  1120.649   -76.62   35.81
 191235.033  1096.892   -63.12   27.93
 191611.362  1094.620    -6.04   22.76
 191987.687  1100.468    15.54   26.28
 192364.009  1113.378    34.31   35.32
 192740.328  1128.393    39.90   36.53
 193116.644  1140.568    32.35   30.27
 193492.957  1149.297    23.20   30.00
 193869.267  1154.647    14.21   30.13
 194245.574  1153.593    -2.80   30.81
 194621.878  1159.068    14.55   35.23
 194998.178  1161.040     5.24   38.34
 195374.476  1176.337    40.65   43.09
 195750.771  1191.189    39.47   49.00
 196127.063  1208.055    44.82   60.02
 196503.352  1225.952    47.56   69.15
 196879.638  1242.768    44.69   76.48
 197255.920  1257.865    40.12   60.48
 197632.200  1245.054   -34.04   58.81
 198008.477  1224.351   -55.02   56.68
 198384.751  1192.410   -84.89   35.01
 198761.022  1178.707   -36.42   29.42
 199137.289  1176.812    -5.04   32.22
 199513.554  1177.106     0.78   34.65
 199889.816  1176.324    -2.08   33.45
 200266.075  1172.106   -11.21   36.39
 200642.330  1158.226   -36.89   37.35
 201018.583  1143.106   -40.18   35.53
 201394.833  1132.351   -28.58   31.29
 201771.080  1122.721   -25.59   27.50
 202147.324  1112.457   -27.28   26.46
 202523.564  1111.183    -3.38   30.72
 202899.802  1104.337   -18.20   36.70
 203276.037  1093.479   -28.86   35.79
 203652.269  1082.946   -28.00   24.17
 204028.498  1081.811    -3.02   17.22
 204404.724  1086.946    13.65   17.25
 204780.947  1097.405    27.80   17.82
 205157.167  1099.297     5.03   14.71
 205533.384  1107.168    20.92   18.66
 205909.598  1109.004     4.88   22.15
 206285.809  1113.108    10.91   23.86
 206662.017  1101.055   -32.04   40.15
 207038.222  1085.226   -42.07   48.04
 207414.424  1058.183   -71.88   53.37
 207790.623  1021.568   -97.33   59.19
 208166.819   970.850  -134.81   76.47
 208543.013   924.151  -124.13   78.07
 208919.203   883.414  -108.28   77.54
 209295.390   833.439  -132.84   65.00
 209671.575   782.536  -135.31   62.15
 210047.756   722.286  -160.16   74.77
 210423.935   686.892   -94.08   54.41
 210800.110   676.962   -26.39   33.67
 211176.283   703.000    69.21   54.05
 211552.453   759.818   151.04   80.35
 211928.619   841.978   218.40  112.27
 212304.783   909.875   180.49   99.79
 212680.944   949.094   104.26   74.64
 213057.102   956.883    20.71   84.79
 213433.257   933.132   -63.14   91.72
 213809.409   899.516   -89.36   93.62
 214185.558   863.784   -94.99   95.09
 214561.704   820.850  -114.14   82.52
 214937.847   767.512  -141.80   44.36
 215313.988   744.927   -60.04   34.07
 215690.125   729.106   -42.06   26.39
 216066.260   719.943   -24.36   18.37
 216442.391   725.080    13.66   20.45
 216818.520   747.351    59.21   41.52
 217194.645   777.000    78.82   55.30
 217570.768   809.270    85.79   54.92
 217946.888   823.401    37.57   60.00
 218323.005   822.489    -2.43   66.08
 218699.119   811.004   -30.53   70.87
 219075.230   785.649   -67.41   52.45
 219451.339   772.952   -33.76   31.02
 219827.444   781.286    22.16   47.99
 220203.546   800.952    52.29   65.28
 220579.646   827.460    70.48   77.43
 220955.743   854.414    71.67   84.17
 221331.836   896.730   112.51   89.25
 221707.927   937.919   109.51   94.30
 222084.015   983.726   121.79   91.31
 222460.100  1020.661    98.21   63.26
 222836.182  1016.439   -11.23   57.97
 223212.262   994.199   -59.13   80.11
 223588.338   964.838   -78.07   95.27
 223964.411   901.135  -169.38   90.21
 224340.482   867.845   -88.52   74.09
 224716.550   851.489   -43.49   62.70
 225092.615   830.668   -55.36   46.11
 225468.677   814.973   -41.73   39.11
 225844.736   798.542   -43.69   32.81
 226220.792   797.721    -2.18   32.43
 226596.845   784.542   -35.05   28.95
 226972.896   774.351   -27.10   31.06
 227348.943   766.055   -22.06   28.69
 227724.988   760.297   -15.31   27.12
 228101.030   781.946    57.57   60.42
 228477.069   837.595   147.98   97.72
 228853.105   900.380   166.96   95.35
 229229.138   930.875    81.09   70.82
 229605.169   934.278     9.05   65.94
 229981.196   920.262   -37.27   64.00
 230357.221   891.252   -77.15   39.87
 230733.243   884.012   -19.25   23.04
 231109.262   880.199   -10.14   24.76
 231485.278   873.670   -17.36   28.03
 231861.291   868.216   -14.50   27.32
 232237.302   862.106   -16.25   25.58
 232613.309   853.721   -22.30   17.54
 232989.314   848.670   -13.43   15.23
 233365.316   850.676     5.33   18.41
 233741.315   851.768     2.90   24.86
 234117.311   851.730    -0.10   26.30
 234493.304   851.838     0.29   26.55
 234869.295   842.054   -26.02   20.33
 235245.283   837.362   -12.48   12.46
 235621.268   829.747   -20.25   14.98
 235997.250   823.773   -15.89   14.66
 236373.229   821.790    -5.27   15.78
 236749.205   819.094    -7.17   15.26
 237125.179   818.484    -1.62   14.90
 237501.150   818.331    -0.41   16.90
 237877.118   820.901     6.84   16.85
 238253.083   819.324    -4.19   17.31
 238629.045   817.804    -4.04   18.18
 239005.004   815.362    -6.49   16.46
 239380.961   811.568   -10.09   15.11
 239756.915   813.216     4.39   20.06
 240132.866   816.793     9.51   27.20
 240508.814   821.199    11.72   31.68
 240884.760   821.027    -0.46   33.59
 241260.702   822.757     4.60   41.12
 241636.642   825.540     7.40   55.76
 242012.579   813.645   -31.64   65.06
 242388.513   805.157   -22.58   82.95
 242764.445   790.151   -39.92   84.02
 243140.373   784.004   -16.35   94.26
 243516.299   785.845     4.90   91.42
 243892.222   775.778   -26.78   80.76
 244268.142   770.901   -12.97   74.79
 244644.060   760.757   -26.98   60.95
 245019.974   728.199   -86.60   67.40
 245395.886   689.357  -103.32   79.99
 245771.795   643.243  -122.67   89.76
 246147.702   584.189  -157.09   84.99
 246523.605   523.927  -160.31  101.34
 246899.506   437.080  -231.02  103.45
 247275.404   373.401  -169.40   87.82
 247651.299   324.027  -131.34   62.41
 248027.191   306.762   -45.93   38.70
 248403.081   322.645    42.25   59.74
 248778.968   368.193   121.17   96.57
 249154.852   418.811   134.66  113.19
 249530.733   488.311   184.89  140.27
 249906.612   572.873   224.96  159.03
 250282.488   637.936   173.09  164.01
 250658.361   698.875   162.12  165.59
 251034.231   744.568   121.56  157.77
 251410.099   776.857    85.90  156.81
 251785.963   800.989    64.20  166.88
 252161.825   832.518    83.88  155.88
 252537.685   845.514    34.57  150.81
 252913.541   860.293    39.32  138.77
 253289.395   859.978    -0.84  125.93
 253665.246   841.540   -49.05  118.68
 254041.094   839.027    -6.69  110.47
 254416.940   832.873   -16.37  102.41
 254792.782   803.647   -77.76   92.35
 255168.623   775.118   -75.90   90.65
 255544.460   736.790  -101.97   72.18
 255920.294   722.268   -38.64   62.55
 256296.126   746.936    65.63   81.72
 256671.955   793.721   124.48   92.46
 257047.782   846.311   139.92   95.04
 257423.605   887.568   109.77   89.95
 257799.871   927.462   106.02   81.74
 258176.231   949.297    58.01   70.20
 258552.588   963.193    36.92   66.87
 258928.943   969.373    16.42   73.10
 259305.295   952.093   -45.91   81.10
 259681.644   927.778   -64.60   83.01
 260057.991   927.040    -1.96   78.65
 260434.335   915.541   -30.55   80.49
 260810.676   896.818   -49.75   86.67
 261187.015   858.593  -101.56   84.57
 261563.350   816.618  -111.53   60.60
 261939.683   796.405   -53.71   60.51
 262316.013   803.243    18.17   93.82
 262692.341   828.670    67.56  113.62
 263068.666   829.647     2.59  108.72
 263444.988   787.252  -112.65  114.91
 263821.307   730.516  -150.76   98.95
 264197.624   669.120  -163.14   87.26
 264573.938   620.262  -129.83   49.72
 264950.249   623.388     8.31   51.69
 265326.558   643.054    52.26   64.89
 265702.864   669.818    71.12   66.82
 266079.167   726.542   150.73   82.07
 266455.468   754.882    75.31  100.54
 266831.765   804.541   131.96  105.94
 267208.061   837.811    88.41   95.90
 267584.353   821.120   -44.35   94.87
 267960.643   790.004   -82.69   89.36
 268336.930   771.297   -49.71   65.40
 268713.214   791.968    54.93   81.99
 269089.496   871.747   212.01  130.74
 269465.775   975.865   276.69  149.13
 269842.051  1055.304   211.11  108.18
 270218.325  1088.286    87.65   86.92
 270594.596  1056.927   -83.34  108.13
 270970.864   998.179  -156.12  143.62
 271347.130   900.516  -259.54  166.90
 271723.393   840.512  -159.47  152.59
 272099.653   823.132   -46.19  132.98
 272475.910   851.209    74.62  141.44
 272852.165   929.910   209.16  113.61
 273228.418   982.784   140.52   95.40
 273604.667   998.405    41.52   82.69
 273980.914   990.962   -19.78   86.08
 274357.158   909.647  -216.11  121.62
 274733.400   814.401  -253.14  137.60
 275109.639   690.958  -328.08  147.22
 275485.875   601.311  -238.26  118.25
 275862.109   544.108  -152.03  109.14
 276238.340   506.778   -99.22  105.76
 276614.568   509.068     6.09  129.79
 276990.794   516.311    19.25  136.76
 277367.017   506.595   -25.83  144.55
 277743.237   487.286   -51.32  148.27
 278119.455   449.095  -101.51  122.05
 278495.670   414.619   -91.64  110.26
 278871.883   398.619   -42.53  106.30
 279248.093   372.599   -69.16  101.48
 279624.300   343.778   -76.60  100.51
 280000.504   316.189   -73.33   90.77
 280376.706   290.405   -68.53   68.63
 280752.906   277.462   -34.40   43.13
 281129.102   279.000     4.09   36.42
 281505.296   289.234    27.20   42.82
 281881.488   305.388    42.94   47.62
 282257.677   316.252    28.88   36.61
 282633.863   315.699    -1.47   36.28
 283010.046   306.132   -25.43   37.96
 283386.227   300.491   -14.99   40.76
 283762.406   284.973   -41.25   43.77
 284138.581   265.927   -50.63   48.71
 284514.754   242.162   -63.17   60.99
 284890.925   216.465   -68.31   53.21
 285267.093   187.850   -76.07   25.82
 285643.258   174.005   -36.80   16.58
 286019.421   175.978     5.24   18.63
 286395.581   173.252    -7.25   17.91
 286771.738   172.514    -1.96   15.26
 287147.893   172.824     0.83   13.97
 287524.045   167.873   -13.16   11.97
 287900.195   169.568     4.50   11.95
 288276.342   173.080     9.34   12.15
 288652.487   179.676    17.53   13.87
 289028.629   188.414    23.23   15.09
 289404.768   194.568    16.36   20.51
 289780.904   198.132     9.48   19.62
 290157.039   202.784    12.37   16.56
 290533.170   206.875    10.88   14.87
 290909.299   219.460    33.46   17.39
 291285.425   228.541    24.14   13.39
 291661.549   235.081    17.39   11.40
 292037.670   240.849    15.33   10.96
 292413.789   240.696    -0.41   11.38
 292789.905   239.226    -3.91   13.33
 293166.019   236.957    -6.03   12.25
 293542.130   234.414    -6.76   11.22
 293918.238   232.651    -4.69   10.61
 294294.344   233.593     2.51    9.55
 294670.447   232.080    -4.02    9.19
 295046.547   228.189   -10.35    9.47
 295422.646   222.645   -14.74   10.74
 295798.741   218.234   -11.73    8.59
 296174.834   213.850   -11.66   10.21
 296550.924   210.676    -8.44    9.28
 296927.012   207.543    -8.33    9.31
 297303.098   206.270    -3.38    8.26
 297679.180   208.068     4.78    8.68
 298055.260   212.027    10.53    9.92
 298431.338   217.097    13.48   10.80
 298807.413   218.439     3.57    9.34
 299183.486   219.209     2.05    8.89
 299559.556   217.623    -4.22   10.56
 299935.623   215.388    -5.94   11.84
 300311.688   212.095    -8.76   12.78
 300687.751   208.568    -9.38   13.13
 301063.810   204.234   -11.52    9.89
 301439.868   200.649    -9.53    9.15
 301815.922   196.936    -9.87    7.06
 302191.975   196.311    -1.66    5.59
 302568.024   196.793     1.28    5.52
 302944.072   197.297     1.34    5.60
 303320.116   198.080     2.08    5.79
 303696.158   196.804    -3.39    6.05
 304072.198   191.818   -13.26    8.62
 304448.235   186.216   -14.89    9.65
 304824.270   181.373   -12.88    8.78
 305200.302   178.773    -6.92    8.15
 305576.331   178.143    -1.68    6.92
 305952.358   177.730    -1.10    5.80
 306328.383   180.952     8.57    6.97
 306704.405   184.922    10.56    5.77
