-258027.206    47.200     0.00    5.13
-257651.172    46.305    -2.38    5.62
-257275.137    45.484    -2.18    5.79
-256899.100    45.955     1.25    6.18
-256523.062    47.818     4.95    7.17
-256147.022    48.921     2.93    6.92
-255770.981    47.958    -2.56    7.66
-255394.938    45.159    -7.44    7.37
-255018.894    42.254    -7.73    6.10
-254642.848    39.997    -6.00    3.79
-254266.800    40.810     2.16    3.80
-253890.752    41.710     2.39    3.96
-253514.701    42.196     1.29    3.54
-253138.649    43.240     2.78    2.89
-252762.596    43.321     0.22    2.60
-252386.541    44.862     4.10    4.17
-252010.485    48.931    10.82    7.71
-251634.427    52.038     8.26    8.02
-251258.367    53.110     2.85    7.00
-250882.306    53.485     1.00    6.95
-250506.244    51.483    -5.32    7.26
-250130.180    48.126    -8.93    7.08
-249754.114    45.247    -7.65    8.09
-249378.047    41.852    -9.03    8.87
-249001.978    39.010    -7.56    9.58
-248625.908    35.972    -8.08    8.11
-248249.836    34.733    -3.30    5.44
-247873.763    35.177     1.18    7.21
-247497.688    37.767     6.89    9.08
-247121.612    39.601     4.88   10.30
-246745.534    39.456    -0.39   10.53
-246369.454    38.267    -3.16   10.42
-245993.373    36.958    -3.48    9.48
-245617.291    36.616    -0.91    9.06
-245241.207    36.816     0.53    9.31
-244865.121    40.433     9.62   10.29
-244489.034    43.074     7.02    9.17
-244112.945    45.721     7.04    7.16
-243736.854    45.348    -0.99    8.16
-243360.763    43.089    -6.01   10.37
-242984.669    39.151   -10.47   10.90
-242608.574    34.348   -12.77   10.26
-242232.477    30.433   -10.41    6.42
-241856.379    27.955    -6.59    3.62
-241480.279    27.690    -0.70    3.44
-241104.178    27.613    -0.20    3.31
-240728.075    27.635     0.06    2.90
-240351.971    26.958    -1.80    2.84
-239975.865    26.862    -0.26    2.51
-239599.757    26.348    -1.37    2.41
-239223.648    25.613    -1.95    2.16
-238847.537    25.564    -0.13    2.00
-238471.425    25.459    -0.28    2.15
-238095.311    25.151    -0.82    2.43
-237719.195    24.483    -1.78    2.60
-237343.078    24.458    -0.07    3.34
-236966.959    25.254     2.12    4.53
-236590.839    25.844     1.57    4.62
-236214.717    27.240     3.71    4.72
-235838.594    28.405     3.10    4.81
-235462.469    28.348    -0.15    4.04
-235086.342    29.402     2.80    4.64
-234710.214    29.591     0.50    4.63
-234334.084    29.854     0.70    4.05
-233957.952    30.203     0.93    3.87
-233581.819    28.792    -3.75    3.06
-233205.684    27.760    -2.74    4.00
-232829.548    26.126    -4.35    4.18
-232453.410    24.538    -4.22    3.41
-232077.271    24.895     0.95    5.60
-231701.129    26.116     3.25    7.08
-231324.987    28.051     5.14    7.38
-230948.842    30.781     7.26    7.64
-230572.696    32.356     4.19    5.96
-230196.549    33.657     3.46    5.63
-229820.399    35.927     6.04    6.25
-229444.248    38.037     5.61    6.91
-229068.096    38.089     0.14    7.00
-228691.942    36.483    -4.27    6.39
-228315.786    35.348    -3.02    3.91
-227939.629    35.596     0.66    3.36
-227563.470    35.997     1.07    2.04
-227187.309    37.587     4.23    4.06
-226811.147    39.233     4.37    4.99
-226434.983    39.459     0.60    5.61
-226058.817    40.399     2.50    5.85
-225682.650    40.458     0.16    5.93
-225306.481    39.023    -3.81    6.02
-224930.310    39.747     1.92    5.99
-224554.138    41.618     4.97    6.57
-224177.964    40.800    -2.18    6.65
-223801.789    38.860    -5.16    6.81
-223425.612    39.213     0.94    7.30
-223049.433    39.767     1.47    6.95
-222673.253    40.699     2.48    6.64
-222297.071    39.970    -1.94    6.53
-221920.887    36.808    -8.41    6.26
-221544.702    35.596    -3.22    5.32
-221168.514    35.459    -0.36    4.29
-220792.326    35.935     1.27    3.40
-220416.135    37.094     3.08    4.05
-220039.943    38.085     2.64    3.48
-219663.750    38.510     1.13    2.96
-219287.554    39.869     3.61    3.94
-218911.357    40.326     1.21    3.51
-218535.158    40.826     1.33    3.28
-218158.958    40.288    -1.43    3.48
-217782.756    38.852    -3.82    2.74
-217406.552    39.460     1.62    4.39
-217030.347    39.094    -0.97    5.06
-216654.140    38.767    -0.87    5.54
-216277.931    37.382    -3.68    5.44
-215901.720    34.862    -6.70    3.78
-215525.508    34.402    -1.22    3.84
-215149.294    34.591     0.50    4.31
-214773.079    36.664     5.51    5.43
-214396.861    36.126    -1.43    5.64
-214020.642    36.726     1.60    6.21
-213644.422    34.835    -5.03    6.78
-213268.199    32.431    -6.39    7.63
-212891.975    29.510    -7.76    8.37
-212515.750    25.456   -10.78    4.60
-212139.522    24.767    -1.83    4.07
-211763.293    24.458    -0.82    4.31
-211387.062    25.399     2.50    4.81
-211010.830    25.694     0.78    4.19
-210634.595    27.010     3.50    4.50
-210258.359    26.690    -0.85    4.26
-209882.122    26.792     0.27    4.24
-209505.882    26.981     0.50    5.20
-209129.641    28.348     3.63    5.45
-208753.398    29.591     3.30    4.96
-208377.154    32.267     7.11    4.82
-208000.907    35.360     8.22    5.35
-207624.659    38.348     7.94    5.65
-207248.410    39.997     4.38    5.35
-206872.158    40.433     1.16    5.50
-206495.905    40.510     0.20    6.04
-206119.650    40.997     1.29    5.75
-205743.393    41.895     2.39    6.45
-205367.135    42.773     2.33    6.58
-204990.875    44.149     3.66    6.07
-204614.613    44.537     1.03    5.04
-204238.349    44.294    -0.65    4.29
-203862.084    42.010    -6.07    5.87
-203485.817    39.510    -6.64    6.33
-203109.548    38.635    -2.33    6.42
-202733.278    39.563     2.47    6.91
-202357.005    40.300     1.96    5.71
-201980.731    41.321     2.71    5.35
-201604.455    39.459    -4.95    5.38
-201228.178    39.132    -0.87    5.05
-200851.899    39.972     2.23    5.38
-200475.617    41.997     5.38    6.45
-200099.335    43.326     3.53    6.83
-199723.050    43.429     0.27    6.44
-199346.764    44.305     2.33    7.52
-198970.476    46.721     6.42    6.76
-198594.186    46.149    -1.52    6.28
-198217.894    47.348     3.19    6.37
-197841.601    47.078    -0.72    5.79
-197465.305    48.429     3.59    5.80
-197089.008    49.905     3.92    5.74
-196712.710    50.542     1.69    5.29
-196336.409    48.895    -4.38    4.93
-195960.107    48.818    -0.20    4.72
-195583.803    49.844     2.73    4.36
-195207.497    51.433     4.22    2.85
-194831.189    51.375    -0.15    3.11
-194454.880    50.536    -2.23    3.14
-194078.569    50.563     0.07    3.70
-193702.256    50.221    -0.91    4.54
-193326.038    50.321     0.27    4.46
-192950.080    51.305     2.62    4.67
-192574.119    51.485     0.48    4.94
-192198.156    53.566     5.53    4.95
-191822.192    53.781     0.57    4.72
-191446.226    52.645    -3.02    4.62
-191070.258    52.726     0.22    4.73
-190694.288    54.240     4.03    5.82
-190318.317    56.567     6.19    6.12
-189942.343    57.160     1.58    5.83
-189566.368    56.177    -2.62    5.81
-189190.391    55.781    -1.05    5.97
-188814.412    54.459    -3.51    5.65
-188438.432    53.213    -3.31    5.64
-188062.450    52.537    -1.80    6.08
-187686.465    49.563    -7.91    5.20
-187310.479    47.613    -5.19    5.62
-186934.492    46.672    -2.50    6.74
-186558.502    43.984    -7.15    6.25
-186182.511    43.360    -1.66    7.61
-185806.517    40.621    -7.28    7.78
-185430.522    38.300    -6.17    7.56
-185054.525    35.402    -7.71    6.85
-184678.527    32.781    -6.97    5.44
-184302.526    31.483    -3.45    5.10
-183926.524    30.510    -2.59    4.55
-183550.520    30.510     0.00    4.94
-183174.514    31.254     1.98    4.85
-182798.506    30.781    -1.26    4.62
-182422.496    29.792    -2.63    3.62
-182046.485    29.946     0.41    2.53
-181670.471    30.690     1.98    2.58
-181294.456    31.326     1.69    2.24
-180918.439    31.126    -0.53    2.29
-180542.420    30.760    -0.97    2.37
-180166.399    30.116    -1.71    2.53
-179790.377    29.664    -1.20    2.71
-179414.352    29.687     0.06    2.93
-179038.326    29.408    -0.74    2.98
-178662.298    29.294    -0.30    3.41
-178286.268    28.645    -1.72    3.55
-177910.236    27.267    -3.67    3.38
-177534.203    26.121    -3.05    3.47
-177158.167    25.921    -0.53    3.09
-176782.130    26.144     0.60    3.15
-176406.090    27.159     2.70    2.74
-176030.049    27.510     0.93    2.21
-175654.006    28.300     2.10    1.93
-175277.961    28.485     0.49    1.97
-174901.915    28.564     0.21    2.13
-174525.866    28.074    -1.30    2.59
-174149.816    28.132     0.15    4.09
-173773.763    27.051    -2.87    4.59
-173397.709    24.808    -5.97    4.22
-173021.653    22.893    -5.09    1.69
-172645.595    22.664    -0.61    1.29
-172269.535    22.587    -0.20    1.40
-171893.473    22.927     0.90    1.63
-171517.410    22.564    -0.96    3.61
-171141.344    21.177    -3.69    5.13
-170765.277    21.089    -0.23    4.87
-170389.208    21.260     0.45    4.57
-170013.137    21.943     1.81    3.79
-169637.063    24.203     6.01    2.97
-169260.989    26.616     6.42    5.01
-168884.912    31.037    11.76    7.44
-168508.833    35.591    12.11    7.98
-168132.752    39.235     9.69    7.91
-167756.670    42.458     8.57    6.75
-167380.585    43.591     3.01    6.21
-167004.499    43.645     0.14    5.16
-166628.411    44.310     1.77    4.08
-166252.320    43.638    -1.79    4.33
-165876.228    44.254     1.64    5.50
-165500.134    45.149     2.38    5.57
-165124.039    45.168     0.05    5.19
-164747.941    43.835    -3.55    5.01
-164371.841    42.563    -3.38    3.71
-163995.739    41.910    -1.74    2.56
-163619.636    42.267     0.95    3.04
-163243.530    44.510     5.96    5.80
-162867.423    47.668     8.40    7.42
-162491.314    51.203     9.40    7.63
-162115.202    54.240     8.08    6.92
-161739.089    56.160     5.11    6.81
-161362.974    55.741    -1.11    7.35
-160986.857    54.024    -4.57    9.29
-160610.738    51.510    -6.68    9.19
-160234.617    47.835    -9.77    6.85
-159858.494    47.715    -0.32    5.80
-159482.369    48.459     1.98    4.38
-159106.243    47.510    -2.52    3.98
-158730.114    47.741     0.61    3.90
-158353.983    47.510    -0.61    4.27
-157977.851    48.955     3.84    3.32
-157601.716    48.664    -0.77    4.63
-157225.580    47.352    -3.49    6.82
-156849.441    45.562    -4.76    7.84
-156473.301    42.537    -8.04    8.15
-156097.159    42.460    -0.20    7.62
-155721.014    41.889    -1.52    6.86
-155344.868    41.185    -1.87    6.26
-154968.720    41.869     1.82    6.70
-154592.570    43.483     4.29    6.96
-154216.418    46.267     7.40    6.74
-153840.264    48.591     6.18    4.67
-153464.108    49.240     1.72    3.68
-153087.950    48.382    -2.28    3.39
-152711.790    46.427    -5.20    3.48
-152335.628    46.100    -0.87    4.54
-151959.464    47.352     3.33    4.84
-151583.298    47.024    -0.87    5.23
-151207.130    43.946    -8.18    7.85
-150830.960    39.879   -10.81    8.44
-150454.788    36.537    -8.88    6.91
-150078.614    35.213    -3.52    6.22
-149702.439    38.074     7.61    6.52
-149326.261    40.348     6.04    5.99
-148950.081    41.280     2.48    4.68
-148573.899    41.610     0.88    4.96
-148197.716    40.196    -3.76    5.65
-147821.530    36.483    -9.87    7.03
-147445.342    32.889    -9.56    7.04
-147069.152    30.456    -6.47    5.79
-146692.961    29.510    -2.51    5.28
-146316.767    29.927     1.11    5.75
-145940.571    32.685     7.33    6.74
-145564.373    35.254     6.83    5.70
-145188.174    32.754    -6.65    9.71
-144811.972    26.331   -17.07   12.16
-144435.768    19.642   -17.78   10.44
-144059.562    15.074   -12.14    5.48
-143683.355    18.078     7.98    9.78
-143307.145    24.638    17.44   12.35
-142930.933    30.983    16.86   11.10
-142554.719    35.946    13.19    5.63
-142178.504    34.972    -2.59    3.58
-141802.286    32.260    -7.21    4.28
-141426.066    29.997    -6.02    5.45
-141049.844    31.348     3.59    8.27
-140673.620    35.997    12.36    9.91
-140297.394    42.294    16.74    6.77
-139921.166    44.399     5.60    4.08
-139544.936    47.023     6.97    6.48
-139168.704    51.613    12.20   18.33
-138792.470    53.773     5.74   20.85
-138416.234    54.116     0.91   24.45
-138039.996    49.331   -12.72   14.18
-137663.756    45.074   -11.31    9.82
-137287.513    42.943    -5.67    4.73
-136911.269    42.767    -0.47    3.13
-136535.023    42.983     0.57    2.91
-136158.775    42.869    -0.30    2.42
-135782.524    42.931     0.16    2.20
-135406.272    43.010     0.21    1.90
-135030.017    42.408    -1.60    2.35
-134653.761    42.063    -0.92    3.24
-134277.502    42.699     1.69    4.75
-133901.242    43.754     2.80    5.30
-133524.979    44.899     3.04    5.14
-133148.714    45.221     0.85    4.55
-132772.447    44.869    -0.93    4.02
-132396.178    44.943     0.20    4.32
-132019.907    45.741     2.12    5.45
-131643.634    46.792     2.79    5.66
-131267.359    48.767     5.25    4.69
-130891.082    49.051     0.76    4.37
-130514.803    47.972    -2.87    4.75
-130138.522    46.078    -5.03    4.57
-129762.238    44.672    -3.73    3.90
-129385.953    45.754     2.87    4.90
-129009.665    46.823     2.84    4.64
-128633.376    46.869     0.12    4.37
-128257.084    48.074     3.20    4.93
-127880.790    49.010     2.49    4.54
-127504.495    50.326     3.50    4.22
-127128.197    52.205     4.99    3.30
-126751.897    50.563    -4.36    3.57
-126375.595    49.023    -4.09    3.64
-125999.290    48.645    -1.00    4.08
-125622.984    47.379    -3.37    4.38
-125246.676    47.037    -0.91    4.39
-124870.365    46.946    -0.24    4.20
-124494.053    46.240    -1.88    3.70
-124117.738    46.635     1.05    3.40
-123741.421    47.221     1.56    2.89
-123365.102    48.375     3.07    3.04
-122988.781    48.997     1.65    2.96
-122612.458    49.121     0.33    3.42
-122236.133    48.767    -0.94    3.85
-121859.806    47.408    -3.61    3.65
-121483.476    46.371    -2.75    4.14
-121107.145    45.668    -1.87    4.25
-120730.811    44.294    -3.65    3.87
-120354.475    43.927    -0.98    4.47
-119978.137    44.035     0.29    4.22
-119601.797    43.294    -1.97    4.01
-119225.455    44.168     2.32    4.17
-118849.111    45.352     3.15    3.55
-118472.765    46.735     3.67    4.14
-118096.664    49.943     8.53    7.16
-117720.740    51.635     4.50    7.26
-117344.814    52.408     2.05    5.55
-116968.885    51.889    -1.38    4.00
-116592.954    50.483    -3.74    4.25
-116217.022    47.889    -6.90    4.33
-115841.087    47.010    -2.34    4.13
-115465.150    46.792    -0.58    4.18
-115089.210    46.788    -0.01    4.27
-114713.269    47.510     1.92    4.92
-114337.326    46.800    -1.89    4.64
-113961.380    45.427    -3.65    3.14
-113585.432    46.408     2.61    4.96
-113209.482    46.151    -0.68    4.79
-112833.530    45.536    -1.64    4.06
-112457.576    45.589     0.14    3.06
-112081.620    47.254     4.43    6.52
-111705.661    47.649     1.05    6.92
-111329.701    47.160    -1.30    6.83
-110953.738    47.638     1.27    7.21
-110577.773    48.282     1.71    6.90
-110201.806    51.537     8.66    8.64
-109825.837    53.997     6.54    9.20
-109449.865    55.375     3.67   10.23
-109073.891    55.690     0.84    9.69
-108697.916    55.240    -1.20    5.79
-108321.938    57.935     7.17    7.64
-107945.958    58.510     1.53    6.75
-107569.975    57.402    -2.95    5.29
-107193.991    56.194    -3.21    6.90
-106818.004    53.613    -6.87    6.22
-106442.016    52.694    -2.44    5.32
-106066.025    53.510     2.17    6.27
-105690.031    57.792    11.39    7.80
-105314.036    65.943    21.68   12.76
-104938.039    72.664    17.88   16.30
-104562.039    75.433     7.36   15.92
-104186.037    73.367    -5.49   18.56
-103810.033    66.348   -18.67   20.40
-103434.027    56.889   -25.16   11.57
-103058.018    54.589    -6.12    6.41
-102682.008    58.638    10.77   10.23
-102305.995    61.816     8.45   10.58
-101929.980    61.657    -0.42    9.82
-101553.962    58.664    -7.96    8.39
-101177.943    53.943   -12.56    7.23
-100801.921    52.024    -5.10    6.31
-100425.898    51.405    -1.65    5.42
-100049.871    52.664     3.35    5.34
 -99673.843    57.371    12.52   10.03
 -99297.813    64.203    18.17   16.31
 -98921.780    65.594     3.70   17.02
 -98545.745    63.126    -6.56   18.31
 -98169.708    58.972   -11.05   18.10
 -97793.669    52.917   -16.10    6.91
 -97417.627    53.943     2.73    7.44
 -97041.584    56.078     5.68    7.94
 -96665.538    57.754     4.46    6.73
 -96289.489    59.037     3.41    5.39
 -95913.439    57.916    -2.98    5.34
 -95537.386    55.228    -7.15    6.53
 -95161.331    53.023    -5.86    6.39
 -94785.274    51.126    -5.05    5.28
 -94409.215    49.726    -3.72    4.40
 -94033.154    50.563     2.22    4.22
 -93657.090    50.049    -1.37    4.04
 -93281.024    49.955    -0.25    3.57
 -92904.955    51.151     3.18    4.30
 -92528.885    52.645     3.97    4.52
 -92152.812    53.194     1.46    3.66
 -91776.737    51.818    -3.66    4.66
 -91400.660    49.510    -6.14    5.02
 -91024.580    47.431    -5.53    4.40
 -90648.499    46.642    -2.10    4.09
 -90272.415    47.186     1.45    4.13
 -89896.329    47.844     1.75    3.98
 -89520.240    47.808    -0.10    4.12
 -89144.149    47.869     0.16    4.00
 -88768.056    47.869     0.00    3.94
 -88391.961    47.300    -1.51    4.03
 -88015.864    47.326     0.07    4.41
 -87639.764    45.972    -3.60    4.19
 -87263.662    46.100     0.34    4.39
 -86887.557    47.177     2.86    4.49
 -86511.451    47.273     0.26    4.63
 -86135.342    47.159    -0.30    4.51
 -85759.231    47.564     1.08    4.58
 -85383.118    46.792    -2.05    4.28
 -85007.002    46.635    -0.42    6.54
 -84630.884    47.972     3.55    7.68
 -84254.764    48.921     2.52    7.16
 -83878.641    48.844    -0.20    7.36
 -83502.516    47.510    -3.54    5.17
 -83126.389    46.429    -2.87    4.72
 -82750.260    45.741    -1.83    4.43
 -82374.128    46.484     1.98    4.62
 -81997.995    49.379     7.70    9.80
 -81621.858    52.642     8.68   10.21
 -81245.720    56.613    10.56   10.07
 -80869.579    61.610    13.29   14.33
 -80493.436    64.591     7.93   16.07
 -80117.291    64.300    -0.78   16.89
 -79741.143    59.037   -13.99   10.17
 -79364.993    54.456   -12.18    7.11
 -78988.841    51.456    -7.98    6.48
 -78612.686    47.922    -9.40    4.36
 -78236.529    47.280    -1.71    3.87
 -77860.370    47.536     0.68    3.99
 -77484.209    47.760     0.60    3.33
 -77108.045    48.715     2.54    3.57
 -76731.879    49.260     1.45    3.26
 -76355.710    49.203    -0.15    3.16
 -75979.539    49.405     0.54    4.18
 -75603.366    49.767     0.96    3.62
 -75227.191    49.429    -0.90    2.78
 -74851.013    47.997    -3.81    5.74
 -74474.833    44.632    -8.95    8.30
 -74098.651    39.760   -12.95    9.88
 -73722.466    36.484    -8.71    8.89
 -73346.279    33.159    -8.84    5.92
 -72970.090    32.997    -0.43    6.52
 -72593.898    33.321     0.86    6.63
 -72217.704    32.167    -3.07    5.70
 -71841.508    31.435    -1.95    6.04
 -71465.309    30.335    -2.92    5.74
 -71089.108    29.456    -2.34    5.62
 -70712.905    31.485     5.39    7.44
 -70336.699    33.594     5.61    8.78
 -69960.491    34.221     1.67    9.26
 -69584.281    39.792    14.81   19.55
 -69208.068    36.510    -8.72   15.85
 -68831.853    33.672    -7.54   11.49
 -68455.636    34.326     1.74   10.24
 -68079.416    34.185    -0.37    8.11
 -67703.194    36.375     5.82    7.70
 -67326.969    36.792     1.11    7.86
 -66950.742    35.510    -3.41    7.93
 -66574.513    35.159    -0.93    7.66
 -66198.282    35.375     0.57    7.94
 -65822.048    37.677     6.12    7.90
 -65445.811    38.613     2.49    7.66
 -65069.573    40.235     4.31    6.07
 -64693.332    39.618    -1.64    5.33
 -64317.088    38.535    -2.88    6.01
 -63940.843    38.221    -0.84    7.05
 -63564.595    36.800    -3.78    7.46
 -63188.344    34.379    -6.43    8.77
 -62812.091    32.300    -5.53    9.25
 -62435.836    31.038    -3.35    8.37
 -62059.578    30.510    -1.40    6.94
 -61683.318    30.560     0.13    4.24
 -61307.056    29.760    -2.13    3.69
 -60930.791    30.228     1.24    4.05
 -60554.524    30.613     1.02    4.14
 -60178.254    31.726     2.96    3.37
 -59801.982    33.781     5.46    3.96
 -59425.708    34.371     1.57    4.79
 -59049.431    36.023     4.39    8.44
 -58673.152    39.100     8.18   17.58
 -58296.871    39.159     0.16   20.72
 -57920.587    34.760   -11.69   20.41
 -57544.300    28.510   -16.61   14.48
 -57168.012    23.826   -12.45    6.98
 -56791.721    21.159    -7.09    5.64
 -56415.427    21.126    -0.09    5.01
 -56039.131    22.151     2.73    5.63
 -55662.833    23.760     4.28    5.84
 -55286.532    24.818     2.81    5.39
 -54910.229    24.177    -1.70    5.42
 -54533.923    22.741    -3.82    5.89
 -54157.615    20.254    -6.61    6.66
 -53781.305    18.393    -4.95    6.92
 -53404.992    15.456    -7.80    5.27
 -53028.677    17.326     4.97    7.27
 -52652.359    21.168    10.21   11.04
 -52276.039    28.305    18.97   12.67
 -51899.716    34.781    17.21   12.08
 -51523.391    39.185    11.70    8.03
 -51147.064    43.305    10.95    4.73
 -50770.734    45.773     6.56    2.91
 -50394.402    47.564     4.76    2.20
 -50018.067    48.773     3.21    1.77
 -49641.730    48.510    -0.70    2.04
 -49265.391    48.038    -1.25    2.52
 -48889.049    46.946    -2.90    2.30
 -48512.704    46.288    -1.75    1.84
 -48136.357    46.458     0.45    2.05
 -47760.008    46.664     0.55    1.99
 -47383.656    45.635    -2.73    2.23
 -47007.302    45.618    -0.04    3.59
 -46630.945    45.694     0.20    4.03
 -46254.586    46.564     2.31    3.80
 -45878.224    47.921     3.60    3.39
 -45501.860    47.132    -2.10    4.07
 -45125.494    47.023    -0.29    3.89
 -44749.125    46.664    -0.95    3.61
 -44372.754    46.331    -0.89    5.21
 -43996.380    47.159     2.20    7.00
 -43620.003    50.203     8.09    8.98
 -43243.625    52.356     5.72    9.64
 -42867.681    53.267     2.42   11.87
 -42491.792    52.613    -1.74    9.82
 -42115.900    53.970     3.61    9.72
 -41740.006    56.379     6.41   10.34
 -41364.109    61.074    12.49   11.80
 -40988.210    65.104    10.72   11.22
 -40612.308    68.280     8.45   11.83
 -40236.404    71.536     8.66   12.71
 -39860.497    78.375    18.19   19.96
 -39484.588    87.638    24.64   26.85
 -39108.676    96.159    22.67   31.16
 -38732.762   101.049    13.01   29.43
 -38356.846   108.972    21.08   26.71
 -37980.927   107.642    -3.54   23.31
 -37605.005   107.010    -1.68   17.30
 -37229.081   109.433     6.45   19.47
 -36853.155   109.126    -0.82   21.73
 -36477.226   108.159    -2.57   26.92
 -36101.294   101.379   -18.04   29.88
 -35725.360    87.618   -36.60   24.05
 -35349.424    89.375     4.67   27.19
 -34973.485    90.589     3.23   26.30
 -34597.543    89.010    -4.20   22.51
 -34221.599    84.459   -12.11   25.87
 -33845.653    70.126   -38.13   28.17
 -33469.704    54.455   -41.68   22.50
 -33093.752    42.280   -32.38   17.13
 -32717.798    36.024   -16.64    7.73
 -32341.841    34.997    -2.73    5.19
 -31965.882    35.826     2.20    4.65
 -31589.921    37.247     3.78    4.25
 -31213.957    38.294     2.78    5.18
 -30837.990    38.869     1.53    5.96
 -30462.021    38.100    -2.05    5.43
 -30086.049    38.916     2.17    8.34
 -29710.075    37.754    -3.09    8.54
 -29334.099    37.916     0.43    8.61
 -28958.119    37.754    -0.43    7.40
 -28582.138    35.645    -5.61    4.90
 -28206.154    33.834    -4.82    4.22
 -27830.167    34.844     2.69   10.04
 -27454.177    35.049     0.55   12.43
 -27078.186    32.205    -7.56   14.90
 -26702.191    26.741   -14.53   17.66
 -26326.194    19.564   -19.09   14.56
 -25950.195    13.433   -16.31    9.98
 -25574.193     9.537   -10.36    7.75
 -25198.188     7.818    -4.57    7.60
 -24822.181     4.726    -8.22    5.63
 -24446.172     4.382    -0.92    5.57
 -24070.159     5.460     2.87    7.22
 -23694.145    10.927    14.54   11.16
 -23318.127    15.213    11.40   13.23
 -22942.108    20.510    14.09   14.25
 -22566.085    26.294    15.38   12.35
 -22190.060    30.943    12.36    8.52
 -21814.033    32.788     4.91    6.02
 -21438.003    32.435    -0.94    6.84
 -21061.970    31.485    -2.53    5.94
 -20685.935    30.429    -2.81    6.11
 -20309.897    29.356    -2.85    5.89
 -19933.857    29.037    -0.85    5.35
 -19557.814    28.563    -1.26    4.32
 -19181.768    28.089    -1.26    3.66
 -18805.720    26.818    -3.38    4.20
 -18429.670    26.456    -0.96    4.59
 -18053.617    26.247    -0.56    5.23
 -17677.561    24.985    -3.36    5.68
 -17301.502    23.983    -2.67    4.45
 -16925.442    22.826    -3.08    3.72
 -16549.378    22.429    -1.06    2.71
 -16173.312    21.159    -3.38    4.82
 -15797.243    19.483    -4.46    6.99
 -15421.172    19.038    -1.18    8.23
 -15045.098    17.767    -3.38    8.28
 -14669.022    17.997     0.61    9.34
 -14292.943    19.159     3.09    8.42
 -13916.861    19.408     0.66    7.94
 -13540.777    21.589     5.80    5.51
 -13164.690    22.177     1.56    4.21
 -12788.601    20.818    -3.61    5.39
 -12412.509    20.946     0.34    5.63
 -12036.414    19.705    -3.30    5.65
 -11660.317    16.063    -9.68    7.87
 -11284.217    13.408    -7.06    9.76
 -10908.114    11.844    -4.16   10.90
 -10532.009    11.203    -1.70   11.02
 -10155.902    14.483     8.72   14.21
  -9779.791    20.943    17.17   19.14
  -9403.679    21.943     2.66   10.49
  -9027.563    21.927    -0.04    7.79
  -8651.445    22.203     0.73    7.56
  -8275.324    21.960    -0.64    8.29
  -7899.201    22.105     0.38    8.61
  -7523.075    22.310     0.55   10.24
  -7146.946    21.905    -1.08   10.80
  -6770.815    20.254    -4.39   11.25
  -6394.681    16.747    -9.32   11.84
  -6018.544    14.818    -5.13   11.78
  -5642.405    18.233     9.08   15.39
  -5266.264    23.618    14.32   20.34
  -4890.119    24.100     1.28   20.39
  -4513.972    24.682     1.55   20.30
  -4137.822    24.408    -0.73   23.31
  -3761.670    16.203   -21.81   20.40
  -3385.515    20.510    11.45   27.95
  -3009.357    34.835    38.08   46.41
  -2633.197    51.233    43.59   49.50
  -2257.034    58.331    18.87   47.61
  -1880.869    60.291     5.21   44.16
  -1504.700    55.537   -12.64   39.70
  -1128.529    42.356   -35.04   39.01
   -752.356    28.089   -37.93   35.53
   -376.180    14.616   -35.82   27.44
     -0.001     2.429   -32.40    6.91
    376.181     1.610    -2.18    5.59
    752.365     3.826     5.89    7.02
   1128.552     6.456     6.99    6.86
   1504.741     7.168     1.89    6.01
   1880.933     8.927     4.68    5.61
   2257.128     9.049     0.32    5.06
   2633.326     8.997    -0.14    5.07
   3009.526     9.788     2.10    4.83
   3385.729     9.348    -1.17    5.05
   3761.934     9.699     0.93    4.73
   4138.143    11.063     3.62    5.16
   4514.353    13.860     7.44    6.83
   4890.567    14.943     2.88    6.48
   5266.783    17.433     6.62    6.55
   5643.002    18.458     2.72    6.76
   6019.224    17.668    -2.10    5.71
   6395.448    15.726    -5.16    3.33
   6771.675    14.560    -3.10    3.33
   7147.905    13.037    -4.05    4.30
   7524.137    11.233    -4.80    4.31
   7900.372     9.294    -5.15    3.79
   8276.610     8.899    -1.05    3.93
   8652.851     8.459    -1.17    4.04
   9029.094     7.562    -2.39    3.03
   9405.340     7.482    -0.21    2.27
   9781.588     6.997    -1.29    2.48
  10157.840     6.781    -0.57    2.68
  10534.094     6.456    -0.86    3.50
  10910.350     6.710     0.68    4.03
  11286.610     6.456    -0.68    4.03
  11662.872     5.664    -2.11    3.57
  12039.137     4.997    -1.77    3.11
  12415.405     3.946    -2.79    1.87
  12791.675     3.754    -0.51    1.91
  13167.948     4.435     1.81    2.07
  13544.224     5.747     3.49    3.24
  13920.502     6.927     3.14    3.46
  14296.783     8.510     4.21    4.10
  14673.067     8.726     0.57    2.86
  15049.354     9.747     2.71    2.54
  15425.643    10.792     2.78    2.69
  15801.935    12.104     3.49    2.45
  16178.230    12.484     1.01    2.73
  16554.528    12.997     1.36    2.71
  16930.828    13.943     2.51    2.02
  17307.131    14.638     1.85    1.85
  17683.437    15.294     1.74    1.81
  18059.746    15.638     0.92    1.92
  18436.057    15.997     0.95    1.92
  18812.371    15.792    -0.55    1.97
  19188.688    15.402    -1.04    2.02
  19565.007    15.459     0.15    1.73
  19941.329    16.142     1.81    2.64
  20317.654    17.871     4.60    4.09
  20693.982    18.943     2.85    4.93
  21070.313    20.835     5.03    5.88
  21446.646    21.781     2.51    5.81
  21822.982    23.074     3.44    5.74
  22199.321    23.479     1.08    5.28
  22575.663    21.921    -4.14    4.66
  22952.007    21.408    -1.36    2.82
  23328.354    22.594     3.15    1.90
  23704.704    23.074     1.28    1.93
  24081.057    23.781     1.88    1.48
  24457.412    24.254     1.26    1.96
  24833.770    24.741     1.29    2.15
  25210.131    25.063     0.86    2.13
  25586.495    25.589     1.40    1.58
  25962.862    25.664     0.20    1.73
  26339.231    25.715     0.14    2.12
  26715.603    25.538    -0.47    2.55
  27091.978    25.267    -0.72    2.59
  27468.356    23.642    -4.32    3.20
  27844.736    22.618    -2.72    3.64
  28221.120    20.375    -5.96    3.84
  28597.506    19.569    -2.14    3.95
  28973.894    18.382    -3.15    4.11
  29350.286    17.792    -1.57    4.32
  29726.681    18.121     0.87    4.88
  30103.078    17.869    -0.67    4.68
  30479.478    17.816    -0.14    4.04
  30855.881    16.433    -3.67    4.26
  31232.286    14.852    -4.20    4.18
  31608.695    12.895    -5.20    4.39
  31985.004    10.402    -6.62    3.30
  32360.864     8.356    -5.44    3.61
  32736.727     6.291    -5.50    3.88
  33112.593     5.427    -2.30    4.19
  33488.462     4.074    -3.60    4.33
  33864.334     3.348    -1.93    4.93
  34240.208     3.267    -0.22    4.97
  34616.085     3.754     1.29    4.73
  34991.966     5.796     5.43    5.04
  35367.848     7.510     4.56    4.59
  35743.734     9.792     6.07    4.71
  36119.623    10.699     2.41    4.16
  36495.514    12.690     5.29    3.88
  36871.408    14.483     4.77    3.84
  37247.305    16.300     4.83    3.96
  37623.205    19.352     8.12    3.81
  37999.108    21.126     4.72    3.47
  38375.013    22.699     4.19    2.28
  38750.921    23.331     1.68    1.94
  39126.833    23.060    -0.72    1.88
  39502.747    22.955    -0.28    1.81
  39878.663    22.773    -0.48    1.69
  40254.583    22.726    -0.12    2.21
  40630.506    22.348    -1.01    2.13
  41006.431    22.889     1.44    2.28
  41382.359    23.233     0.91    2.31
  41758.290    23.735     1.34    2.13
  42134.224    23.408    -0.87    2.78
  42510.161    22.970    -1.17    2.94
  42886.100    22.767    -0.54    3.86
  43262.043    22.159    -1.62    5.07
  43637.988    21.379    -2.08    4.72
  44013.936    20.589    -2.10    4.89
  44389.887    19.356    -3.28    4.01
  44765.841    19.105    -0.67    2.24
  45141.798    19.010    -0.25    2.87
  45517.757    18.408    -1.60    3.22
  45893.720    18.288    -0.32    3.68
  46269.685    18.382     0.25    3.37
  46645.653    20.024     4.37    3.69
  47021.624    21.051     2.73    2.87
  47397.598    22.375     3.52    2.59
  47773.575    22.927     1.47    2.71
  48149.554    22.690    -0.63    2.58
  48525.537    21.382    -3.48    3.35
  48901.522    19.194    -5.82    3.93
  49277.510    16.844    -6.25    2.98
  49653.502    16.589    -0.68    3.25
  50029.496    16.946     0.95    3.37
  50405.493    17.331     1.02    3.51
  50781.492    16.023    -3.48    3.41
  51157.495    14.177    -4.91    4.03
  51533.501    11.694    -6.60    4.57
  51909.509    10.023    -4.45    4.44
  52285.521     9.677    -0.92    5.43
  52661.535    10.536     2.28    5.56
  53037.552    10.754     0.58    5.78
  53413.572    10.429    -0.86    4.50
  53789.595    10.943     1.37    3.26
  54165.621    12.094     3.06    3.54
  54541.650    13.613     4.04    3.65
  54917.681    15.235     4.31    3.78
  55293.716    16.726     3.97    3.95
  55669.753    17.785     2.82    3.03
  56045.794    18.616     2.21    2.85
  56421.837    19.485     2.31    2.15
  56797.883    20.694     3.22    1.98
  57173.933    20.972     0.74    2.04
  57549.985    21.316     0.91    1.97
  57926.040    21.431     0.31    1.67
  58302.098    20.895    -1.43    2.18
  58678.158    20.396    -1.33    2.69
  59054.222    20.023    -0.99    3.44
  59430.289    18.741    -3.41    3.52
  59806.358    17.970    -2.05    3.15
  60182.431    17.348    -1.65    3.30
  60558.506    16.233    -2.97    3.10
  60934.585    15.792    -1.17    3.38
  61310.666    14.730    -2.83    3.89
  61686.751    14.213    -1.37    4.43
  62062.838    14.785     1.52    4.39
  62438.928    16.037     3.33    4.07
  62815.021    17.767     4.60    4.04
  63191.117    20.591     7.51    3.24
  63567.216    21.885     3.44    2.58
  63943.318    22.943     2.81    1.95
  64319.423    23.294     0.93    1.96
  64695.531    23.668     0.99    2.09
  65071.642    24.596     2.47    1.79
  65447.755    25.074     1.27    1.43
  65823.872    25.331     0.68    1.32
  66199.992    25.371     0.11    1.17
  66576.114    25.429     0.15    1.12
  66952.240    25.186    -0.65    1.11
  67328.369    25.037    -0.40    1.27
  67704.500    25.135     0.26    1.66
  68080.635    25.213     0.21    1.90
  68456.772    24.946    -0.71    2.07
  68832.912    24.931    -0.04    2.63
  69209.056    24.589    -0.91    2.38
  69585.202    24.105    -1.29    2.25
  69961.352    24.010    -0.25    1.74
  70337.504    23.879    -0.35    1.81
  70713.659    23.970     0.24    1.74
  71089.818    23.984     0.04    1.69
  71465.979    24.149     0.44    1.29
  71842.143    24.433     0.76    1.24
  72218.310    24.074    -0.95    1.54
  72594.481    23.649    -1.13    1.97
  72970.654    22.564    -2.88    2.73
  73346.830    21.564    -2.66    2.83
  73723.009    20.326    -3.29    3.09
  74099.191    19.310    -2.70    3.24
  74475.377    18.456    -2.27    2.92
  74851.565    18.536     0.21    2.89
  75227.756    18.826     0.77    2.86
  75603.950    19.536     1.89    2.24
  75980.148    19.510    -0.07    2.29
  76356.348    17.585    -5.12    3.76
  76732.551    15.116    -6.57    4.43
  77108.757    12.788    -6.19    3.56
  77484.966    11.483    -3.47    3.35
  77861.179    11.927     1.18    3.46
  78237.394    12.408     1.28    4.06
  78613.612    13.638     3.27    4.69
  78989.834    15.710     5.51    3.60
  79366.058    17.429     4.57    3.07
  79742.285    18.186     2.01    2.47
  80118.516    18.781     1.58    2.41
  80494.749    19.160     1.01    2.21
  80870.986    18.375    -2.09    3.22
  81247.225    15.844    -6.73    4.46
  81623.468    13.089    -7.32    3.93
  81999.713     9.869    -8.56    5.16
  82375.962     6.835    -8.07    5.21
  82752.213     4.305    -6.72    5.76
  83128.468     1.668    -7.01    5.23
  83504.726    -0.129    -4.78    4.75
  83880.986    -2.192    -5.49    4.31
  84257.250    -3.949    -4.67    3.32
  84633.517    -3.911     0.10    3.29
  85009.787    -3.131     2.07    3.34
  85386.060    -3.365    -0.62    2.77
  85762.336    -3.306     0.16    2.57
  86138.615    -4.165    -2.29    2.68
  86514.897    -4.328    -0.43    2.82
  86891.182    -4.285     0.11    2.67
  87267.470    -3.598     1.83    1.81
  87643.761    -3.131     1.24    1.83
  88020.055    -2.362     2.04    2.49
  88396.353    -0.977     3.68    3.77
  88772.653     1.699     7.11    5.24
  89148.957     5.100     9.04    6.11
  89525.263     9.905    12.77    5.27
  89901.573    13.371     9.21    4.18
  90277.886    15.159     4.75    3.32
  90654.201    16.348     3.16    2.28
  91030.520    15.721    -1.67    3.25
  91406.842    14.844    -2.33    3.96
  91783.167    12.573    -6.03    3.94
  92159.495    10.958    -4.29    3.45
  92535.826    10.536    -1.12    3.41
  92912.161    10.672     0.36    3.54
  93288.498    10.433    -0.64    3.93
  93664.838    11.159     1.93    3.42
  94041.182    12.228     2.84    3.55
  94417.528    12.818     1.57    3.85
  94793.878    12.931     0.30    3.49
  95170.231    14.116     3.15    3.58
  95546.587    15.228     2.96    2.96
  95922.946    15.382     0.41    3.30
  96299.308    16.288     2.41    3.30
  96675.673    17.194     2.41    3.64
  97052.041    17.591     1.05    3.13
  97428.413    17.456    -0.36    3.69
  97804.787    15.972    -3.94    5.77
  98181.165    14.854    -2.97    6.24
  98557.545    12.946    -5.07    7.51
  98933.929     8.305   -12.33    9.94
  99310.316     4.733    -9.49   10.77
  99686.706    -1.515   -16.60    9.04
 100063.099    -5.517   -10.63    4.86
 100439.496    -6.541    -2.72    2.33
 100815.895    -6.753    -0.56    1.94
 101192.298    -6.358     1.05    1.96
 101568.703    -6.306     0.14    1.98
 101945.112    -5.028     3.39    4.22
 102321.524    -3.165     4.95    4.74
 102697.939    -2.030     3.01    4.56
 103074.357    -1.569     1.23    3.89
 103450.779    -1.595    -0.07    2.46
 103827.203    -1.463     0.35    2.43
 104203.631    -1.355     0.29    2.42
 104580.061    -0.884     1.25    3.08
 104956.495    -0.541     0.91    3.76
 105332.932    -1.567    -2.72    5.44
 105709.372    -3.073    -4.00    6.15
 106085.816    -5.464    -6.35    5.79
 106462.262    -6.406    -2.50    4.56
 106838.712    -6.182     0.60    4.82
 107214.862    -7.028    -2.25    5.59
 107590.691    -8.841    -4.82    5.01
 107966.523    -8.306     1.43    6.14
 108342.358    -6.105     5.85    8.06
 108718.196    -1.051    13.45    9.63
 109094.037     5.149    16.50    8.36
 109469.882     9.587    11.81    6.23
 109845.730    12.352     7.36    4.61
 110221.580    13.754     3.73    4.25
 110597.434    15.294     4.10    3.68
 110973.292    16.710     3.77    2.78
 111349.152    17.767     2.81    2.42
 111725.015    18.664     2.39    2.01
 112100.882    19.455     2.10    1.91
 112476.752    20.074     1.65    2.04
 112852.625    20.427     0.94    1.96
 113228.501    20.587     0.43    2.11
 113604.380    20.382    -0.55    2.10
 113980.263    20.037    -0.92    2.29
 114356.148    19.105    -2.48    2.18
 114732.037    18.536    -1.51    1.72
 115107.929    18.486    -0.13    1.60
 115483.824    18.871     1.03    2.17
 115859.723    20.049     3.13    2.86
 116235.624    21.273     3.26    3.18
 116611.529    22.186     2.43    2.77
 116987.437    22.348     0.43    2.22
 117363.348    21.396    -2.53    1.84
 117739.262    20.536    -2.29    1.93
 118115.180    19.997    -1.43    2.14
 118491.101    19.348    -1.73    2.36
 118867.025    18.049    -3.46    2.85
 119242.952    17.205    -2.25    3.58
 119618.882    16.063    -3.04    4.44
 119994.815    14.049    -5.36    4.53
 120370.752    11.879    -5.77    5.04
 120746.692     9.916    -5.22    4.64
 121122.635     7.844    -5.51    4.55
 121498.581     5.510    -6.21    4.12
 121874.531     4.260    -3.33    4.50
 122250.484     2.151    -5.61    4.60
 122626.439     0.456    -4.51    5.06
 123002.399    -1.463    -5.10    4.26
 123378.361    -3.165    -4.53    3.54
 123754.327    -5.347    -5.80    3.01
 124130.295    -6.140    -2.11    2.68
 124506.267    -5.926     0.57    3.28
 124882.243    -5.219     1.88    4.22
 125258.221    -3.541     4.46    4.54
 125634.203    -1.922     4.31    4.90
 126010.188     0.431     6.26    4.71
 126386.176     1.459     2.73    4.68
 126762.167     1.997     1.43    5.13
 127138.162     3.997     5.32    4.96
 127514.160     5.177     3.14    4.67
 127890.161     6.585     3.75    4.23
 128266.165     7.943     3.61    3.75
 128642.173     8.921     2.60    3.91
 129018.183    10.483     4.16    3.34
 129394.198    11.510     2.73    2.86
 129770.215    12.645     3.02    2.44
 130146.235    13.253     1.62    2.33
 130522.259    13.660     1.08    2.29
 130898.286    14.585     2.46    1.73
 131274.317    14.889     0.81    1.88
 131650.350    15.074     0.49    2.14
 132026.387    14.943    -0.35    2.30
 132402.427    14.721    -0.59    2.44
 132778.470    14.536    -0.49    3.25
 133154.517    14.203    -0.89    3.33
 133530.567    13.699    -1.34    4.25
 133906.620    13.379    -0.85    4.39
 134282.676    11.635    -4.64    4.50
 134658.736    11.132    -1.34    5.00
 135034.799    10.895    -0.63    4.78
 135410.865    10.699    -0.52    4.42
 135786.935    12.186     3.95    4.67
 136163.007    13.105     2.44    4.00
 136539.083    13.038    -0.18    3.57
 136915.163    14.331     3.44    3.93
 137291.245    14.210    -0.32    3.73
 137667.331    14.721     1.36    3.19
 138043.420    14.260    -1.22    3.56
 138419.513    13.694    -1.50    3.68
 138795.609    12.895    -2.13    3.61
 139171.708    11.587    -3.48    3.20
 139547.810    10.300    -3.42    3.32
 139923.916     9.781    -1.38    3.45
 140300.024     8.221    -4.15    3.38
 140676.137     7.135    -2.89    3.91
 141052.252     5.267    -4.97    3.93
 141428.371     4.023    -3.31    4.16
 141804.493     3.405    -1.64    3.97
 142180.619     3.024    -1.01    3.69
 142556.747     2.645    -1.01    4.65
 142932.879     2.132    -1.37    5.19
 143309.015     0.536    -4.24    4.99
 143685.153     0.285    -0.67    4.45
 144061.295    -0.436    -1.92    4.06
 144437.441    -0.915    -1.27    4.15
 144813.589    -1.358    -1.18    4.31
 145189.741    -3.079    -4.58    4.41
 145565.896    -4.156    -2.86    3.65
 145942.055    -4.095     0.16    4.50
 146318.217    -2.490     4.27    5.13
 146694.382     0.168     7.07    5.53
 147070.551     2.810     7.02    4.94
 147446.722     4.094     3.41    4.18
 147822.898     5.664     4.18    3.90
 148199.076     7.326     4.42    2.50
 148575.258     8.429     2.93    2.85
 148951.443     9.726     3.45    3.43
 149327.632    10.677     2.53    3.48
 149703.824    11.305     1.67    3.23
 150080.019    12.560     3.34    3.94
 150456.218    14.970     6.40    5.18
 150832.420    16.985     5.36    5.60
 151208.625    17.563     1.54    5.36
 151584.833    16.826    -1.96    4.94
 151961.045    14.405    -6.44    4.30
 152337.261    12.895    -4.01    3.65
 152713.479    12.168    -1.93    2.89
 153089.701    12.132    -0.10    3.01
 153465.927    12.210     0.21    2.74
 153842.156    11.402    -2.15    2.73
 154218.388    10.710    -1.84    2.93
 154594.623     9.664    -2.78    2.51
 154970.862     8.621    -2.77    2.53
 155347.104     8.970     0.93    2.99
 155723.350     9.427     1.22    3.16
 156099.599    10.510     2.88    3.56
 156475.851    11.910     3.72    3.89
 156852.107    12.510     1.59    3.25
 157228.366    14.010     3.99    3.94
 157604.628    14.280     0.72    4.54
 157980.894    13.905    -1.00    4.61
 158357.163    13.668    -0.63    3.90
 158733.436    14.433     2.03    4.27
 159109.712    14.352    -0.22    4.54
 159485.991    14.844     1.31    4.65
 159862.274    14.587    -0.68    4.00
 160238.560    14.537    -0.13    3.62
 160614.850    13.935    -1.60    3.17
 160991.143    13.023    -2.42    2.17
 161367.439    12.796    -0.60    1.98
 161743.739    13.186     1.04    1.92
 162120.042    13.862     1.80    2.03
 162496.348    14.300     1.16    2.38
 162872.658    14.844     1.45    2.81
 163248.972    14.862     0.05    2.83
 163625.288    14.485    -1.00    2.14
 164001.609    14.459    -0.07    1.92
 164377.932    14.405    -0.14    1.87
 164754.259    14.616     0.56    1.98
 165130.590    14.638     0.06    2.17
 165506.923    14.844     0.55    1.90
 165883.261    15.066     0.59    1.83
 166259.601    15.126     0.16    1.57
 166635.945    15.402     0.73    2.23
 167012.293    15.562     0.42    2.21
 167388.644    15.664     0.27    2.35
 167764.998    14.796    -2.31    2.53
 168141.356    14.726    -0.18    2.15
 168517.717    15.348     1.65    2.41
 168894.082    14.537    -2.16    2.40
 169270.450    14.100    -1.16    2.39
 169646.821    13.538    -1.49    2.44
 170023.196    12.388    -3.05    2.18
 170399.574    11.664    -1.92    2.06
 170775.956    11.483    -0.48    2.15
 171152.341    11.100    -1.02    1.60
 171528.730    11.221     0.32    1.72
 171905.122    12.100     2.34    2.16
 172281.518    12.186     0.23    2.61
 172657.917    12.049    -0.36    2.67
 173034.319    11.483    -1.50    3.04
 173410.725    10.587    -2.38    2.91
 173787.135    10.610     0.06    2.86
 174163.548    10.040    -1.52    2.82
 174539.964     9.943    -0.26    2.67
 174916.384     9.618    -0.86    2.38
 175292.807     9.456    -0.43    2.72
 175669.234     9.402    -0.14    3.32
 176045.664     8.677    -1.93    3.34
 176422.097     9.185     1.35    3.60
 176798.535     8.203    -2.61    3.60
 177174.975     6.889    -3.49    3.34
 177551.419     6.715    -0.46    3.66
 177927.867     5.879    -2.22    3.27
 178304.318     5.331    -1.46    3.79
 178680.772     4.213    -2.97    3.50
 179057.230     3.433    -2.07    2.71
 179433.691     3.260    -0.46    2.44
 179810.156     3.037    -0.59    2.23
 180186.625     3.335     0.79    2.19
 180563.097     3.767     1.15    2.43
 180939.572     4.408     1.70    2.46
 181316.051     5.456     2.79    2.07
 181692.533     5.997     1.44    2.22
 182069.019     6.429     1.15    2.17
 182444.968     6.677     0.66    2.35
 182820.765     6.895     0.58    2.36
 183196.564     7.074     0.48    2.12
 183572.368     6.984    -0.24    1.67
 183948.174     6.690    -0.78    1.67
 184323.984     6.203    -1.30    1.47
 184699.798     6.049    -0.41    1.29
 185075.615     5.997    -0.14    1.50
 185451.436     5.869    -0.34    2.01
 185827.260     5.344    -1.40    2.09
 186203.088     5.063    -0.75    2.60
 186578.919     4.785    -0.74    2.73
 186954.754     5.253     1.24    3.05
 187330.592     5.792     1.43    3.33
 187706.434     6.564     2.05    3.21
 188082.279     6.429    -0.36    3.03
 188458.127     5.321    -2.95    3.28
 188833.980     4.621    -1.86    3.00
 189209.835     4.305    -0.84    2.55
 189585.695     4.280    -0.07    2.45
 189961.557     4.405     0.33    2.30
 190337.424     2.767    -4.36    4.22
 190713.293     0.356    -6.41    4.73
 191089.167    -1.567    -5.12    4.35
 191465.044    -2.787    -3.25    2.80
 191840.924    -2.438     0.93    2.14
 192216.808    -2.323     0.31    2.01
 192592.695    -2.542    -0.58    1.97
 192968.586    -2.565    -0.06    2.56
 193344.481    -3.118    -1.47    2.38
 193720.379    -2.259     2.29    2.78
 194096.281    -0.733     4.06    2.95
 194472.186     0.294     2.73    2.75
 194848.094     1.456     3.09    2.34
 195224.006     2.121     1.77    2.60
 195599.922     2.855     1.95    2.88
