# NaN NaN NaN ;Mean Elev.(m), Avg Gradient(m/km), RMS Gradient(m/km) - SRTM1     
#   26.344  -0.572   2.924 ;Mean Elev.(m), Avg Gradient(m/km), RMS Gradient(m/km) - ASTER GDEM
#   21.684  -0.770   2.286 ;Mean Elev.(m), Avg Gradient(m/km), RMS Gradient(m/km) - GMTED2010 
  8 293.547759   7.546746    36.133    36.130  6 52480.60447901 44.390
  9 293.557769   7.551261    35.733    35.712  6 52515.60442793 32.557
 10 293.548699   7.548359    33.809    33.762  6 52550.60447556 28.573
 11 293.563045   7.557762    30.922    30.912  4 52585.60444721 25.428
 12 293.549624   7.546998    29.522    29.560  6 52620.60443153 18.356
 15 293.553880   7.547506    25.010    25.070  8 52725.60445948 23.018
 17 293.560502   7.554989    32.117    32.147  5 52795.60443208 32.201
 18 293.562374   7.556379    33.801    33.778  5 52830.60449842 37.128
 19 293.564350   7.558266    35.884    35.887  4 52865.60454200 38.091
 20 293.550884   7.547067    34.965    34.946  7 52900.60457328 29.300
 21 293.549583   7.546859    33.133    33.149  7 52935.60451548 28.147
 22 293.551918   7.546064    31.942    31.963  7 52970.60453678 23.946
 23 293.546348   7.547720    28.942    28.727  5 53005.60455191 24.946
 24 293.550750   7.548098    27.446    27.646  7 53040.60450217 16.504
 25 293.548840   7.548146    27.061    27.340  6 53075.60453495 17.621
 26 293.547393   7.547549    26.952    27.015  6 53110.60450480 17.372
 27 293.550201   7.547253    30.912    30.928  6 53145.60454687 33.553
 28 293.557249   7.550817    34.041    34.000  7 53180.60455628 30.245
 29 293.551001   7.548118    35.914    35.887  7 53215.60457942 44.235
 30 293.549860   7.547663    35.550    35.558  6 53250.60455469 31.148
 31 293.547795   7.547338    34.411    34.413  6 53285.60454910 40.409
 32 293.563145   7.557386    31.469    31.481  4 53320.60452706 27.995
 33 293.559901   7.554577    31.006    30.947  6 53355.60449661 15.746
 34 293.551937   7.545756    27.557    27.421  7 53390.60450821 18.003
 35 293.558719   7.552825    30.222    30.301  5 53425.60450398 12.033
 36 293.560062   7.553753    27.156    27.525  5 53460.60451154 16.977
 38 293.559597   7.554101    32.329    32.330  5 53530.60456992 41.433
 39 293.545489   7.544719    33.828    33.841  5 53565.60460032 41.779
 40 293.554677   7.547592    34.827    34.817  8 53600.60454230 47.759
 41 293.549455   7.546768    33.627    33.643  7 53635.60453953 26.910
 42 293.547574   7.548247    30.609    30.580  6 53670.60456074 20.872
 43 293.561076   7.556118    31.139    31.106  5 53705.60449279 19.929
 44 293.556777   7.550093    29.615    30.638  6 53740.60440641 23.633
 45 293.560182   7.554317    29.091    29.466  5 53775.60442695 14.112
 46 293.555386   7.549291    26.314    26.352  7 53810.60440911 18.910
 47 293.550664   7.547456    26.775    26.784  6 53845.60445524 18.420
 48 293.558265   7.551320    31.510    31.471  6 53880.60448025 30.626
 51 293.552395   7.547787    35.531    35.529  7 53985.60448405 34.629
 52 293.554920   7.549008    32.590    32.577  7 54020.60452266 24.348
 53 293.563600   7.556869    31.220    31.172  4 54055.60451268 26.166
 54 293.553682   7.547348    29.449    29.444  7 54090.60450137 17.849
 55 293.555525   7.549279    26.832    26.730  7 54125.60442945 18.478
 56 293.551659   7.546254    26.928    26.928  7 54160.60446914 14.817
 57 293.554319   7.547697    26.079    25.935  7 54195.60443173 21.977
 58 293.553664   7.547757    28.639    28.628  7 54230.60448076 18.741
 59 293.553951   7.546618    32.349    32.355  7 54265.60449877 26.666
 60 293.554789   7.548309    35.673    35.673  7 54300.60450320 46.687
 61 293.553590   7.547030    35.376    35.402  7 54335.60449201 34.985
 63 293.552575   7.547615    32.706    32.735  7 54405.60443666 25.203
 64 293.554861   7.546882    30.718    30.815  7 54440.60439416 19.567
 65 293.555245   7.549014    29.043    27.673  7 54475.60442360 18.927
 66 293.555069   7.548965    27.202    26.705  7 54510.60440891 20.514
 67 293.553587   7.547581    26.999    27.380  8 54545.60443799 18.847
 68 293.555740   7.549109    25.681    25.755  6 54580.60440381 26.484
 69 293.554731   7.547934    29.476    29.423  7 54615.60442722 18.996
 70 293.551676   7.547330    33.379    33.366  6 54650.60443979 32.427
 71 293.552877   7.547682    35.516    35.527  7 54685.60443295 29.787
 72 293.555518   7.547905    34.892    34.884  7 54720.60438395 38.392
 73 293.553105   7.548694    32.320    32.313  7 54755.60440782 24.206
 74 293.552809   7.546480    31.379    31.400  7 54790.60437810 38.039
 75 293.553892   7.546786    29.888    29.716  8 54825.60440401 20.893
 76 293.555288   7.548517    28.581    28.028  7 54860.60437112 19.878
 77 293.551412   7.546861    27.344    27.278  7 54895.60440552 16.434
 78 293.552435   7.546658    26.841    26.770  7 54930.60436897 16.298
 79 293.553186   7.548600    28.473    28.454  7 54965.60440486 18.810
 80 293.550275   7.547083    30.390    30.395  6 55000.60442584 24.430
 81 293.554746   7.548016    33.895    33.924  7 55035.60441070 27.227
 82 293.552752   7.546644    34.875    34.900  7 55070.60440048 39.922
 83 293.552695   7.546745    32.350    32.363  7 55105.60434342 25.252
 84 293.552880   7.548311    30.063    30.051  7 55140.60434950 18.278
 85 293.555956   7.549200    28.109    27.977  6 55175.60431031 18.899
 86 293.553260   7.547778    27.711    27.376  7 55210.60434452 15.332
 87 293.553380   7.547504    26.774    26.924  7 55245.60431682 15.588
 88 293.552038   7.546532    27.945    28.098  7 55280.60433806 13.713
 89 293.552258   7.546129    29.614    29.661  7 55315.60430415 19.556
 90 293.553333   7.548493    32.529    32.603  7 55350.60430954 24.450
 91 293.552890   7.548641    34.496    34.455  7 55385.60430333 27.308
 92 293.554190   7.546945    35.868    35.914  8 55420.60432782 31.587
 93 293.553055   7.547161    34.862    34.868  8 55455.60430446 31.430
 94 293.553706   7.547579    32.664    32.629  7 55490.60422254 23.581
