-125243.473     9.101     0.00    2.72
-124867.439     9.693     1.58    3.03
-124491.409    10.700     2.68    3.83
-124115.382    11.284     1.55    3.88
-123739.359    11.581     0.79    3.87
-123363.340    12.030     1.19    3.81
-122987.324    10.852    -3.13    4.19
-122611.312    10.176    -1.80    4.45
-122235.303     9.419    -2.01    4.28
-121859.297     9.746     0.87    3.48
-121483.296     9.722    -0.06    3.45
-121107.297     9.539    -0.49    3.82
-120731.303     9.158    -1.01    4.65
-120355.311     8.877    -0.75    4.89
-119979.324     7.602    -3.39    4.91
-119603.340     7.748     0.39    4.58
-119227.359     8.509     2.02    4.20
-118851.382     8.030    -1.27    3.54
-118475.408     7.696    -0.89    2.61
-118099.438     7.275    -1.12    1.74
-117723.472     7.311     0.10    1.84
-117347.509     7.361     0.13    1.91
-116971.549     8.030     1.78    2.66
-116595.593     8.436     1.08    2.77
-116219.641     8.608     0.46    2.79
-115843.692     8.690     0.22    2.39
-115467.746     8.879     0.50    2.26
-115091.804     9.645     2.04    2.77
-114715.865    10.710     2.83    2.95
-114339.930    11.286     1.53    3.36
-113963.999    12.009     1.92    3.21
-113588.071    12.908     2.39    3.48
-113212.146    12.543    -0.97    3.94
-112836.225    11.693    -2.26    3.68
-112460.308    11.337    -0.95    3.24
-112084.394    10.209    -3.00    3.25
-111708.483     9.775    -1.16    2.95
-111332.576     9.176    -1.59    2.76
-110956.672     9.191     0.04    2.48
-110580.772     9.184    -0.02    2.52
-110204.876     9.602     1.11    2.55
-109828.982    10.284     1.81    2.69
-109453.093    11.338     2.80    3.16
-109077.206    11.933     1.58    3.06
-108701.324    11.748    -0.49    3.02
-108325.444    11.025    -1.92    3.06
-107949.569    10.132    -2.37    3.00
-107573.696     9.535    -1.59    2.88
-107197.827     9.297    -0.63    3.07
-106821.962     9.645     0.93    3.07
-106446.100    10.209     1.50    3.20
-106070.241    10.081    -0.34    3.16
-105694.386    10.219     0.37    2.76
-105318.535    10.225     0.01    2.70
-104942.687    10.203    -0.06    2.53
-104566.842    10.678     1.26    3.17
-104191.001    10.927     0.66    3.83
-103815.163    11.019     0.24    3.87
-103439.328    10.717    -0.81    3.56
-103063.498    10.527    -0.50    2.84
-102687.670    10.284    -0.65    2.81
-102311.846    10.517     0.62    2.62
-101936.025    10.825     0.82    2.55
-101560.208    10.568    -0.68    2.29
-101184.395    11.219     1.73    2.48
-100808.584    11.436     0.58    2.77
-100432.777    11.235    -0.53    2.87
-100056.974    11.389     0.41    2.90
 -99681.174    10.671    -1.91    3.34
 -99305.377    10.535    -0.36    2.99
 -98929.584    10.650     0.30    3.34
 -98553.795    10.446    -0.54    3.40
 -98178.008    11.125     1.81    3.90
 -97802.225    12.620     3.98    7.06
 -97426.446    16.519    10.38   11.86
 -97050.670    20.798    11.39   16.71
 -96674.727    26.203    14.38   19.87
 -96298.280    27.635     3.81   19.39
 -95921.837    27.081    -1.47   17.16
 -95545.398    24.825    -5.99   15.58
 -95168.961    20.055   -12.67    9.24
 -94792.528    17.772    -6.07    6.36
 -94416.099    15.519    -5.99    2.83
 -94039.673    15.927     1.08    3.44
 -93663.250    16.620     1.84    3.96
 -93286.831    17.209     1.57    3.96
 -92910.415    17.902     1.84    3.94
 -92534.003    18.030     0.34    3.61
 -92157.594    18.404     0.99    4.08
 -91781.188    19.004     1.60    4.25
 -91404.786    19.650     1.71    4.53
 -91028.387    20.047     1.06    4.40
 -90651.992    20.311     0.70    4.41
 -90275.600    20.960     1.72    4.85
 -89899.211    19.987    -2.59    4.59
 -89522.826    19.440    -1.45    4.32
 -89146.444    17.682    -4.67    3.56
 -88770.066    17.175    -1.35    2.44
 -88393.691    17.377     0.54    2.72
 -88017.319    18.581     3.20    3.16
 -87640.951    19.876     3.44    2.80
 -87264.586    21.088     3.22    3.06
 -86888.225    21.953     2.30    3.16
 -86511.867    22.719     2.04    3.11
 -86135.512    22.671    -0.13    2.64
 -85759.160    22.960     0.77    2.46
 -85382.812    23.009     0.13    2.61
 -85006.468    23.450     1.17    2.76
 -84630.127    23.908     1.22    2.69
 -84253.789    23.798    -0.29    2.29
 -83877.454    23.203    -1.58    2.46
 -83501.123    23.419     0.57    2.67
 -83124.795    22.852    -1.51    2.46
 -82748.471    22.596    -0.68    2.59
 -82372.150    22.025    -1.52    2.54
 -81995.832    21.620    -1.08    2.67
 -81619.518    21.500    -0.32    3.05
 -81243.207    20.799    -1.86    3.08
 -80866.899    21.167     0.98    3.30
 -80490.595    20.562    -1.61    3.48
 -80114.294    20.246    -0.84    2.84
 -79737.996    19.184    -2.82    2.53
 -79361.702    18.257    -2.46    2.36
 -78985.411    17.509    -1.99    2.23
 -78609.123    16.825    -1.82    2.72
 -78232.839    16.053    -2.05    2.99
 -77856.558    14.825    -3.27    3.54
 -77480.281    13.392    -3.81    4.34
 -77104.006    12.014    -3.66    4.90
 -76727.735    10.906    -2.95    4.79
 -76351.468     9.880    -2.73    4.83
 -75975.204     9.800    -0.21    3.85
 -75598.943     9.850     0.13    3.41
 -75222.685     9.122    -1.94    3.48
 -74846.431     8.209    -2.43    3.75
 -74470.180     8.062    -0.39    3.90
 -74093.932     8.088     0.07    3.21
 -73717.688     7.377    -1.89    3.72
 -73341.447     7.312    -0.17    3.89
 -72965.209     7.608     0.79    3.99
 -72588.975     8.325     1.90    3.98
 -72212.744     8.600     0.73    4.49
 -71836.516     9.658     2.81    3.70
 -71460.292    10.035     1.00    3.90
 -71084.070    10.608     1.52    3.18
 -70707.853     9.690    -2.44    3.55
 -70331.638    10.041     0.93    3.54
 -69955.427    10.075     0.09    3.64
 -69579.219    11.050     2.59    4.21
 -69203.014    13.235     5.81    4.27
 -68826.813    14.960     4.59    4.47
 -68450.615    16.722     4.68    3.37
 -68074.420    18.311     4.22    2.04
 -67698.229    18.930     1.64    1.80
 -67322.040    18.876    -0.14    1.97
 -66945.856    19.132     0.68    1.98
 -66569.674    18.933    -0.53    1.93
 -66193.496    18.904    -0.08    1.71
 -65817.321    18.543    -0.96    1.97
 -65441.149    18.825     0.75    1.90
 -65064.980    18.594    -0.61    1.78
 -64688.815    18.500    -0.25    1.65
 -64312.653    18.690     0.50    1.65
 -63936.494    18.338    -0.93    1.66
 -63560.339    18.075    -0.70    2.02
 -63184.187    17.900    -0.47    2.18
 -62808.038    17.450    -1.20    2.20
 -62431.892    17.419    -0.08    2.20
 -62055.750    17.055    -0.97    1.83
 -61679.611    16.851    -0.54    1.92
 -61303.475    16.773    -0.21    2.28
 -60927.343    17.004     0.61    2.51
 -60551.213    18.004     2.66    3.61
 -60175.087    18.906     2.40    4.01
 -59798.965    19.114     0.55    3.99
 -59422.845    18.525    -1.57    4.30
 -59046.729    16.879    -4.38    4.14
 -58670.616    16.055    -2.19    3.66
 -58294.506    15.456    -1.59    3.49
 -57918.399    15.122    -0.89    3.55
 -57542.296    15.365     0.65    3.21
 -57166.196    14.635    -1.94    3.73
 -56790.099    14.081    -1.47    3.47
 -56414.005    13.650    -1.15    3.26
 -56037.915    13.392    -0.68    2.29
 -55661.828    13.525     0.35    3.59
 -55285.744    13.062    -1.23    3.90
 -54909.663    12.748    -0.83    4.36
 -54533.586    13.055     0.82    6.43
 -54157.512    16.114     8.13   13.08
 -53781.441    18.852     7.28   18.47
 -53405.373    18.272    -1.54   17.97
 -53029.308    13.975   -11.43    9.14
 -52653.247    12.936    -2.76    3.12
 -52277.189    16.389     9.18    9.23
 -51901.134    20.693    11.45   14.48
 -51525.082    23.338     7.03   16.58
 -51149.034    22.906    -1.15   14.85
 -50772.988    20.960    -5.17    5.76
 -50396.946    23.158     5.85    8.83
 -50020.907    23.700     1.44    8.54
 -49644.872    24.500     2.13    8.54
 -49268.839    23.725    -2.06    7.86
 -48892.810    21.456    -6.03    2.51
 -48516.784    21.772     0.84    2.52
 -48140.761    21.904     0.35    2.42
 -47764.741    21.902    -0.01    2.32
 -47388.725    22.075     0.46    1.92
 -47012.712    23.062     2.62    3.53
 -46636.702    24.450     3.69    5.04
 -46260.695    24.325    -0.33    5.21
 -45884.691    23.363    -2.56    4.68
 -45508.690    22.286    -2.86    3.71
 -45132.693    23.149     2.29    5.29
 -44756.699    24.500     3.59    5.78
 -44380.708    25.717     3.23    7.10
 -44004.720    27.979     6.02   16.32
 -43628.735    26.700    -3.40   16.32
 -43252.754    22.284   -11.74    2.71
 -42876.776    21.475    -2.15    2.55
 -42500.801    20.377    -2.92    2.32
 -42124.829    20.088    -0.77    2.15
 -41748.860    19.581    -1.35    1.89
 -41372.894    18.466    -2.97    2.42
 -40996.932    17.588    -2.34    2.70
 -40620.972    16.936    -1.73    3.18
 -40245.016    16.009    -2.47    2.52
 -39869.063    15.880    -0.34    2.41
 -39493.114    16.184     0.81    2.90
 -39117.167    16.620     1.16    2.73
 -38741.223    16.581    -0.10    2.99
 -38365.283    16.068    -1.37    3.00
 -37989.346    14.608    -3.88    3.57
 -37613.412    12.696    -5.09    3.59
 -37237.481    11.400    -3.45    2.69
 -36861.553    10.852    -1.46    2.25
 -36485.628    10.550    -0.80    2.53
 -36109.707     9.009    -4.10    3.86
 -35733.789     6.377    -7.00    4.68
 -35357.873     4.230    -5.71    4.58
 -34981.961     3.645    -1.56    4.31
 -34606.052     2.877    -2.04    3.56
 -34230.147     3.936     2.82    3.95
 -33854.244     4.798     2.29    4.25
 -33478.344     4.852     0.14    4.98
 -33102.448     4.594    -0.69    5.25
 -32726.555     3.466    -3.00    5.47
 -32350.664     2.686    -2.07    5.72
 -31974.777     1.068    -4.30    3.63
 -31598.893     0.690    -1.01    3.44
 -31223.013     2.158     3.91    6.17
 -30847.135     5.075     7.76    8.35
 -30471.260     6.527     3.86    8.84
 -30095.389     8.953     6.45    9.42
 -29719.520    10.588     4.35    9.88
 -29343.655    12.404     4.83   10.43
 -28967.793    11.798    -1.61   10.07
 -28591.934    10.900    -2.39    9.31
 -28216.078     9.377    -4.05    8.33
 -27840.225     8.230    -3.05    7.79
 -27464.375     8.430     0.53    7.19
 -27088.529     8.186    -0.65    5.85
 -26712.685     7.184    -2.67    5.24
 -26336.845     5.953    -3.27    5.42
 -25961.007     4.464    -3.96    6.13
 -25585.173     2.717    -4.65    5.89
 -25209.342     0.933    -4.75    3.69
 -24833.514    -0.175    -2.95    0.00
 -24457.689    -0.125     0.13    0.22
 -24081.867     2.230     6.27    6.06
 -23706.048     5.004     7.38    6.98
 -23330.232     7.930     7.79    7.00
 -22954.420     9.825     5.04    5.46
 -22578.610     9.690    -0.36    5.10
 -22202.804     8.725    -2.57    5.92
 -21827.000     8.167    -1.48    6.90
 -21450.846     9.446     3.40    8.10
 -21074.429    11.906     6.53    8.40
 -20698.016    16.325    11.74    6.38
 -20321.606    17.645     3.51    4.44
 -19945.199    15.363    -6.06    5.70
 -19568.795    13.310    -5.45    6.17
 -19192.395    11.933    -3.66    4.93
 -18815.997    13.690     4.67    4.95
 -18439.602    16.230     6.75    4.95
 -18063.211    18.575     6.23    4.07
 -17686.822    19.960     3.68    3.99
 -17310.437    21.351     3.70    4.50
 -16934.054    23.404     5.45    4.02
 -16557.675    25.620     5.89    3.64
 -16181.298    27.392     4.71    3.28
 -15804.925    28.645     3.33    2.80
 -15428.555    30.009     3.62    2.18
 -15052.188    30.408     1.06    2.42
 -14675.824    30.798     1.04    2.44
 -14299.463    31.500     1.87    2.45
 -13923.105    31.298    -0.54    2.81
 -13546.750    31.312     0.04    2.81
 -13170.398    32.168     2.28    3.09
 -12794.049    31.744    -1.13    2.86
 -12417.703    30.311    -3.81    3.25
 -12041.360    29.771    -1.44    3.31
 -11665.021    28.466    -3.47    3.29
 -11288.684    28.257    -0.55    4.27
 -10912.350    25.927    -6.19    4.68
 -10536.020    24.209    -4.57    4.65
 -10159.692    22.209    -5.31    5.46
  -9783.367    19.663    -6.77    4.27
  -9407.046    18.902    -2.02    4.60
  -9030.727    18.667    -0.62    4.89
  -8654.412    19.241     1.53    5.18
  -8278.099    17.987    -3.33    5.20
  -7901.790    16.149    -4.88    4.94
  -7525.483    16.088    -0.16    5.00
  -7149.180    15.030    -2.81    4.15
  -6772.879    15.262     0.62    4.15
  -6396.582    15.746     1.29    3.94
  -6020.288    16.235     1.30    3.55
  -5643.996    16.554     0.85    4.05
  -5267.708    16.235    -0.85    4.59
  -4891.422    16.392     0.42    4.93
  -4515.140    16.799     1.08    5.59
  -4138.861    15.748    -2.79    6.01
  -3762.584    13.825    -5.11    7.93
  -3386.311    11.693    -5.66    8.52
  -3010.040     7.825   -10.28    8.09
  -2633.773     5.081    -7.29    7.40
  -2257.509     2.102    -7.92    5.05
  -1881.247     0.088    -5.35    1.00
  -1504.989    -0.013    -0.27    0.90
  -1128.733    -0.067    -0.14    0.61
   -752.481    -0.150    -0.22    0.16
   -376.231    -0.175    -0.07    0.00
      0.015    -0.098     0.20    0.48
    376.259     0.773     2.32    3.84
    752.499     1.325     1.47    4.94
   1128.737     2.979     4.40    7.16
   1504.971     5.446     6.56   10.19
   1881.203     7.261     4.82   10.70
   2257.432    10.483     8.56   11.97
   2633.657    13.140     7.06   11.60
   3009.880    16.298     8.39   11.07
   3386.100    19.594     8.76    9.65
   3762.316    21.925     6.20    6.69
   4138.530    23.798     4.98    3.33
   4514.741    23.930     0.35    2.59
   4890.949    22.798    -3.01    2.85
   5267.154    21.554    -3.31    3.45
   5643.356    20.879    -1.80    3.05
   6019.555    21.854     2.59    2.93
   6395.751    22.979     2.99    2.65
   6771.944    23.389     1.09    2.82
   7148.134    23.658     0.72    3.23
   7524.322    23.363    -0.78    3.76
   7900.506    21.325    -5.42    5.21
   8276.687    19.312    -5.35    5.54
   8652.866    16.956    -6.26    5.07
   9029.041    15.953    -2.67    4.54
   9405.214    14.554    -3.72    5.00
   9781.383    12.722    -4.87    4.20
  10157.550    11.995    -1.93    3.36
  10533.713    11.547    -1.19    2.64
  10909.874    11.773     0.60    2.72
  11286.032    12.351     1.54    2.44
  11662.187    13.933     4.21    3.58
  12038.339    15.527     4.24    4.66
  12414.488    17.453     5.12    5.35
  12790.634    19.568     5.62    5.57
  13166.778    21.748     5.79    5.54
  13542.918    24.436     7.15    5.96
  13919.055    27.491     8.12    5.55
  14295.190    30.186     7.16    4.85
  14671.321    31.568     3.68    4.51
  15047.450    34.184     6.95    3.20
  15423.576    35.640     3.87    2.95
  15799.699    36.392     2.00    3.80
  16175.819    36.927     1.42    3.58
  16551.936    39.375     6.51   12.62
  16928.050    39.095    -0.74   14.50
  17304.161    38.748    -0.92   15.02
  17680.269    33.640   -13.58    7.13
  18056.375    31.392    -5.98    7.51
  18432.477    32.690     3.45    9.19
  18808.577    33.768     2.87   10.45
  19184.674    39.594    15.49   13.69
  19560.767    43.625    10.72   11.82
  19936.858    45.257     4.34   11.33
  20312.947    44.132    -2.99   10.87
  20689.032    42.547    -4.22    9.13
  21065.114    41.298    -3.32    6.56
  21441.194    40.517    -2.08    7.23
  21817.270    47.325    18.10   18.73
  22193.344    70.554    61.77   47.44
  22569.415    97.850    72.58   58.71
  22945.482   113.175    40.75   53.28
  23321.548   111.798    -3.66   57.24
  23697.610    92.800   -50.52   54.19
  24073.669    67.933   -66.12   27.34
  24449.725    60.771   -19.05   18.65
  24825.779    62.906     5.68   20.04
  25201.830    60.491    -6.42   20.77
  25577.878    55.902   -12.21   18.98
  25953.923    53.125    -7.38   19.68
  26329.965    50.519    -6.93   19.02
  26706.004    45.075   -14.48   13.48
  27082.040    41.351    -9.90    5.64
  27458.074    39.440    -5.08    5.50
  27834.105    39.773     0.89    7.47
  28210.133    37.298    -6.58    4.69
  28586.158    36.186    -2.96    4.85
  28962.180    38.246     5.48    9.99
  29338.199    42.900    12.38   18.80
  29714.216    45.297     6.38   21.28
  30090.229    53.363    21.45   37.03
  30466.240    50.956    -6.40   35.24
  30842.248    44.906   -16.09   22.06
  31218.253    49.446    12.08   27.02
  31594.255    54.436    13.27   36.13
  31970.255    52.312    -5.65   37.24
  32346.252    44.275   -21.38   33.69
  32722.245    34.149   -26.93   15.62
  33098.236    28.450   -15.16    6.48
  33474.225    27.509    -2.50    5.28
  33850.210    28.956     3.85    5.71
  34226.192    32.062     8.26    5.06
  34602.172    34.062     5.32    6.42
  34978.149    34.575     1.36    6.21
  35354.123    35.035     1.22   13.02
  35730.094    32.575    -6.54    4.94
  36106.063    35.102     6.72    9.05
  36482.028    35.773     1.78    8.97
  36857.991    35.722    -0.14    9.15
  37233.951    32.635    -8.21   10.28
  37609.908    27.608   -13.37   12.07
  37985.863    21.744   -15.60    9.22
  38361.814    17.158   -12.20    7.88
  38737.763    16.500    -1.75    7.07
  39113.709    18.744     5.97    7.92
  39489.652    22.525    10.06    7.46
  39865.592    26.246     9.90    5.80
  40241.530    29.640     9.03    4.67
  40617.465    30.365     1.93    5.40
  40993.397    31.261     2.38    6.07
  41369.326    28.377    -7.67    9.41
  41745.253    23.338   -13.40   10.37
  42121.176    17.904   -14.46    9.32
  42497.097    13.964   -10.48    5.57
  42873.015    14.491     1.40    6.06
  43248.930    16.620     5.66    7.82
  43624.843    17.473     2.27    7.41
  44000.753    19.527     5.46    8.39
  44376.660    19.798     0.72    9.31
  44752.564    17.696    -5.59    8.49
  45128.465    16.150    -4.11    7.51
  45504.364    15.284    -2.30    6.23
  45880.260    15.696     1.10    7.54
  46256.153    15.930     0.62    7.24
  46632.043    15.746    -0.49    7.01
  47007.931    15.284    -1.23    7.01
  47383.816    14.875    -1.09    6.50
  47759.698    13.614    -3.35    4.74
  48135.577    13.491    -0.33    4.74
  48511.454    13.351    -0.37    4.32
  48887.328    14.325     2.59    7.65
  49263.199    17.696     8.97   11.10
  49639.067    25.055    19.58   14.46
  50014.932    36.936    31.61   27.17
  50390.795    61.203    64.56   41.34
  50766.655    70.581    24.95   38.67
  51142.513    68.719    -4.95   39.42
  51518.367    58.450   -27.32   38.01
  51894.219    43.663   -39.34   20.77
  52270.068    36.491   -19.08    6.35
  52645.915    38.930     6.49    9.59
  53021.758    40.286     3.61    9.37
  53397.599    41.717     3.81    8.18
  53773.924    40.350    -3.63    4.72
  54150.299    42.719     6.30    7.40
  54526.672    46.297     9.51   10.13
  54903.042    52.879    17.49   16.27
  55279.410    61.297    22.37   23.17
  55655.775    75.107    36.69   45.18
  56032.137    83.081    21.19   50.24
  56408.496    79.225   -10.25   50.67
  56784.852    68.717   -27.92   38.38
  57161.206    61.419   -19.39   18.66
  57537.557    60.554    -2.30   13.76
  57913.906    65.500    13.14   18.59
  58290.251    66.041     1.44   17.29
  58666.594    62.825    -8.55   10.17
  59042.934    61.081    -4.63    8.63
  59419.272    66.799    15.19   21.76
  59795.607    75.257    22.47   31.11
  60171.939    78.375     8.28   33.01
  60548.268    78.140    -0.62   33.05
  60924.595    75.075    -8.15   28.03
  61300.919    74.906    -0.45   19.47
  61677.240    85.149    27.22   22.35
  62053.559    96.667    30.61   26.10
  62429.874    98.466     4.78   22.48
  62806.188   101.387     7.76   23.04
  63182.498   113.140    31.23   25.72
  63558.806   119.284    16.33   24.21
  63935.111   122.960     9.77   21.93
  64311.413   139.389    43.66   22.48
  64687.713   151.554    32.33   20.82
  65064.010   155.312     9.99   17.20
  65440.304   154.235    -2.86   18.32
  65816.596   149.799   -11.79   18.81
  66192.885   142.527   -19.32   20.73
  66569.171   139.825    -7.18   21.08
  66945.455   145.667    15.53   22.74
  67321.736   149.769    10.90   25.47
  67698.014   148.311    -3.87   28.76
  68074.289   134.230   -37.42   33.24
  68450.562   112.392   -58.04   25.49
  68826.833   104.825   -20.11   17.94
  69203.100   105.137     0.83   18.13
  69579.365   105.466     0.87   18.33
  69955.627   102.773    -7.16   18.42
  70331.887    97.102   -15.07   17.04
  70708.144    93.261   -10.21   12.74
  71084.398    92.473    -2.09   12.54
  71460.650    93.799     3.52   15.11
  71836.898    91.983    -4.83   12.24
  72213.145    89.979    -5.33   12.36
  72589.388    86.535    -9.15    8.03
  72965.629    87.209     1.79    9.48
  73341.868    85.235    -5.25    8.88
  73718.103    85.269     0.09    9.50
  74094.336    84.554    -1.90    8.66
  74470.567    86.284     4.60   11.63
  74846.795    88.203     5.10   13.23
  75223.020    86.663    -4.09   12.74
  75599.242    85.766    -2.38   12.01
  75975.462    86.312     1.45   11.62
  76351.679    82.773    -9.41    9.80
  76727.894    81.825    -2.52   10.94
  77104.106    76.030   -15.40   10.67
  77480.315    70.987   -13.40    9.01
  77856.522    68.209    -7.38    6.32
  78232.726    71.404     8.49   19.77
  78608.927    86.722    40.72   37.96
  78985.126   105.744    50.56   47.25
  79361.322   110.620    12.96   44.38
  79737.516   112.650     5.40   41.88
  80113.707   110.991    -4.41   41.87
  80489.895   116.035    13.41   45.43
  80866.081   123.906    20.92   44.94
  81242.264   124.419     1.37   44.97
  81618.444   101.446   -61.07   43.71
  81994.622    73.796   -73.50   18.95
  82370.798    65.700   -21.52   12.21
  82746.970    61.825   -10.30    6.20
  83123.140    61.014    -2.16    5.18
  83499.308    62.979     5.22    4.28
  83875.473    62.879    -0.27    5.01
  84251.635    60.798    -5.53    5.67
  84627.795    61.004     0.55    9.67
  85003.952    62.004     2.66   10.73
  85380.106    67.879    15.62   14.05
  85756.258    75.140    19.31   19.29
  86132.408    86.876    31.20   24.65
  86508.554   104.214    46.09   29.57
  86884.698   113.543    24.80   33.40
  87260.840   111.852    -4.50   34.45
  87636.979   108.635    -8.55   34.38
  88013.115   103.365   -14.01   27.75
  88389.249    99.269   -10.89   19.25
  88765.380    93.107   -16.38   15.09
  89141.509    89.275   -10.19   15.09
  89517.635    86.122    -8.38   12.05
  89893.759    85.517    -1.61   10.68
  90269.880    86.746     3.27    9.38
  90645.998    87.748     2.66    7.69
  91022.114    89.491     4.64    8.29
  91398.227    92.337     7.57    9.09
  91774.338    94.075     4.62    9.63
  92150.446    91.904    -5.77    9.41
  92526.551    88.620    -8.73    9.15
  92902.654    84.769   -10.24    8.42
  93278.755    83.107    -4.42    9.08
  93654.853    81.588    -4.04    9.49
  94030.948    79.365    -5.91    6.74
  94407.041    78.257    -2.95    8.24
  94783.131    77.797    -1.22    8.34
  95159.219    78.748     2.53   10.92
  95535.304    85.700    18.48   19.71
  95911.387    92.987    19.38   22.33
  96287.467    95.225     5.95   21.42
  96663.544    92.983    -5.96   21.94
  97039.619    87.614   -14.27    9.80
  97415.692    91.257     9.69   12.20
  97791.761    94.625     8.95   13.14
  98167.829    98.991    11.61   14.67
  98543.894    97.392    -4.25   16.30
  98919.956    91.062   -16.83   19.31
  99296.016    83.168   -20.99   18.00
  99672.073    79.620    -9.43   12.91
 100048.128    78.235    -3.68   10.69
 100424.180    79.825     4.23   11.81
 100800.230    85.392    14.81   22.55
 101176.277    90.852    14.52   34.52
 101552.322    87.158    -9.82   39.99
 101928.364    84.575    -6.87   41.39
 102304.403    75.473   -24.20   33.39
 102680.440    68.543   -18.43   31.38
 103056.475    66.009    -6.74   28.51
 103432.507    59.298   -17.85   21.15
 103808.537    54.825   -11.90   11.37
 104184.564    59.100    11.37   14.10
 104560.588    67.667    22.78   11.31
 104936.610    73.690    16.02   10.40
 105312.630    80.114    17.09   11.75
 105688.647    90.102    26.56   15.93
 106064.662    94.184    10.85   15.70
 106440.674    97.902     9.89   16.82
 106816.683   110.053    32.32   28.91
 107192.690   126.257    43.09   32.46
 107568.695   133.581    19.48   29.45
 107944.697   133.640     0.16   33.87
 108320.697   118.475   -40.33   37.03
 108696.694   107.176   -30.05   39.93
 109072.688   100.719   -17.17   39.14
 109448.681   103.088     6.30   39.72
 109824.670   107.568    11.92   38.85
 110200.657   108.554     2.62   34.99
 110576.642   101.450   -18.90   35.75
 110952.624    90.719   -28.54   33.16
 111328.604    82.797   -21.07   25.17
 111704.582    85.906     8.27   28.01
 112080.556    96.436    28.01   37.91
 112456.529   101.543    13.58   45.53
 112832.499    99.363    -5.80   49.10
 113208.466    92.425   -18.45   46.11
 113584.431    79.581   -34.16   33.22
 113960.394    71.257   -22.14   15.39
 114336.354    67.744    -9.35    5.40
 114712.311    67.800     0.15    4.48
 115088.267    67.500    -0.80    4.61
 115464.219    66.983    -1.38    4.05
 115840.169    66.956    -0.07    4.01
 116216.117    68.594     4.36    4.37
 116592.063    69.500     2.41    3.39
 116968.006    70.200     1.86    2.95
 117343.946    70.614     1.10    2.63
 117719.884    70.075    -1.43    2.30
 118095.820    71.041     2.57    2.07
 118471.753    70.602    -1.17    2.13
 118847.683    70.876     0.73    2.11
 119223.612    71.799     2.46    2.40
 119599.537    71.939     0.37    2.43
 119975.461    72.440     1.33    2.46
 120351.382    72.933     1.31    2.08
 120727.300    73.297     0.97    2.20
 121103.216    73.466     0.45    3.72
 121479.130    72.167    -3.46    4.52
 121855.041    69.158    -8.00    4.75
 122230.950    66.351    -7.47    3.52
 122606.857    63.775    -6.85    3.10
 122982.761    60.527    -8.64    4.72
 123358.662    58.630    -5.05    5.32
 123734.561    56.363    -6.03    5.41
 124110.458    54.741    -4.31    5.44
 124486.352    54.068    -1.79    5.24
 124862.244    55.717     4.39    5.71
 125238.134    57.960     5.97    5.62
 125614.021    60.876     7.76    3.25
 125989.906    61.714     2.23    2.42
 126365.788    62.055     0.91    2.62
 126741.668    63.535     3.94    3.43
 127117.545    65.686     5.72    3.42
 127493.420    68.030     6.24    3.05
 127869.293    69.799     4.71    2.85
 128245.163    68.902    -2.39    3.60
 128621.143    67.719    -3.14    4.74
 128997.493    68.979     3.35    6.47
 129373.841    70.203     3.25    6.99
 129750.186    73.209     7.99    7.33
 130126.529    74.158     2.52    7.02
 130502.870    71.408    -7.31    5.88
 130879.208    70.987    -1.12    4.84
 131255.544    70.149    -2.23    4.10
 131631.877    69.095    -2.80    4.44
 132008.208    66.430    -7.08    5.74
 132384.537    64.241    -5.82    5.71
 132760.863    62.325    -5.09    4.89
 133137.187    61.746    -1.54    5.63
 133513.509    60.581    -3.09    5.97
 133889.828    58.543    -5.42    7.22
 134266.145    57.719    -2.19    9.69
 134642.459    57.877     0.42   11.34
 135018.771    58.562     1.82   12.57
 135395.081    59.953     3.70   12.06
 135771.388    60.717     2.03   10.68
 136147.693    61.927     3.22    9.35
 136523.996    62.600     1.79    8.93
 136900.296    63.082     1.28    8.19
 137276.594    64.500     3.77    7.10
 137652.890    65.635     3.02    5.94
 138029.183    63.771    -4.96    5.15
 138405.474    65.798     5.39    5.81
 138781.762    67.368     4.17    5.39
 139158.048    77.450    26.79   24.70
 139534.332    87.877    27.71   34.62
 139910.613    85.500    -6.32   37.80
 140286.892    75.235   -27.28   34.61
 140663.169    61.140   -37.46   19.08
 141039.444    55.953   -13.79    4.71
 141415.716    56.771     2.17    3.79
 141791.985    58.004     3.28    2.51
 142168.253    59.158     3.07    1.45
 142544.518    59.404     0.65    1.33
 142920.780    59.900     1.32    1.23
 143297.041    60.089     0.50    1.46
 143673.299    60.004    -0.23    1.92
 144049.555    59.771    -0.62    1.87
 144425.808    59.446    -0.86    2.02
 144802.059    59.771     0.86    1.94
 145178.308    59.936     0.44    1.86
 145554.554    60.286     0.93    1.70
 145930.798    60.671     1.02    1.57
 146307.040    60.588    -0.22    1.38
 146683.279    61.377     2.10    2.55
 147059.517    62.568     3.17    3.46
 147435.751    63.312     1.98    4.17
 147811.984    63.663     0.93    4.39
 148188.214    65.055     3.70    6.34
 148564.442    65.797     1.97    8.16
 148940.668    62.746    -8.11   11.37
 149316.891    59.588    -8.39   12.98
 149693.112    58.543    -2.78   12.83
 150069.330    59.312     2.04   10.97
 150445.547    63.062     9.97   11.75
 150821.761    66.741     9.78   12.66
 151197.973    69.392     7.05   12.89
 151574.182    69.769     1.00   13.00
 151950.389    65.851   -10.41   11.39
 152326.594    62.581    -8.69   10.09
 152702.797    58.825    -9.98    9.05
 153078.997    56.312    -6.68    7.73
 153455.195    57.114     2.13    7.67
 153831.391    57.184     0.18    7.04
 154207.584    58.230     2.78    6.03
 154583.776    58.850     1.65    5.55
 154959.965    60.068     3.24    6.25
 155336.151    60.176     0.29    5.88
 155712.336    61.960     4.74    6.03
 156088.518    70.968    23.94   20.75
 156464.698    69.748    -3.24   20.16
 156840.875    66.132    -9.61   22.54
 157217.050    60.464   -15.07   25.73
 157593.223    46.960   -35.90   17.26
 157969.394    41.852   -13.58    7.93
 158345.563    44.219     6.29    9.31
 158721.729    48.850    12.31    9.60
 159097.893    53.663    12.79    7.89
 159474.054    57.377     9.88    3.97
 159850.214    57.746     0.98    4.00
 160226.371    57.261    -1.29    4.02
 160602.526    57.338     0.21    4.09
 160978.679    58.575     3.29    4.50
 161354.829    60.404     4.86    3.91
 161730.977    61.744     3.56    2.82
 162107.123    61.879     0.36    2.44
 162483.267    62.019     0.37    2.12
 162859.409    62.158     0.37    2.26
 163235.548    62.055    -0.27    2.80
 163611.685    61.741    -0.84    3.56
 163987.819    60.825    -2.44    4.32
 164363.952    59.014    -4.81    5.85
 164740.082    57.852    -3.09    6.17
 165116.210    56.775    -2.86    6.24
 165492.336    56.717    -0.15    5.80
 165868.460    58.219     4.00    5.72
 166244.581    61.035     7.49    5.73
 166620.700    62.261     3.26    5.30
 166996.817    64.176     5.09    4.19
 167372.932    64.751     1.53    4.07
 167749.044    66.158     3.74    2.65
 168125.155    66.325     0.44    3.31
 168501.263    66.284    -0.11    4.30
 168877.368    64.663    -4.31    5.87
 169253.472    63.850    -2.16    4.89
 169629.573    62.363    -3.95    5.65
 170005.673    61.825    -1.43    5.99
 170381.770    62.902     2.86    6.75
 170757.864    64.772     4.97    6.09
 171133.957    66.575     4.79    4.95
 171510.047    66.594     0.05    4.07
 171886.135    65.535    -2.81    5.50
 172262.221    62.030    -9.32    7.15
 172638.305    58.535    -9.29    7.54
 173014.387    55.450    -8.20    6.42
 173390.466    52.933    -6.69    2.92
 173766.543    53.200     0.71    3.71
 174142.618    53.491     0.78    3.67
 174518.691    53.380    -0.30    3.26
 174894.762    55.554     5.78    5.05
 175270.830    59.933    11.64    6.89
 175646.896    63.500     9.49    6.11
 176022.960    63.876     1.00    5.47
 176399.022    61.717    -5.74    7.83
 176775.082    58.953    -7.35    8.40
 177151.140    55.377    -9.51    7.44
 177527.195    54.365    -2.69    6.83
 177903.248    55.620     3.34    6.14
 178279.299    55.927     0.82    5.63
 178655.348    56.930     2.67    5.77
 179031.395    56.825    -0.28    5.40
 179407.439    56.081    -1.98    5.01
 179783.481    56.284     0.54    5.24
 180159.522    58.081     4.78    6.33
 180535.560    60.775     7.16    6.95
 180911.595    63.168     6.36    6.41
 181287.629    65.581     6.42    6.62
 181663.661    67.852     6.04    6.95
 182039.690    70.960     8.27    6.92
 182415.717    73.562     6.92    5.41
 182791.742    75.797     5.94    3.73
 183167.765    77.500     4.53    1.61
 183543.786    77.517     0.05    1.59
 183919.805    77.419    -0.26    1.82
 184295.821    74.850    -6.83    5.35
 184671.836    71.483    -8.96    7.04
 185047.848    68.535    -7.84    6.81
 185423.858    65.690    -7.57    5.29
 185799.866    66.389     1.86    6.04
 186175.872    69.797     9.06    7.53
 186551.875    71.722     5.12    7.33
 186927.877    75.825    10.91    6.30
 187303.876    79.148     8.84    3.65
 187679.873    79.203     0.15    3.43
 188055.869    79.392     0.50    2.79
 188431.862    78.456    -2.49    3.35
 188807.852    78.509     0.14    4.02
 189183.841    79.068     1.49    4.09
 189559.828    80.000     2.48    3.30
 189935.812    80.671     1.79    2.44
 190311.795    80.483    -0.50    2.13
 190687.775    80.404    -0.21    2.62
 191063.753    80.298    -0.28    3.57
 191439.729    79.363    -2.49    3.78
 191815.703    78.798    -1.50    3.83
 192191.675    79.337     1.44    3.52
 192567.645    80.464     3.00    2.99
 192943.613    81.132     1.78    3.39
 193319.578    82.235     2.93    2.20
 193695.542    81.637    -1.59    4.80
 194071.503    78.062    -9.51    7.17
 194447.462    74.771    -8.75    7.78
 194823.419    73.257    -4.03    7.35
 195199.374    73.594     0.90    7.39
 195575.327    75.554     5.21    7.45
 195951.278    76.132     1.54    7.22
 196327.227    76.055    -0.20    7.61
 196703.174    73.746    -6.14    7.32
 197079.118    71.419    -6.19    6.55
 197455.061    69.055    -6.29    5.67
 197831.001    70.055     2.66    5.73
 198206.940    72.554     6.65    6.66
 198582.876    75.055     6.65    7.22
 198958.810    78.041     7.94    5.57
 199334.742    76.257    -4.74    6.64
 199710.672    74.850    -3.74    6.62
 200086.600    74.012    -2.23    7.21
 200462.526    76.594     6.87    7.84
 200838.450    80.620    10.71    6.19
 201214.372    82.158     4.09    3.71
 201590.292    77.414   -12.62    8.25
 201966.209    72.690   -12.57    9.18
 202342.125    69.440    -8.64    7.46
 202718.038    67.209    -5.93    5.88
 203093.950    67.430     0.59    5.40
 203469.859    65.351    -5.53    8.11
 203845.995    60.209   -13.67   10.20
 204222.304    55.620   -12.20    9.15
 204598.611    53.338    -6.06    8.23
 204974.915    56.272     7.80   10.15
 205351.218    62.798    17.34    8.94
 205727.519    66.906    10.91    5.27
 206103.817    67.744     2.23    3.45
 206480.114    66.043    -4.52    4.25
 206856.408    65.902    -0.38    4.86
 207232.701    65.440    -1.23    4.84
 207608.991    64.852    -1.56    4.16
 207985.279    65.927     2.86    3.29
 208361.566    66.352     1.13    2.52
 208737.850    66.620     0.71    2.48
 209114.132    67.772     3.06    2.50
 209490.412    68.114     0.91    2.20
 209866.691    67.933    -0.48    2.17
 210242.967    67.517    -1.11    2.07
 210619.241    67.361    -0.41    1.58
 210995.513    67.269    -0.24    1.98
 211371.783    66.979    -0.77    2.02
 211748.051    66.771    -0.55    1.81
 212124.317    66.473    -0.79    2.00
 212500.581    64.906    -4.17    2.99
 212876.843    63.739    -3.10    2.79
 213253.103    61.620    -5.63    4.14
 213629.361    59.950    -4.44    4.11
 214005.617    59.879    -0.19    4.33
 214381.871    60.184     0.81    4.55
 214758.123    60.964     2.07    4.24
 215134.373    61.404     1.17    4.14
 215510.621    60.517    -2.36    4.53
 215886.866    60.930     1.10    4.29
 216263.110    61.392     1.23    4.05
 216639.352    63.088     4.51    3.92
 217015.592    61.500    -4.22    5.39
 217391.830    60.041    -3.88    6.00
 217768.066    60.075     0.09    5.98
 218144.300    60.035    -0.10    6.41
 218520.532    61.608     4.18    6.57
 218896.762    57.663   -10.49    9.47
 219272.990    53.269   -11.68   10.49
 219649.216    53.953     1.82   10.61
 220025.439    54.400     1.19   10.46
 220401.661    56.663     6.01   10.01
 220777.881    59.425     7.34    8.75
 221154.099    59.588     0.43    8.49
 221530.315    58.877    -1.89    8.82
 221906.530    58.693    -0.49    8.68
 222282.742    59.696     2.67    8.58
 222658.952    59.062    -1.69    8.05
 223035.160    59.630     1.51    7.44
 223411.366    61.337     4.54    6.07
 223787.570    63.436     5.58    2.79
 224163.772    63.671     0.62    1.83
 224539.973    63.466    -0.55    1.83
 224916.171    63.269    -0.52    1.80
 225292.367    62.852    -1.11    2.01
 225668.562    62.852     0.00    2.14
 226044.754    61.956    -2.38    3.16
 226420.945    60.107    -4.92    4.92
 226797.133    59.717    -1.04    5.37
 227173.320    60.300     1.55    5.32
 227549.504    60.722     1.12    5.63
 227925.687    62.167     3.84    5.28
 228301.868    63.284     2.97    4.45
 228678.046    63.184    -0.27    3.86
 229054.223    62.209    -2.59    3.40
 229430.398    61.491    -1.91    2.83
 229806.571    61.748     0.68    3.52
 230182.742    61.214    -1.42    3.42
 230558.911    59.979    -3.28    4.00
 230935.078    60.312     0.89    3.99
 231311.243    60.703     1.04    3.86
 231687.407    60.771     0.18    3.80
 232063.568    60.377    -1.05    3.64
 232439.727    60.149    -0.61    3.73
 232815.885    59.594    -1.48    4.27
 233192.040    58.186    -3.74    4.56
 233568.194    58.235     0.13    4.42
 233944.346    57.850    -1.02    4.36
 234320.495    58.645     2.11    4.03
 234696.643    59.852     3.21    3.70
 235072.789    59.746    -0.28    4.15
 235448.933    59.509    -0.63    4.53
 235825.075    60.519     2.69    4.29
 236201.215    61.337     2.18    3.43
 236577.354    62.879     4.10    2.97
 236953.490    62.983     0.28    2.43
 237329.625    62.927    -0.15    2.33
 237705.757    63.168     0.64    2.29
 238081.888    63.298     0.35    2.01
 238458.016    63.272    -0.07    1.95
 238834.143    63.338     0.18    1.64
 239210.268    63.107    -0.62    1.62
 239586.391    62.987    -0.32    1.82
 239962.513    62.850    -0.36    1.99
 240338.632    62.158    -1.84    2.49
 240714.749    61.377    -2.08    2.66
 241090.865    60.554    -2.19    2.55
 241466.978    60.414    -0.37    2.68
 241843.090    60.351    -0.17    3.54
 242219.200    60.408     0.15    4.51
 242595.308    59.635    -2.05    5.82
 242971.414    59.230    -1.08    6.67
 243347.518    60.690     3.88    5.82
 243723.620    62.466     4.72    4.00
 244099.721    63.856     3.70    1.66
 244475.819    63.620    -0.63    1.82
 244851.916    63.337    -0.75    1.88
 245228.011    63.630     0.78    1.95
 245604.104    63.620    -0.03    1.81
 245980.195    64.095     1.26    2.09
 246356.284    64.389     0.78    2.06
 246732.371    64.956     1.51    1.95
 247108.457    65.030     0.20    1.89
 247484.541    64.933    -0.26    1.66
 247860.622    65.235     0.80    1.74
 248236.702    65.025    -0.56    1.84
 248612.780    64.682    -0.91    1.54
 248988.856    64.906     0.60    1.80
 249364.931    65.014     0.29    1.75
 249741.003    65.014     0.00    1.82
 250117.074    64.446    -1.51    1.77
 250493.143    63.795    -1.73    2.08
 250869.210    63.775    -0.05    2.07
 251245.275    63.414    -0.96    2.31
 251621.338    63.257    -0.42    2.62
 251997.400    62.363    -2.38    3.60
 252373.459    60.798    -4.16    4.45
 252749.517    59.640    -3.08    4.22
 253125.573    58.930    -1.89    4.55
 253501.627    59.261     0.88    4.04
 253877.679    58.987    -0.73    4.41
 254253.730    58.483    -1.34    4.03
 254629.778    57.375    -2.95    4.60
 255005.825    55.964    -3.75    5.11
 255381.870    54.325    -4.36    4.73
 255757.913    52.554    -4.71    4.55
 256133.954    50.852    -4.53    3.10
 256509.994    50.635    -0.57    1.96
 256886.031    50.519    -0.31    2.01
 257262.067    51.466     2.52    3.36
 257638.101    51.953     1.30    3.78
 258014.134    53.500     4.12    4.60
 258390.164    55.517     5.36    5.41
 258766.193    57.904     6.35    5.86
 259142.219    60.748     7.56    6.43
 259518.244    62.852     5.60    6.38
 259894.268    64.004     3.06    5.23
 260270.289    64.214     0.56    2.96
 260646.309    63.614    -1.59    2.43
 261022.326    63.517    -0.26    2.27
 261398.342    63.854     0.90    2.63
 261774.356    63.799    -0.15    2.75
 262150.369    64.419     1.65    2.58
 262526.379    65.095     1.80    2.76
 262902.388    65.717     1.65    3.03
 263278.395    65.908     0.51    2.92
 263654.401    66.927     2.71    3.48
 264030.404    67.337     1.09    3.52
 264406.406    68.149     2.16    3.87
 264782.406    71.568     9.09    6.93
 265158.404    72.930     3.62    6.66
 265534.400    74.132     3.20    6.56
 265910.394    76.635     6.66    6.77
 266286.387    76.594    -0.11    6.98
 266662.378    75.663    -2.48    6.25
 267038.367    77.068     3.74    6.67
 267414.355    75.717    -3.59    5.61
 267790.341    75.589    -0.34    5.46
 268166.325    76.312     1.92    5.58
 268542.307    77.055     1.98    5.50
 268918.287    74.991    -5.49    5.21
 269294.266    72.825    -5.76    4.49
 269670.243    72.852     0.07    4.89
 270046.218    71.983    -2.31    3.92
 270422.191    72.525     1.44    4.30
 270798.163    72.690     0.44    4.26
 271174.133    72.286    -1.07    3.77
 271550.101    71.614    -1.79    3.23
 271926.067    72.298     1.82    3.96
 272302.032    72.365     0.18    4.01
 272677.994    72.600     0.62    4.76
 273053.956    73.852     3.33    5.74
 273429.915    75.852     5.32    6.92
 273805.873    77.365     4.03    6.76
 274181.828    77.710     0.92    6.34
 274557.783    76.543    -3.11    6.39
 274933.735    75.004    -4.09    5.70
 275309.686    75.269     0.70    6.49
 275685.635    74.404    -2.30    6.88
 276061.582    72.908    -3.98    6.70
 276437.527    72.535    -0.99    6.71
 276813.471    72.055    -1.28    6.04
 277189.413    73.419     3.63    6.16
 277565.353    73.509     0.24    5.93
 277941.292    72.325    -3.15    6.04
 278317.229    69.722    -6.92    6.84
 278693.164    66.635    -8.21    6.81
 279069.413    62.696   -10.47    6.31
 279445.693    59.620    -8.18    7.31
 279821.972    58.149    -3.91    6.82
 280198.249    56.149    -5.32    7.25
 280574.525    53.987    -5.75    6.99
 280950.799    53.620    -0.98    7.11
 281327.071    53.748     0.34    7.94
 281703.341    57.510    10.00   11.66
 282079.610    64.773    19.30   12.66
 282455.876    69.904    13.63    9.82
 282832.142    73.658     9.98    5.17
 283208.405    73.594    -0.17    5.71
 283584.667    74.107     1.36    5.69
 283960.927    75.030     2.45    5.57
 284337.186    74.167    -2.29    5.76
 284713.442    72.675    -3.97    5.97
 285089.697    70.519    -5.73    4.77
 285465.951    70.000    -1.38    4.43
 285842.202    70.722     1.92    4.94
 286218.452    71.491     2.04    6.20
 286594.700    73.338     4.91    6.31
 286970.947    75.365     5.39    6.22
 287347.192    76.635     3.38    5.35
 287723.435    77.798     3.09    4.08
 288099.677    76.608    -3.16    4.83
 288475.917    74.235    -6.31    5.13
 288852.155    72.983    -3.33    6.14
 289228.391    75.554     6.84    8.19
 289604.626    77.184     4.33    7.13
 289980.859    77.298     0.30    7.91
 290357.091    77.088    -0.56    7.31
 290733.321    74.436    -7.05    5.85
 291109.549    73.055    -3.67    5.67
 291485.775    72.581    -1.26    5.58
 291862.000    72.773     0.51    5.92
 292238.223    73.543     2.04    5.91
 292614.445    73.682     0.37    5.58
 292990.665    73.906     0.60    5.65
 293366.883    72.311    -4.24    4.65
 293743.099    70.744    -4.17    4.65
 294119.314    71.635     2.37    5.92
 294495.528    73.658     5.38    6.80
 294871.739    73.950     0.78    7.09
 295247.949    74.055     0.28    7.11
 295624.157    72.284    -4.71    7.17
 296000.364    67.667   -12.27    8.17
 296376.569    67.851     0.49    9.72
 296752.772    70.004     5.72   11.06
 297128.974    71.744     4.62   11.75
 297505.174    77.517    15.35    9.97
 297881.373    86.214    23.12   20.34
 298257.570    89.312     8.24   19.98
 298633.765    91.081     4.70   19.08
 299009.958    93.200     5.63   20.22
 299386.150    91.693    -4.00   17.41
 299762.341    93.933     5.95   20.90
 300138.529   103.554    25.58   40.59
 300514.716   106.230     7.11   43.64
 300890.902   103.964    -6.02   33.24
 301267.086    89.956   -37.23    9.43
 301643.268    85.363   -12.21    8.46
 302019.448    82.095    -8.69    8.57
 302395.627    77.825   -11.35    5.80
 302771.805    76.876    -2.52    5.03
 303147.981    77.209     0.89    4.82
 303524.155    76.933    -0.74    4.58
 303900.327    78.722     4.76    5.88
 304276.498    80.527     4.80    6.60
 304652.667    82.009     3.94    7.08
 305028.835    83.588     4.20    7.41
 305405.001    83.731     0.38    7.04
 305781.166    83.261    -1.25    5.41
 306157.329    82.904    -0.95    5.15
 306533.490    81.825    -2.87    3.17
 306909.650    84.107     6.07    5.79
 307285.808    86.658     6.78    6.47
 307661.965    85.979    -1.81    7.78
 308038.119    84.351    -4.33    8.26
 308414.273    81.284    -8.15    7.38
 308790.425    79.030    -5.99    5.32
 309166.575    78.850    -0.48    4.77
 309542.723    78.414    -1.16    5.05
 309918.870    76.987    -3.80    3.95
 310295.016    76.719    -0.71    4.54
 310671.160    77.284     1.50    6.12
 311047.302    78.554     3.38    6.42
 311423.443    79.419     2.30    5.83
 311799.582    80.354     2.49    5.54
 312175.720    79.773    -1.54    5.32
 312551.856    78.671    -2.93    5.07
 312927.990    78.214    -1.22    4.70
 313304.123    78.491     0.74    4.54
 313680.254    78.908     1.11    4.55
 314056.384    79.594     1.82    4.39
 314432.512    79.825     0.61    4.34
 314808.639    79.230    -1.58    4.42
 315184.764    78.877    -0.94    4.03
 315560.887    79.286     1.09    4.51
 315937.009    78.000    -3.42    4.25
 316313.130    77.473    -1.40    4.69
 316689.249    77.466    -0.02    5.22
 317065.366    77.748     0.75    5.56
 317441.482    78.075     0.87    5.68
 317817.596    77.608    -1.24    5.71
 318193.709    77.797     0.50    4.97
 318569.820    78.693     2.38    4.91
 318945.929    79.475     2.08    4.63
 319322.038    80.019     1.45    3.93
 319698.144    78.235    -4.74    4.49
 320074.249    77.230    -2.67    5.00
 320450.353    75.693    -4.09    4.83
 320826.454    76.114     1.12    4.39
 321202.555    76.930     2.17    4.40
 321578.654    76.608    -0.85    3.83
 321954.751    78.798     5.82    3.29
 322330.847    79.875     2.86    3.61
 322706.941    80.825     2.53    3.52
 323083.034    81.000     0.47    3.65
 323459.125    81.430     1.14    4.08
 323835.215    82.352     2.45    4.07
 324211.303    82.717     0.97    4.18
 324587.390    82.630    -0.23    3.82
 324963.475    83.568     2.49    3.33
 325339.559    85.350     4.74    3.05
 325715.641    86.419     2.84    2.92
 326091.722    86.225    -0.52    3.86
 326467.801    86.325     0.27    4.69
 326843.878    83.877    -6.51    4.86
 327219.955    81.825    -5.46    4.82
 327596.029    81.132    -1.84    3.92
 327972.102    80.930    -0.54    3.25
 328348.174    81.663     1.95    3.64
