# NaN NaN NaN ;Mean Elev.(m), Avg Gradient(m/km), RMS Gradient(m/km) - SRTM1     
#   28.055  -7.399  14.191 ;Mean Elev.(m), Avg Gradient(m/km), RMS Gradient(m/km) - ASTER GDEM
#   13.111  -6.898  12.294 ;Mean Elev.(m), Avg Gradient(m/km), RMS Gradient(m/km) - GMTED2010 
  8 295.854850   7.985166    22.370    20.173  9 52486.09157830 24.504
  9 295.854364   7.988507    29.029    28.299  9 52521.09154594 34.309
 11 295.850987   7.987808    15.876    15.867  8 52591.09158802 16.991
 12 295.862742   7.983503    15.847    13.179  9 52626.09150895 13.787
 13 295.855130   7.982233     9.809     9.906  7 52661.09155149 18.796
 14 295.857419   7.980395     8.292     8.504  7 52696.09152994 23.458
 15 295.860577   7.986712     8.030     7.748 12 52731.09155860 17.822
 16 295.849909   7.984583    13.424    12.970  8 52766.09156814 12.144
 17 295.855097   7.989282    15.645    15.616  9 52801.09156755 16.015
 18 295.856088   7.990735    24.495    24.887 10 52836.09163461 21.333
 19 295.857564   7.987745    30.939    30.467 10 52871.09167479 44.247
 20 295.855961   7.988835    23.998    19.663 10 52906.09167211 22.943
 21 295.856360   7.986959    21.828    22.884  9 52941.09160300 18.685
 23 295.850241   7.990053    14.068    13.892  9 53011.09165522 15.803
 24 295.850980   7.992344    12.090     9.648  9 53046.09162019 17.647
 25 295.848008   7.990682     9.818     9.377  9 53081.09165397 16.537
 26 295.848526   7.988575     9.468     9.551  7 53116.09162411 20.653
 27 295.846673   7.998370    15.295    15.518  9 53151.09167412 15.748
 28 295.862516   7.986466    26.326    28.666 11 53186.09165861 20.810
 29 295.853849   7.995469    27.241    28.330 10 53221.09168664 26.246
 30 295.849080   7.994906    25.318    25.604  9 53256.09166313 27.750
 31 295.846058   7.987898    19.563    19.934  7 53291.09167479 36.658
 32 295.857851   7.990035    19.592    15.794  9 53326.09164943 16.734
 33 295.859277   7.988457    16.096    13.949 10 53361.09160706 14.494
 34 295.853142   7.985544    10.905    11.051  7 53396.09162638 21.482
 35 295.857525   7.989731    10.108    10.239  8 53431.09161920 16.822
 36 295.853817   7.989524     9.081     9.099  7 53466.09164983 17.512
 37 295.846503   7.993702    21.234    21.774 10 53501.09170899 43.398
 38 295.852963   7.998559    16.533    16.320  8 53536.09169961 20.263
 40 295.854121   7.993922    27.064    27.695 10 53606.09165451 44.154
 41 295.851438   7.986565    18.610    18.426  7 53641.09165318 23.592
 42 295.849508   7.986128    16.417    16.607  8 53676.09167244 17.931
 43 295.858305   7.992338    25.789    26.467 10 53711.09160299 20.898
 44 295.857606   7.983640    12.736    12.527  8 53746.09151177 17.193
 45 295.859577   7.984496    12.961    12.915  9 53781.09154315 15.405
 46 295.859489   7.984037    10.502     9.747  8 53816.09151130 15.893
 47 295.850361   7.985230    11.995    12.098  8 53851.09157991 20.485
 48 295.861590   7.991559    51.480    51.943  7 53886.09158938  4.423
 49 295.842797   7.998134    24.022    25.178 11 53921.09166122 25.286
 50 295.844803   7.993564    28.988    28.394  9 53956.09165742 43.699
 52 295.852932   7.996323    20.521    16.355  8 54026.09164251 21.852
 53 295.861182   7.984015    19.788    15.275  8 54061.09163287 15.089
 54 295.855963   7.983353    14.366    14.342  7 54096.09160617 15.877
 55 295.855241   7.984833    10.490    10.516  7 54131.09155440 19.320
 56 295.853925   7.985853     8.749     8.748  8 54166.09157915 20.210
 57 295.854341   7.985536    10.781    10.664  8 54201.09155729 15.992
 58 295.852154   8.003542    13.341    13.377  7 54236.09159758 14.766
 59 295.854472   7.992115    32.453    33.092 11 54271.09161637 39.677
 60 295.853804   7.994174    26.173    27.144 10 54306.09161903 23.429
 61 295.855751   7.990052    27.169    28.219 10 54341.09159980 21.464
 62 295.853670   7.992064    25.021    26.472 11 54376.09155319 27.782
 63 295.855057   7.985032    22.445    18.922  9 54411.09154538 28.379
 64 295.854870   7.985405    14.888    14.801  8 54446.09151581 16.007
 65 295.855931   7.988210    11.794    11.882  8 54481.09153757 21.998
 66 295.855204   7.987941     9.690     9.673  7 54516.09153041 22.105
 67 295.855950   7.983174     9.440     9.795  6 54551.09154953 24.818
 68 295.855236   7.986609    13.140     9.918  8 54586.09152634 18.682
 69 295.851634   8.000339    25.785    21.589  9 54621.09154802 43.127
 70 295.851753   7.994312    24.635    25.459 10 54656.09155674 25.425
 71 295.853219   7.994531    26.842    27.121 10 54691.09154178 28.249
 72 295.855709   7.985084    25.585    25.933  8 54726.09150644 43.846
 73 295.853772   7.988522    22.986    19.916  9 54761.09151713 41.903
 74 295.853963   7.984423    16.270    16.203  7 54796.09149891 17.511
 75 295.854884   7.985756    16.735    13.939  8 54831.09151719 23.985
 76 295.855627   7.984215    11.555    11.324  8 54866.09149446 19.918
 77 295.852413   7.991517    16.766    17.748 11 54901.09151682 16.369
 78 295.854411   7.989678    10.723    10.545  7 54936.09148617 16.868
 80 295.851413   7.992648    25.271    25.596 11 55006.09153894 32.728
 81 295.855391   7.988336    24.030    24.289 10 55041.09152601 19.546
 82 295.854736   7.988018    20.539    20.515  6 55076.09150758 46.443
 83 295.853709   7.991513    26.232    27.364 10 55111.09145923 19.047
 84 295.854271   7.983350    14.824    14.862  8 55146.09145958 19.262
 85 295.855457   7.982681    12.685    12.970  7 55181.09143516 17.983
 86 295.855700   7.982890     9.390    10.165  6 55216.09145435 25.975
 87 295.855298   7.991181     7.521     7.870 11 55251.09143320 37.026
 88 295.854108   7.986631    12.369     9.863  9 55286.09144858 16.734
 89 295.852324   7.990476    16.157    14.222 10 55321.09142394 16.353
 90 295.851271   7.999684    32.829    28.801  9 55356.09142574 33.983
 91 295.852267   7.993183    28.537    27.779 10 55391.09142501 22.180
 92 295.853790   7.994519    27.963    29.028 11 55426.09144142 28.126
 93 295.855670   7.991592    24.569    20.909  9 55461.09140824 24.645
