-164730.149   121.252     0.00    5.40
-164354.167   124.451     8.51    5.67
-163978.189   126.701     5.98    4.21
-163602.216   126.416    -0.76    3.67
-163226.248   124.066    -6.25    4.53
-162850.285   122.370    -4.51    4.45
-162474.326   122.073    -0.79    4.90
-162098.371   120.695    -3.67    4.90
-161722.421   120.316    -1.01    4.40
-161346.476   119.459    -2.28    4.21
-160970.535   117.041    -6.43    4.51
-160594.599   115.162    -5.00    5.59
-160218.667   111.938    -8.58    5.55
-159842.740   108.547    -9.02    3.92
-159466.818   106.106    -6.49    2.99
-159090.900   105.649    -1.21    2.90
-158714.986   105.880     0.61    3.44
-158339.077   107.188     3.48    4.59
-157963.173   110.421     8.60    3.99
-157587.273   111.649     3.27    3.41
-157211.378   113.866     5.90    3.92
-156835.488   116.149     6.07    4.20
-156459.602   118.532     6.34    4.12
-156083.720   118.764     0.61    4.30
-155707.843   116.370    -6.37    5.69
-155331.971   112.675    -9.83    6.53
-154956.103   108.198   -11.91    4.26
-154580.239   106.941    -3.35    3.32
-154204.381   107.803     2.29    4.56
-153828.526   111.640    10.21    7.25
-153452.676   116.880    13.94    8.47
-153076.831   122.127    13.96    7.33
-152700.991   127.855    15.24    5.69
-152325.154   130.265     6.41    6.51
-151949.323   129.816    -1.19    6.94
-151573.496   127.553    -6.02    7.25
-151197.673   123.111   -11.82    6.86
-150821.855   120.444    -7.10    6.47
-150446.041   116.261   -11.13    5.06
-150070.232   113.478    -7.40    4.51
-149694.428   110.842    -7.01    3.85
-149318.628   109.000    -4.90    3.29
-148942.832   107.932    -2.84    3.21
-148567.041   108.472     1.44    3.56
-148191.255   111.369     7.71    5.13
-147815.473   115.316    10.50    6.91
-147439.696   118.749     9.13    6.81
-147063.923   120.778     5.40    4.88
-146688.154   120.830     0.14    4.38
-146312.390   119.598    -3.28    4.17
-145936.631   116.726    -7.64    3.75
-145560.876   114.521    -5.87    3.65
-145185.125   112.478    -5.44    3.82
-144809.379   109.573    -7.73    4.11
-144433.638   108.132    -3.83    4.00
-144057.901   107.038    -2.91    4.17
-143682.168   105.500    -4.09    4.08
-143306.440   103.424    -5.53    3.65
-142930.717   101.790    -4.35    2.72
-142554.997    99.880    -5.08    2.80
-142179.283    98.722    -3.08    2.79
-141803.573    97.606    -2.97    2.78
-141427.867    95.911    -4.51    2.52
-141052.166    95.640    -0.72    2.30
-140676.469    94.891    -1.99    2.06
-140300.777    94.640    -0.67    1.99
-139925.089    94.191    -1.20    2.24
-139549.406    92.649    -4.10    2.35
-139173.727    91.726    -2.46    2.87
-138798.053    89.965    -4.69    2.65
-138422.383    89.624    -0.91    2.31
-138046.592    89.053    -1.52    2.31
-137670.039    88.872    -0.48    2.62
-137293.491    88.369    -1.34    2.69
-136916.948    87.262    -2.94    2.79
-136540.409    86.855    -1.08    2.81
-136163.874    86.137    -1.91    2.78
-135787.344    85.669    -1.24    3.02
-135410.819    84.586    -2.88    3.81
-135034.298    82.869    -4.56    4.01
-134657.781    81.421    -3.84    3.73
-134281.269    80.516    -2.40    3.36
-133904.761    79.640    -2.33    3.50
-133528.258    77.950    -4.49    3.31
-133151.759    76.521    -3.80    2.92
-132775.265    76.111    -1.09    2.83
-132398.775    75.370    -1.97    2.07
-132022.289    75.000    -0.98    2.22
-131645.808    74.137    -2.29    2.16
-131269.332    73.483    -1.74    2.24
-130892.860    72.573    -2.42    2.21
-130516.392    72.483    -0.24    2.76
-130139.929    72.085    -1.06    2.73
-129763.470    71.778    -0.82    2.51
-129387.016    71.202    -1.53    1.79
-129010.566    71.100    -0.27    1.81
-128634.120    70.938    -0.43    2.19
-128257.679    70.764    -0.46    3.40
-127881.243    71.632     2.31    3.94
-127504.810    72.019     1.03    3.64
-127128.383    72.023     0.01    3.57
-126751.959    71.470    -1.47    3.61
-126375.540    71.316    -0.41    3.44
-125999.126    71.060    -0.68    3.48
-125622.716    71.211     0.40    3.04
-125246.310    71.367     0.42    2.53
-124869.909    71.527     0.42    2.79
-124493.512    73.367     4.89    5.54
-124117.120    74.992     4.32    7.43
-123740.732    77.675     7.13    7.94
-123364.348    80.991     8.81    8.17
-122987.969    83.372     6.33    6.80
-122611.594    85.911     6.75    4.63
-122235.224    86.019     0.29    3.45
-121858.858    84.586    -3.81    3.43
-121482.496    82.992    -4.24    3.72
-121106.139    81.483    -4.01    3.26
-120729.786    79.916    -4.16    3.22
-120353.437    77.932    -5.27    2.80
-119977.093    76.208    -4.58    3.08
-119600.754    74.726    -3.94    2.52
-119224.419    73.474    -3.33    2.66
-118848.088    72.778    -1.85    2.21
-118471.761    72.448    -0.88    2.28
-118095.439    72.034    -1.10    1.90
-117719.121    72.289     0.68    1.95
-117342.808    71.500    -2.10    2.68
-116966.499    71.016    -1.29    2.71
-116590.194    70.261    -2.01    2.81
-116213.894    69.965    -0.79    2.66
-115837.598    69.667    -0.79    2.61
-115461.307    69.343    -0.86    3.10
-115085.020    69.776     1.15    3.35
-114708.737    70.649     2.32    3.43
-114332.458    71.491     2.24    4.43
-113956.184    72.342     2.26    4.14
-113579.915    72.424     0.22    3.57
-113203.649    71.470    -2.54    3.88
-112827.388    69.816    -4.40    3.89
-112451.132    68.880    -2.49    3.98
-112074.880    67.764    -2.97    3.88
-111698.632    68.803     2.76    5.37
-111322.388    69.370     1.51    5.80
-110946.149    68.265    -2.94    5.86
-110569.914    66.841    -3.78    5.19
-110193.683    64.205    -7.01    4.24
-109817.457    63.451    -2.00    4.66
-109441.235    62.749    -1.87    4.66
-109065.018    62.424    -0.86    4.26
-108688.805    63.127     1.87    3.92
-108312.596    63.566     1.17    3.49
-107936.391    63.066    -1.33    3.72
-107560.191    61.906    -3.08    3.76
-107183.995    61.181    -1.93    4.09
-106807.804    59.675    -4.00    3.92
-106431.616    58.262    -3.76    3.12
-106055.434    57.726    -1.42    2.65
-105679.255    57.290    -1.16    1.81
-105303.081    57.419     0.34    1.80
-104926.911    57.264    -0.41    1.69
-104550.745    57.829     1.50    2.15
-104174.584    57.731    -0.26    2.49
-103798.427    57.532    -0.53    2.86
-103422.274    57.185    -0.92    2.73
-103046.126    56.816    -0.98    2.40
-102669.982    57.100     0.75    2.58
-102293.842    56.857    -0.65    2.39
-101917.706    57.316     1.22    2.83
-101541.575    57.085    -0.61    2.52
-101165.448    57.496     1.09    2.80
-100789.326    57.733     0.63    2.68
-100413.207    58.265     1.41    2.92
-100037.093    58.705     1.17    2.88
 -99660.984    59.521     2.17    2.39
 -99284.878    59.158    -0.97    2.66
 -98908.777    59.034    -0.33    2.29
 -98532.680    58.500    -1.42    2.38
 -98156.588    58.547     0.12    2.80
 -97780.499    58.121    -1.13    2.73
 -97404.415    57.208    -2.43    3.21
 -97028.336    56.137    -2.85    2.94
 -96652.260    54.842    -3.44    2.55
 -96276.189    54.235    -1.62    3.01
 -95900.122    53.290    -2.51    3.33
 -95524.059    52.140    -3.06    3.13
 -95148.001    50.957    -3.14    2.60
 -94771.947    50.726    -0.61    2.56
 -94395.897    49.992    -1.95    2.24
 -94019.852    49.624    -0.98    2.18
 -93643.810    49.761     0.36    2.21
 -93267.773    50.701     2.50    2.67
 -92891.740    51.778     2.86    2.99
 -92515.712    52.667     2.37    2.62
 -92139.688    52.906     0.63    2.52
 -91763.667    53.752     2.25    2.39
 -91387.652    53.624    -0.34    2.24
 -91011.640    53.830     0.55    2.27
 -90635.633    53.393    -1.16    1.98
 -90259.630    52.586    -2.15    1.56
 -89883.631    52.290    -0.79    1.76
 -89507.636    51.658    -1.68    2.06
 -89131.646    50.410    -3.32    2.20
 -88755.660    50.188    -0.59    2.32
 -88379.678    49.855    -0.89    2.51
 -88003.700    48.127    -4.60    3.00
 -87627.727    46.932    -3.18    3.13
 -87251.758    46.288    -1.71    2.51
 -86875.793    47.778     3.96    4.81
 -86499.832    53.214    14.46   13.17
 -86123.876    60.100    18.32   18.00
 -85747.923    69.162    24.11   19.77
 -85371.975    70.803     4.37   17.78
 -84996.032    71.034     0.61   15.25
 -84620.092    67.397    -9.67   15.17
 -84244.157    63.778    -9.63   12.85
 -83868.225    62.722    -2.81   10.16
 -83492.298    62.265    -1.21    9.74
 -83116.376    59.701    -6.82    9.75
 -82740.457    56.691    -8.01    8.54
 -82364.543    56.521    -0.45    7.99
 -81988.633    61.500    13.25   10.15
 -81612.727    66.938    14.47    8.80
 -81236.825    69.419     6.60    5.49
 -80860.927    69.816     1.06    3.53
 -80485.034    69.444    -0.99    2.46
 -80109.145    68.188    -3.34    2.53
 -79733.260    67.421    -2.04    2.33
 -79357.379    66.624    -2.12    1.99
 -78981.502    65.829    -2.11    2.21
 -78605.630    65.137    -1.84    2.00
 -78229.762    64.613    -1.39    1.75
 -77853.898    64.239    -1.00    1.72
 -77478.038    63.451    -2.10    1.65
 -77102.182    62.701    -2.00    1.80
 -76726.331    61.547    -3.07    2.01
 -76350.484    60.816    -1.94    1.85
 -75974.640    60.111    -1.88    1.88
 -75598.801    59.316    -2.11    1.83
 -75222.967    58.992    -0.86    1.55
 -74847.136    57.906    -2.89    1.92
 -74471.309    56.899    -2.68    2.05
 -74095.487    55.701    -3.19    2.36
 -73719.669    54.444    -3.34    2.10
 -73343.855    53.500    -2.51    1.77
 -72968.045    52.527    -2.59    1.82
 -72592.240    51.855    -1.79    1.60
 -72216.438    51.393    -1.23    1.49
 -71840.641    50.586    -2.15    1.84
 -71464.848    49.932    -1.74    1.76
 -71089.059    49.478    -1.21    1.82
 -70713.274    48.855    -1.66    1.76
 -70337.493    48.291    -1.50    2.13
 -69961.716    47.160    -3.01    2.07
 -69585.944    46.419    -1.97    1.89
 -69210.176    46.154    -0.70    1.72
 -68834.411    45.974    -0.48    1.77
 -68458.651    45.906    -0.18    1.80
 -68082.895    45.559    -0.92    1.67
 -67707.144    44.941    -1.65    1.90
 -67331.396    44.342    -1.60    1.91
 -66955.652    43.737    -1.61    1.65
 -66579.913    43.211    -1.40    2.00
 -66204.178    42.701    -1.36    1.74
 -65828.447    42.316    -1.02    1.79
 -65452.720    41.872    -1.18    1.98
 -65076.997    41.291    -1.55    1.97
 -64701.278    41.011    -0.75    1.91
 -64325.563    40.752    -0.69    2.00
 -63949.853    40.419    -0.89    2.02
 -63574.146    40.404    -0.04    1.93
 -63198.444    39.527    -2.34    1.54
 -62822.387    39.289    -0.63    1.44
 -62445.871    38.448    -2.23    1.89
 -62069.359    37.778    -1.78    1.82
 -61692.851    37.235    -1.44    2.09
 -61316.347    36.194    -2.76    2.08
 -60939.848    35.188    -2.67    2.15
 -60563.352    34.606    -1.55    2.08
 -60186.861    34.726     0.32    1.98
 -59810.374    34.598    -0.34    2.21
 -59433.890    34.034    -1.50    2.34
 -59057.411    33.289    -1.98    2.06
 -58680.937    32.906    -1.02    1.96
 -58304.466    32.677    -0.61    2.24
 -57927.999    32.470    -0.55    2.25
 -57551.537    31.866    -1.60    1.99
 -57175.078    31.169    -1.85    1.96
 -56798.624    30.448    -1.92    1.82
 -56422.173    29.884    -1.50    2.18
 -56045.727    29.579    -0.81    2.37
 -55669.285    30.073     1.31    2.33
 -55292.847    30.261     0.50    2.30
 -54916.413    30.041    -0.58    2.18
 -54539.983    29.701    -0.90    2.03
 -54163.558    28.948    -2.00    2.15
 -53787.136    27.906    -2.77    2.02
 -53410.719    27.111    -2.11    1.99
 -53034.305    26.906    -0.54    2.14
 -52657.896    26.667    -0.63    2.02
 -52281.490    26.470    -0.52    2.17
 -51905.089    26.399    -0.19    2.12
 -51528.692    26.237    -0.43    2.06
 -51152.299    26.041    -0.52    1.81
 -50775.910    25.573    -1.24    1.80
 -50399.525    25.214    -0.96    1.79
 -50023.144    24.586    -1.67    2.09
 -49646.767    24.289    -0.79    1.85
 -49270.394    24.100    -0.50    1.69
 -48894.026    24.038    -0.16    1.83
 -48517.661    24.241     0.54    1.64
 -48141.300    24.366     0.33    1.74
 -47764.944    24.632     0.71    1.68
 -47388.591    24.214    -1.11    2.00
 -47012.243    24.162    -0.14    2.01
 -46635.899    23.598    -1.50    1.92
 -46259.558    23.421    -0.47    1.69
 -45883.222    23.547     0.33    1.49
 -45506.890    23.073    -1.26    1.42
 -45130.562    22.974    -0.26    1.15
 -44754.238    22.675    -0.79    1.04
 -44377.917    22.511    -0.44    1.14
 -44001.601    22.778     0.71    1.77
 -43625.289    22.938     0.43    1.89
 -43248.981    22.992     0.14    1.81
 -42872.677    22.911    -0.22    1.66
 -42496.377    22.761    -0.40    1.56
 -42120.082    22.766     0.01    1.66
 -41743.790    22.766     0.00    1.75
 -41367.502    22.316    -1.20    1.85
 -40991.218    21.880    -1.16    1.80
 -40614.938    21.158    -1.92    1.88
 -40238.662    20.444    -1.90    1.70
 -39862.391    19.752    -1.84    1.65
 -39486.123    19.188    -1.50    1.44
 -39109.859    18.938    -0.66    1.32
 -38733.599    18.553    -1.02    1.42
 -38357.344    18.803     0.67    1.64
 -37981.092    18.803    -0.00    1.63
 -37604.844    19.008     0.55    1.84
 -37228.600    19.532     1.39    1.95
 -36852.361    19.370    -0.43    1.84
 -36476.125    19.451     0.22    1.77
 -36099.893    19.011    -1.17    1.75
 -35723.666    18.316    -1.85    1.77
 -35347.442    18.066    -0.66    1.63
 -34971.222    18.181     0.31    1.55
 -34595.007    17.816    -0.97    1.54
 -34218.795    18.053     0.63    1.69
 -33842.587    18.239     0.50    1.97
 -33466.383    17.726    -1.36    1.82
 -33090.183    18.027     0.80    1.86
 -32713.988    18.127     0.27    2.05
 -32337.796    17.726    -1.06    1.89
 -31961.608    17.216    -1.36    2.18
 -31585.424    16.613    -1.60    2.20
 -31209.244    16.316    -0.79    2.56
 -30833.068    16.316     0.00    2.54
 -30456.896    15.857    -1.22    1.77
 -30080.728    16.478     1.65    1.94
 -29704.564    16.872     1.05    1.87
 -29328.404    16.541    -0.88    2.19
 -28952.248    16.041    -1.33    2.50
 -28576.096    14.965    -2.86    2.23
 -28199.948    14.416    -1.46    1.74
 -27823.804    13.921    -1.32    1.31
 -27447.664    13.606    -0.84    1.18
 -27071.527    13.342    -0.70    1.33
 -26695.395    12.948    -1.05    1.40
 -26319.267    12.369    -1.54    1.37
 -25943.142    11.983    -1.03    1.61
 -25567.022    11.566    -1.11    2.03
 -25190.905    10.830    -1.96    2.02
 -24814.793    10.466    -0.97    1.99
 -24438.684     9.932    -1.42    1.83
 -24062.579    10.205     0.73    1.72
 -23686.479    10.667     1.23    1.86
 -23310.382    10.899     0.62    1.66
 -22934.289    11.111     0.56    1.67
 -22558.200    10.466    -1.71    2.01
 -22182.115    10.154    -0.83    2.20
 -21806.034     9.616    -1.43    2.30
 -21429.957     9.803     0.50    2.72
 -21053.883    10.606     2.14    2.87
 -20677.814    11.419     2.16    2.53
 -20301.749    12.211     2.11    1.93
 -19925.687    12.579     0.98    1.66
 -19549.630    12.264    -0.84    1.58
 -19173.576    11.941    -0.86    1.61
 -18797.526    11.586    -0.94    1.92
 -18421.481    11.391    -0.52    1.80
 -18045.439    11.573     0.48    1.71
 -17669.401    11.594     0.06    1.92
 -17293.367    11.505    -0.24    2.27
 -16917.336    11.399    -0.28    2.38
 -16541.310    10.957    -1.18    3.18
 -16165.288    10.316    -1.70    3.00
 -15789.269    10.424     0.29    2.92
 -15413.255    10.791     0.98    2.65
 -15037.244    11.478     1.83    2.18
 -14661.237    11.474    -0.01    1.69
 -14285.235    11.444    -0.08    1.96
 -13909.236    11.895     1.20    1.80
 -13533.240    12.185     0.77    1.56
 -13157.249    12.106    -0.21    1.79
 -12781.262    12.191     0.23    1.67
 -12405.278    11.884    -0.82    1.72
 -12029.299    12.266     1.02    1.75
 -11653.323    12.752     1.29    1.85
 -11277.351    13.397     1.72    2.03
 -10901.384    13.938     1.44    2.22
 -10525.419    12.594    -3.57    4.61
 -10149.459    11.137    -3.88    5.03
  -9773.503    10.641    -1.32    4.51
  -9397.551    10.965     0.86    4.63
  -9021.602    11.547     1.55    3.70
  -8645.657    11.594     0.13    3.33
  -8269.716    11.060    -1.42    3.31
  -7893.780    10.906    -0.41    2.97
  -7517.846    11.421     1.37    2.80
  -7141.917    11.790     0.98    2.57
  -6765.992    11.053    -1.96    4.11
  -6390.070     8.516    -6.75    6.05
  -6014.153     5.965    -6.79    6.82
  -5638.239     3.266    -7.18    6.23
  -5262.329     0.649    -6.96    4.04
  -4886.423    -0.468    -2.97    1.32
  -4510.520     0.019     1.29    2.41
  -4134.622     0.038     0.05    2.44
  -3758.727     0.316     0.74    3.02
  -3382.837    -0.209    -1.40    2.12
  -3006.950    -0.684    -1.26    0.00
  -2631.067    -0.684     0.00    0.00
  -2255.187    -0.684     0.00    0.00
  -1879.312    -0.684     0.00    0.00
  -1503.440    -0.684     0.00    0.00
  -1127.573    -0.684     0.00    0.00
   -751.709    -0.579     0.28    0.31
   -375.849     0.342     2.45    3.21
      0.008     1.941     4.25    5.65
    375.860     2.749     2.15    6.06
    751.709     5.041     6.10    8.32
   1127.554     6.855     4.83    8.96
   1503.395     7.100     0.65    8.93
   1879.232     9.667     6.83   10.58
   2255.065     9.316    -0.93   10.40
   2630.895     6.726    -6.89    9.17
   3006.720     5.841    -2.36    7.91
   3382.542     5.100    -1.97    8.29
   3758.361     6.957     4.94    9.38
   4134.175     9.983     8.05   10.23
   4509.985    12.291     6.14    9.94
   4885.792    14.855     6.82    8.05
   5261.595    16.895     5.43    7.04
   5637.394    21.685    12.74   12.94
   6013.189    25.906    11.23   18.84
   6388.981    26.466     1.49   18.66
   6764.769    22.749    -9.89   16.84
   7140.553    18.034   -12.55    8.49
   7516.333    15.237    -7.44    2.32
   7892.109    15.722     1.29    3.22
   8267.882    17.938     5.90    4.47
   8643.651    20.705     7.36    6.02
   9019.416    26.983    16.71   14.26
   9395.177    34.266    19.38   21.85
   9770.934    43.749    25.24   32.77
  10146.688    63.393    52.28   50.50
  10522.438    81.233    47.48   61.70
  10898.184    92.316    29.50   60.77
  11273.927    91.701    -1.64   59.26
  11649.665    82.342   -24.91   50.90
  12025.400    79.106    -8.61   43.75
  12401.683    74.060   -13.41   45.51
  12778.159    88.941    39.53   48.27
  13154.631    82.046   -18.32   50.42
  13531.099    75.214   -18.15   51.99
  13907.563    57.579   -46.84   45.88
  14284.024    30.788   -71.17   22.61
  14660.481    24.073   -17.84   11.90
  15036.934    20.233   -10.20    3.53
  15413.383    18.957    -3.39    3.11
  15789.828    18.470    -1.29    3.01
  16166.270    17.911    -1.49    2.67
  16542.708    17.291    -1.65    2.70
  16919.142    17.288    -0.01    2.58
  17295.572    17.316     0.07    2.36
  17671.999    16.547    -2.04    2.92
  18048.422    16.290    -0.68    2.95
  18424.841    15.527    -2.03    2.91
  18801.257    15.237    -0.77    3.01
  19177.668    15.191    -0.12    3.08
  19554.076    14.208    -2.61    3.28
  19930.480    13.560    -1.72    2.88
  20306.881    13.008    -1.47    2.45
  20683.277    12.451    -1.48    2.00
  21059.670    12.559     0.29    1.67
  21436.060    12.776     0.57    1.63
  21812.445    12.393    -1.02    1.36
  22188.827    12.496     0.27    1.02
  22565.205    12.427    -0.18    1.01
  22941.579    12.624     0.52    1.47
  23317.950    13.208     1.55    2.32
  23694.316    13.938     1.94    2.61
  24070.679    14.691     2.00    2.70
  24447.039    15.262     1.52    2.34
  24823.394    14.906    -0.95    2.53
  25199.746    14.185    -1.92    2.42
  25576.095    13.216    -2.57    1.86
  25952.439    12.938    -0.74    1.92
  26328.780    12.584    -0.94    1.80
  26705.117    12.419    -0.44    1.37
  27081.450    12.261    -0.42    1.37
  27457.780    12.695     1.15    1.72
  27834.106    13.073     1.01    1.98
  28210.428    13.675     1.60    2.13
  28586.747    14.111     1.16    2.05
  28963.062    14.402     0.77    1.95
  29339.373    14.598     0.52    1.90
  29715.680    14.869     0.72    1.75
  30091.984    15.316     1.19    1.68
  30468.284    15.752     1.16    2.02
  30844.580    16.264     1.36    2.73
  31220.873    16.803     1.43    3.54
  31597.162    18.211     3.74    3.94
  31973.447    20.041     4.86    4.69
  32349.729    20.938     2.38    3.95
  32726.007    21.072     0.36    3.85
  33102.281    20.701    -0.99    3.78
  33478.552    20.177    -1.39    3.47
  33854.819    20.073    -0.28    3.27
  34231.082    22.505     6.46    6.33
  34607.341    24.474     5.23    6.90
  34983.597    27.444     7.89    9.53
  35359.849    27.680     0.63   10.30
  35736.098    25.060    -6.96   10.13
  36112.343    22.895    -5.75    5.75
  36488.584    22.749    -0.39    5.84
  36864.821    25.393     7.03    6.17
  37241.055    27.803     6.40    4.99
  37617.286    27.547    -0.68    5.00
  37993.512    26.008    -4.09    5.69
  38369.735    25.366    -1.71    5.09
  38745.954    24.965    -1.07    4.69
  39122.170    25.675     1.89    3.85
  39498.382    26.291     1.64    3.05
  39874.590    26.538     0.66    3.25
  40250.795    26.370    -0.45    3.19
  40626.996    26.857     1.29    3.01
  41003.193    26.579    -0.74    3.26
  41379.387    26.034    -1.45    3.81
  41755.577    26.097     0.17    4.46
  42131.763    25.632    -1.24    3.90
  42507.946    25.290    -0.91    3.50
  42884.125    24.911    -1.01    2.98
  43260.301    24.726    -0.49    1.98
  43636.473    24.857     0.35    1.91
  44012.641    25.137     0.74    1.60
  44388.806    25.598     1.23    1.76
  44764.967    26.008     1.09    1.92
  45141.124    26.027     0.05    1.99
  45517.278    26.393     0.97    2.07
  45893.428    26.829     1.16    2.39
  46269.575    27.316     1.30    2.37
  46645.717    28.586     3.38    2.58
  47021.857    29.106     1.38    2.82
  47397.992    30.262     3.07    2.95
  47774.125    33.188     7.78    6.98
  48150.253    42.816    25.60   28.32
  48526.378    53.496    28.39   38.08
  48902.499    60.470    18.54   42.51
  49278.617    68.927    22.49   49.56
  49654.731    61.726   -19.15   48.69
  50030.841    49.965   -31.27   40.48
  50406.948    37.367   -33.49   13.22
  50783.051    35.906    -3.89    6.51
  51159.151    36.079     0.46    6.75
  51535.247    34.895    -3.15    5.89
  51911.340    34.008    -2.36    4.74
  52287.429    33.034    -2.59    5.19
  52663.514    32.399    -1.69    4.82
  53039.596    32.208    -0.51    4.86
  53415.674    30.474    -4.61    4.92
  53791.748    29.181    -3.44    4.96
  54167.819    28.419    -2.03    4.24
  54543.887    28.066    -0.94    3.84
  54919.950    28.470     1.07    3.54
  55296.011    29.085     1.64    3.84
  55672.067    28.205    -2.34    3.81
  56048.120    27.624    -1.55    4.47
  56424.170    27.451    -0.46    3.98
  56800.216    27.906     1.21    3.61
  57176.258    27.983     0.20    3.77
  57552.297    29.316     3.55    3.64
  57928.332    29.579     0.70    3.94
  58304.364    30.316     1.96    4.21
  58680.392    30.137    -0.48    4.45
  59056.417    29.594    -1.44    4.68
  59432.438    29.938     0.91    4.82
  59808.455    30.421     1.29    3.23
  60184.469    30.857     1.16    3.12
  60560.480    30.932     0.20    3.17
  60936.487    30.801    -0.35    3.51
  61312.490    29.906    -2.38    3.80
  61688.490    29.701    -0.55    3.52
  62064.486    29.955     0.68    3.42
  62440.478    30.188     0.62    3.09
  62816.468    30.749     1.49    2.56
  63192.453    31.291     1.44    2.58
  63568.435    31.649     0.95    2.58
  63944.414    31.606    -0.12    2.29
  64320.389    32.132     1.40    2.05
  64696.360    33.214     2.88    2.43
  65072.328    34.239     2.73    2.51
  65448.292    35.261     2.72    2.29
  65824.253    36.019     2.02    2.22
  66200.211    37.000     2.61    2.37
  66576.165    38.100     2.92    2.74
  66952.115    39.711     4.28    3.52
  67328.062    41.551     4.90    4.40
  67704.005    44.060     6.67    7.71
  68079.945    48.701    12.34   19.44
  68455.881    51.955     8.66   20.85
  68831.814    50.752    -3.20   20.69
  69207.743    46.478   -11.37   17.01
  69583.669    44.701    -4.73   13.70
  69959.591    41.444    -8.66    3.75
  70335.510    41.598     0.41    2.93
  70711.425    41.606     0.02    2.82
  71087.336    41.008    -1.59    3.15
  71463.245    40.591    -1.11    3.30
  71839.149    40.233    -0.95    3.62
  72215.051    38.722    -4.02    3.31
  72590.948    38.132    -1.57    3.86
  72966.843    40.235     5.59    8.21
  73342.733    40.992     2.01    7.99
  73718.621    42.110     2.98    8.03
  74094.504    42.239     0.34    3.70
  74470.385    43.906     4.43    4.71
  74846.261    45.066     3.09    3.85
  75222.135    45.367     0.80    3.27
  75598.005    45.397     0.08    3.29
  75973.871    45.855     1.22    3.58
  76349.734    45.579    -0.73    4.29
  76725.593    44.726    -2.27    5.34
  77101.449    43.606    -2.98    5.09
  77477.302    42.111    -3.98    3.99
  77853.151    47.916    15.45   16.39
  78228.996    57.649    25.90   32.40
  78604.839    80.424    60.60   54.56
  78980.677   115.289    92.76   63.00
  79356.512   128.235    34.45   64.06
  79732.344   145.722    46.53   67.62
  80108.172   166.022    54.01   72.13
  80483.997   175.916    26.33   84.20
  80859.818   192.085    43.02   89.81
  81235.636   197.483    14.36   97.65
  81611.451   196.367    -2.97  108.18
  81987.262   196.776     1.09  116.82
  82363.069   195.085    -4.50  126.89
  82738.873   193.711    -3.66  133.80
  83114.674   188.957   -12.65  133.41
  83490.471   168.424   -54.64  125.07
  83866.265   157.855   -28.13  130.03
  84242.055   143.266   -38.82  125.68
  84617.842   103.233  -106.53   88.11
  84993.626    87.289   -42.43   72.02
  85369.406    76.884   -27.69   60.89
  85745.183    59.505   -46.25   27.12
  86120.956    56.235    -8.70   18.71
  86496.725    54.773    -3.89   13.34
  86872.492    51.591    -8.47    4.65
  87248.283    51.895     0.81    5.02
  87624.734    52.038     0.38    5.60
  88001.181    54.470     6.46   12.25
  88377.625    59.100    12.30   21.26
  88754.066    57.470    -4.33   18.08
  89130.503    59.053     4.21   20.54
  89506.937    65.521    17.18   23.02
  89883.367    73.532    21.28   27.46
  90259.794    82.547    23.95   30.30
  90636.217    88.716    16.39   31.47
  91012.637    86.122    -6.89   32.78
  91389.054    87.803     4.47   33.30
  91765.467    86.289    -4.02   33.34
  92141.877    80.776   -14.65   27.02
  92518.283    77.911    -7.61   21.34
  92894.686    78.773     2.29   22.72
  93271.086    81.741     7.88   25.32
  93647.482    84.188     6.50   25.38
  94023.875    84.992     2.14   25.17
  94400.264    87.085     5.56   25.46
  94776.650    88.992     5.07   24.70
  95153.032    90.470     3.93   27.08
  95529.411    89.948    -1.39   27.62
  95905.787    86.470    -9.24   26.79
  96282.160    79.722   -17.93   19.56
  96658.529    80.111     1.03   15.73
  97034.894    86.438    16.81   16.99
  97411.256    99.372    34.36   24.13
  97787.615   111.085    31.12   26.35
  98163.970   127.685    44.10   24.19
  98540.322   132.235    12.09   22.60
  98916.671   124.046   -21.76   34.93
  99293.016   102.745   -56.60   39.87
  99669.358    85.547   -45.70   31.03
 100045.697    73.541   -31.90   19.53
 100422.032    66.208   -19.49   14.26
 100798.364    69.034     7.51   24.98
 101174.692    73.594    12.12   32.97
 101551.017    80.158    17.44   37.80
 101927.339    77.393    -7.35   37.45
 102303.657    70.869   -17.34   34.50
 102679.972    58.869   -31.89   19.90
 103056.284    50.855   -21.30    3.80
 103432.592    50.091    -2.03    2.89
 103808.897    50.127     0.10    3.02
 104185.198    50.641     1.37    3.25
 104561.496    50.500    -0.37    4.46
 104937.791    51.100     1.59    5.63
 105314.082    52.938     4.88    7.11
 105690.371    55.233     6.10    8.09
 106066.655    57.701     6.56    8.31
 106442.937    64.016    16.78   14.22
 106819.215    68.127    10.92   14.23
 107195.489    68.085    -0.11   13.41
 107571.761    64.872    -8.54    8.58
 107948.029    63.790    -2.88    8.43
 108324.294    61.906    -5.01    3.26
 108700.555    62.053     0.39    3.29
 109076.813    61.342    -1.89    3.94
 109453.068    59.237    -5.60    5.41
 109829.319    57.116    -5.64    4.92
 110205.567    55.127    -5.29    4.38
 110581.812    54.516    -1.62    4.93
 110958.053    52.573    -5.17    4.55
 111334.291    51.899    -1.79    4.87
 111710.526    51.181    -1.91    3.93
 112086.757    51.399     0.58    3.96
 112462.986    52.675     3.39    3.62
 112839.210    53.866     3.17    4.33
 113215.432    55.177     3.48    4.49
 113591.650    57.091     5.09    5.56
 113967.865    58.586     3.97    5.53
 114344.077    60.154     4.17    5.37
 114720.285    62.658     6.66    7.82
 115096.490    68.842    16.44   21.40
 115472.691    82.579    36.51   36.79
 115848.890    87.237    12.38   36.86
 116225.085    88.616     3.67   35.06
 116601.277    85.992    -6.98   31.73
 116977.465    77.991   -21.27    8.33
 117353.650    86.624    22.95   34.06
 117729.832   113.205    70.66   74.30
 118106.011   142.100    76.81  102.06
 118482.186   153.776    31.04  105.70
 118858.358   168.264    38.51  105.45
 119234.527   169.316     2.80   85.24
 119610.692   174.803    14.58   67.44
 119986.854   243.191   181.80  109.78
 120363.013   322.948   212.02  148.99
 120739.169   427.722   278.53  179.69
 121115.321   534.869   284.84  157.21
 121491.470   591.752   151.22  101.14
 121867.616   629.444   100.20   46.66
 122243.758   623.264   -16.43   39.89
 122619.898   618.266   -13.29   33.60
 122996.034   631.816    36.02   28.66
 123372.166   642.466    28.31   35.50
 123748.296   661.496    50.59   35.40
 124124.422   671.859    27.55   30.55
 124500.545   673.397     4.09   26.72
 124876.665   673.722     0.86   30.29
 125252.781   659.100   -38.87   37.21
 125628.894   636.393   -60.37   51.58
 126005.004   610.046   -70.05   57.08
 126381.111   569.866  -106.83   52.42
 126757.214   559.316   -28.05   49.58
 127133.314   551.100   -21.85   50.39
 127509.411   554.957    10.26   52.10
 127885.505   571.239    43.29   60.63
 128261.595   572.711     3.91   61.07
 128637.683   574.695     5.27   56.99
 129013.766   576.547     4.93   49.61
 129389.847   580.424    10.31   46.80
 129765.925   592.891    33.15   46.44
 130141.999   615.541    60.23   39.40
 130518.070   634.002    49.09   26.93
 130894.138   638.776    12.69   22.50
 131270.202   639.992     3.23   24.59
 131646.264   638.478    -4.02   24.25
 132022.322   635.185    -8.76   22.08
 132398.377   633.399    -4.75   18.56
 132774.428   621.066   -32.80   27.65
 133150.477   607.162   -36.97   30.38
 133526.522   584.100   -61.33   40.25
 133902.564   572.085   -31.95   38.31
 134278.603   572.008    -0.20   41.50
 134654.638   568.948    -8.14   43.94
 135030.671   575.722    18.01   41.89
 135406.700   553.726   -58.49   57.93
 135782.726   522.749   -82.38   52.89
 136158.749   502.752   -53.18   47.37
 136534.768   495.516   -19.24   49.32
 136910.785   490.202   -14.13   52.12
 137286.798   484.397   -15.44   42.55
 137662.808   493.397    23.93   37.02
 138038.814   499.640    16.60   32.85
 138414.818   504.237    12.22   35.05
 138790.818   519.594    40.84   39.49
 139166.816   536.170    44.08   38.34
 139542.810   547.214    29.37   28.11
 139918.800   534.992   -32.50   34.90
 140294.788   498.470   -97.13   50.25
 140670.772   487.027   -30.43   54.88
 141046.754   493.711    17.78   60.00
 141422.732   474.483   -51.14   70.68
 141798.707   469.214   -14.01   74.18
 142174.678   431.235  -101.01   68.73
 142550.647   404.752   -70.44   57.44
 142926.612   386.841   -47.64   57.16
 143302.575   354.945   -84.84   31.71
 143678.534   341.830   -34.88   31.89
 144054.489   330.911   -29.04   30.44
 144430.442   324.658   -16.63   34.64
 144806.392   325.606     2.52   39.09
 145182.338   326.205     1.59   38.49
 145558.281   327.487     3.41   36.76
 145934.221   332.803    14.14   36.72
 146310.158   341.181    22.28   49.63
 146686.092   370.880    79.00   67.66
 147062.023   389.264    48.90   61.21
 147437.950   378.034   -29.87   50.36
 147813.874   375.011    -8.04   37.57
 148189.795   364.752   -27.29   34.77
 148565.713   359.649   -13.57   47.33
 148941.628   363.547    10.37   84.74
 149317.540   373.393    26.19  104.67
 149693.449   345.688   -73.70  105.56
 150069.354   323.722   -58.43   93.75
 150445.256   303.046   -55.00   67.72
 150821.155   278.869   -64.32   44.49
 151197.052   266.185   -33.74   39.50
 151572.944   260.761   -14.43   33.68
 151948.834   254.902   -15.59   25.51
 152324.721   264.829    26.41   36.54
 152700.604   280.965    42.93   48.89
 153076.485   286.027    13.47   46.93
 153452.362   286.921     2.38   43.61
 153828.236   301.393    38.50   46.11
 154204.107   300.399    -2.64   42.00
 154579.975   312.137    31.23   43.25
 154955.840   337.094    66.40   59.90
 155331.701   370.265    88.25   91.58
 155707.560   424.957   145.51   94.82
 156083.415   489.953   172.92   64.08
 156459.268   522.640    86.97   53.14
 156835.117   548.803    69.61   58.96
 157210.963   590.290   110.38   84.05
 157586.806   624.553    91.16   80.81
 157962.646   639.019    38.49   69.21
 158338.483   653.466    38.44   52.77
 158714.317   643.855   -25.57   42.95
 159090.147   611.342   -86.51   66.22
 159465.975   537.370  -196.82  127.92
 159841.799   422.527  -305.57  154.23
 160217.621   344.470  -207.69  117.46
 160593.439   313.149   -83.34   92.84
 160969.254   372.547   158.04  122.09
 161345.066   459.011   230.06  109.78
 161720.875   516.188   152.14   69.01
 162096.681   546.060    79.48   51.91
 162472.699   561.472    40.99   39.76
 162849.110   556.343   -13.63   43.43
 163225.518   552.424   -10.41   39.32
 163601.923   536.397   -42.58   54.91
 163978.325   511.393   -66.43   82.47
 164354.724   494.397   -45.15   86.96
 164731.120   488.573   -15.47   87.83
 165107.512   476.701   -31.54   80.94
 165483.902   474.053    -7.03   72.60
 165860.289   446.316   -73.69   72.39
 166236.672   424.265   -58.59   57.42
 166613.052   423.983    -0.75   61.57
 166989.430   420.100   -10.32   68.76
 167365.804   432.214    32.18   60.78
 167742.175   427.424   -12.72   46.56
 168118.543   425.803    -4.31   31.58
 168494.908   417.573   -21.87   34.94
 168871.270   398.441   -50.83   39.70
 169247.629   379.906   -49.25   36.14
 169623.985   357.369   -59.88   37.36
 170000.338   348.046   -24.77   37.43
 170376.688   331.034   -45.20   37.26
 170753.034   316.372   -38.96   39.27
 171129.378   306.316   -26.72   32.13
 171505.719   300.932   -14.31   34.62
 171882.056   291.289   -25.62   32.40
 172258.391   296.214    13.08   40.13
 172634.722   301.214    13.29   42.08
 173011.051   311.008    26.03   41.99
 173387.376   313.208     5.84   36.75
 173763.698   314.316     2.94   31.52
 174140.018   306.722   -20.18   35.82
 174516.334   301.395   -14.15   44.73
 174892.647   294.079   -19.44   41.19
 175268.957   294.316     0.63   40.46
 175645.265   302.521    21.80   39.84
 176021.569   309.053    17.36   39.64
 176397.870   304.208   -12.87   39.26
 176774.168   291.895   -32.72   38.18
 177150.463   273.899   -47.82   44.87
 177526.755   264.606   -24.70   51.47
 177903.044   247.342   -45.88   49.09
 178279.330   231.181   -42.95   44.63
 178655.613   206.342   -66.01   52.02
 179031.893   200.675   -15.06   50.97
 179408.170   190.060   -28.21   50.96
 179784.444   188.830    -3.27   52.51
 180160.715   190.367     4.09   57.91
 180536.983   178.640   -31.17   58.54
 180913.248   165.262   -35.55   58.28
 181289.510   138.505   -71.11   46.48
 181665.769   130.589   -21.04   41.21
 182042.025   158.111    73.14   66.61
 182418.278   219.291   162.60   81.90
 182794.528   278.677   157.83   91.65
 183170.775   353.606   199.14   90.79
 183547.019   411.066   152.72   91.17
 183923.260   449.342   101.73   90.26
 184299.498   479.008    78.85   84.36
 184675.733   501.884    60.80   76.15
 185051.965   520.085    48.38   70.87
 185428.194   542.474    59.51   56.09
 185804.420   556.111    36.25   40.41
 186180.643   569.559    35.74   30.26
 186556.863   577.291    20.55   35.72
 186933.080   587.938    28.30   36.82
 187309.294   600.316    32.90   40.44
 187685.505   611.424    29.53   31.38
 188061.714   618.788    19.57   20.81
 188437.919   620.778     5.29   22.37
 188814.121   609.829   -29.10   23.59
 189190.320   599.372   -27.80   17.29
 189566.517   592.685   -17.77   27.46
 189942.710   580.927   -31.25   36.78
 190318.900   555.842   -66.68   51.31
 190695.088   523.991   -84.67   47.72
 191071.272   500.505   -62.43   25.54
 191447.454   492.316   -21.77   15.68
 191823.632   496.658    11.54   23.80
 192199.808   498.957     6.11   24.62
 192575.981   499.505     1.46   22.81
 192952.150   497.541    -5.22   16.08
 193328.317   514.188    44.25   44.45
 193704.481   536.046    58.11   67.04
 194080.642   581.127   119.84   81.01
 194456.800   640.011   156.53   88.87
 194832.955   683.726   116.21  101.50
 195209.107   724.675   108.86   82.82
 195585.256   730.649    15.88   85.53
 195961.402   671.948  -156.05  130.52
 196337.546   562.992  -289.65  137.88
 196713.686   462.559  -267.00  117.03
 197089.823   399.841  -166.74   76.25
 197465.958   374.830   -66.49   48.81
 197842.089   385.816    29.21   58.86
 198218.218   414.342    75.84   64.64
 198594.344   466.116   137.64   87.33
 198970.467   541.857   201.36  116.68
 199346.586   627.633   228.05  125.22
 199722.703   719.573   244.43  103.69
 200098.817   784.066   171.47   53.50
 200474.928   812.343    75.18   31.25
 200851.037   820.370    21.34   20.26
 201227.142   817.111    -8.67   16.26
 201603.244   819.162     5.45   14.05
 201979.344   813.177   -15.91   22.70
 202355.440   813.034    -0.38   26.22
 202731.534   814.553     4.04   27.92
 203107.625   819.538    13.26   36.52
 203483.713   833.419    36.91   32.41
 203859.798   830.606    -7.48   42.14
 204235.880   823.880   -17.88   49.89
 204611.959   815.079   -23.40   50.54
 204988.035   799.191   -42.25   43.77
 205364.109   775.640   -62.62   53.20
 205740.179   736.391  -104.36   77.15
 206116.247   682.624  -142.97   84.67
 206492.312   631.066  -137.09   49.82
 206868.374   617.965   -34.84   34.54
 207244.433   633.424    41.11   43.85
 207620.489   659.181    68.49   46.95
 207996.542   698.214   103.79   69.60
 208372.592   743.094   119.34   89.55
 208748.640   829.111   228.73  138.01
 209124.684   891.132   164.92  127.11
 209500.726   911.483    54.12  105.35
 209876.765   935.829    64.74   90.72
 210252.801   937.444     4.30   74.25
 210628.834   958.983    57.28   58.71
 211004.864   979.448    54.42   39.18
 211380.892  1001.034    57.40   41.97
 211756.916  1049.397   128.61   99.61
 212132.938  1103.983   145.16  127.67
 212508.957  1171.778   180.29  133.42
 212884.973  1224.816   141.05  108.28
 213260.986  1252.100    72.56   78.81
 213636.996  1236.262   -42.12   99.91
 214013.003  1185.397  -135.27  123.34
 214389.008  1124.393  -162.24  122.64
 214765.010  1078.899  -120.99  109.33
 215141.009  1012.752  -175.92   60.67
 215517.005   985.027   -73.74   45.15
 215892.998   961.695   -62.05   30.40
 216268.988   940.188   -57.20   34.45
 216644.976   915.869   -64.68   37.52
 217020.960   871.685  -117.51   58.85
 217396.942   825.451  -122.96   61.66
 217772.921   786.624  -103.27   48.73
 218148.897   770.316   -43.37   36.78
 218524.871   788.624    48.69   58.36
 218900.841   841.191   139.81   76.13
 219276.809   883.761   113.22   61.32
 219652.774   904.343    54.74   50.78
 220028.736   888.965   -40.90   68.04
 220404.695   842.613  -123.28   69.58
 220780.651   786.106  -150.30   74.44
 221156.605   749.511   -97.33   72.23
 221532.556   691.616  -153.99   75.99
 221908.504   637.932  -142.79   92.71
 222284.449   563.586  -197.75  104.80
 222660.391   498.060  -174.29  100.28
 223036.331   449.606  -128.88   77.06
 223412.267   410.448  -104.16   54.66
 223788.201   398.100   -32.84   49.93
 224164.133   381.342   -44.58   33.88
 224540.061   383.559     5.90   34.33
 224915.986   395.316    31.27   42.80
 225291.909   415.741    54.33   49.84
 225667.829   425.630    26.31   47.17
 226043.746   408.776   -44.83   46.54
 226419.660   390.289   -49.18   38.81
 226795.572   375.073   -40.48   24.05
 227171.481   399.019    63.70   50.40
 227547.387   421.872    60.79   55.22
 227923.290   446.658    65.93   59.09
 228299.190   467.701    55.98   56.27
 228675.088   477.722    26.66   56.78
 229050.983   459.547   -48.35   65.15
 229426.875   440.632   -50.32   61.21
 229802.764   413.624   -71.85   51.33
 230178.651   383.397   -80.41   38.49
 230554.534   363.957   -51.72   35.47
 230930.415   357.927   -16.04   33.02
 231306.293   366.855    23.75   41.41
 231682.169   392.649    68.62   59.46
 232058.042   428.801    96.18   54.32
 232433.911   457.316    75.86   54.14
 232809.779   469.938    33.58   51.85
 233185.643   466.421    -9.35   51.46
 233561.505   464.527    -5.04   49.01
 233937.363   459.965   -12.14   46.45
 234313.220   448.591   -30.26   45.39
 234689.073   441.367   -19.22   35.86
 235064.923   432.185   -24.43   25.48
 235440.771   438.505    16.82   26.96
 235816.616   435.106    -9.05   22.10
 236192.459   443.342    21.91   32.53
 236568.298   462.538    51.07   56.64
 236944.135   474.598    32.09   64.41
 237319.969   477.233     7.01   60.42
 237696.167   450.137   -72.02   63.82
 238072.547   413.367   -97.69   49.30
 238448.924   390.410   -60.99   36.95
 238825.299   384.632   -15.35   38.01
 239201.670   377.424   -19.15   48.74
 239578.039   363.208   -37.77   57.83
 239954.405   348.829   -38.20   62.95
 240330.769   344.289   -12.06   58.51
 240707.130   364.265    53.07   62.42
 241083.488   383.983    52.39   52.59
 241459.843   390.316    16.83   55.14
 241836.196   371.685   -49.50   62.39
 242212.546   349.188   -59.77   63.65
 242588.893   319.521   -78.82   53.26
 242965.237   306.154   -35.52   49.63
 243341.579   324.008    47.44   53.06
 243717.918   363.127   103.94   69.20
 244094.254   400.752    99.97   62.11
 244470.587   425.290    65.20   34.30
 244846.918   417.379   -21.02   36.81
 245223.246   396.573   -55.28   33.49
 245599.572   384.632   -31.73   25.66
 245975.894   377.181   -19.80   19.80
 246352.214   377.008    -0.46   15.70
 246728.532   374.677    -6.19   16.72
 247104.846   377.521     7.56   18.90
 247481.158   376.060    -3.88   20.45
 247857.467   376.505     1.18   20.09
 248233.774   394.470    47.74   38.64
 248610.077   426.547    85.24   68.87
 248986.378   432.547    15.94   72.76
 249362.677   430.559    -5.28   77.59
 249738.972   400.188   -80.71   79.54
 250115.265   350.154  -132.96   39.69
 250491.556   339.685   -27.82   34.53
 250867.843   339.019    -1.77   32.53
 251244.128   350.004    29.19   34.41
 251620.410   361.367    30.20   31.34
 251996.690   365.606    11.26   30.83
 252372.967   372.788    19.09   34.56
 252749.241   387.658    39.52   38.58
 253125.512   416.622    76.97   54.51
 253501.781   458.342   110.87   84.94
 253878.047   535.188   204.22  112.60
 254254.311   643.100   286.79  143.48
 254630.572   818.079   465.03  223.78
 255006.830   959.855   376.79  191.38
 255383.085  1063.085   274.35  133.63
 255759.338  1120.289   152.03   69.55
 256135.588  1114.941   -14.21   57.84
 256511.836  1112.667    -6.04   43.88
 256888.081  1100.100   -33.40   35.50
 257264.323  1108.424    22.12   42.48
 257640.562  1140.459    85.14   54.42
 258016.799  1180.906   107.50   53.27
 258393.034  1209.419    75.78   36.12
 258769.265  1219.927    27.93   27.06
 259145.494  1209.316   -28.20   32.41
 259521.720  1198.177   -29.61   32.62
 259897.944  1187.079   -29.50   31.55
 260274.165  1180.419   -17.70   29.21
 260650.383  1181.127     1.88   32.99
 261026.599  1166.579   -38.67   45.21
 261402.812  1130.764   -95.20   61.23
 261779.022  1092.641  -101.33   55.83
 262155.230  1062.667   -79.67   42.28
 262531.435  1049.341   -35.42   40.69
 262907.638  1043.239   -16.22   48.87
 263283.838  1033.397   -26.16   59.52
 263660.035   995.695  -100.22   84.68
 264036.230   926.857  -182.98  118.63
 264412.422   875.803  -135.70   99.86
 264788.611   856.060   -52.48   80.50
 265164.798   867.459    30.30   85.65
 265540.982   904.265    97.84   76.00
 265917.164   960.478   149.42   78.41
 266293.342  1001.511   109.07   79.39
 266669.519  1033.983    86.32   65.11
 267045.692  1044.262    27.32   49.42
 267421.864  1024.932   -51.39   59.31
 267798.032   995.948   -77.05   64.12
 268174.198   977.241   -49.73   62.69
 268550.361   995.803    49.34   97.39
 268926.522  1042.866   125.11  118.14
 269302.680  1080.291    99.49  100.01
 269678.835  1072.288   -21.27  103.34
 270054.988  1025.073  -125.52   94.32
 270431.138   982.262  -113.81   65.38
 270807.286   986.316    10.78   45.31
 271183.431  1000.060    36.54   45.38
 271559.574  1022.844    60.57   50.49
 271935.714  1049.008    69.56   56.66
 272311.851  1062.895    36.92   62.65
 272687.986  1087.122    64.41   51.95
 273064.118  1072.291   -39.43   72.19
 273440.247  1053.137   -50.92   92.32
 273816.374   993.496  -158.56  113.49
 274192.499   928.000  -174.12  117.76
 274568.620   887.957  -106.46  127.90
 274944.740   848.127  -105.89  125.42
 275320.856   809.841  -101.79  120.38
 275696.970   757.591  -138.91   91.35
 276073.082   718.399  -104.20   62.28
 276449.191   711.397   -18.62   46.87
 276825.297   719.424    21.34   49.30
 277201.401   732.262    34.13   55.60
 277577.502   746.948    39.05   49.54
 277953.601   739.261   -20.44   47.70
 278329.697   733.829   -14.44   39.72
 278705.791   705.579   -75.11   44.48
 279081.882   680.613   -66.38   39.71
 279457.970   660.547   -53.35   44.64
 279834.056   642.553   -47.84   44.99
 280210.140   627.869   -39.04   38.57
 280586.220   622.955   -13.06   33.63
 280962.299   629.675    17.87   31.67
 281338.374   642.343    33.68   24.75
 281714.447   648.085    15.27   24.54
 282090.518   655.191    18.89   28.51
 282466.586   661.545    16.89   29.98
 282842.652   670.289    23.25   31.64
 283218.715   673.127     7.55   31.98
 283594.775   657.857   -40.60   36.22
 283970.833   637.343   -54.55   28.69
 284346.889   632.094   -13.96   25.32
 284722.941   646.291    37.75   40.33
 285098.992   665.444    50.93   49.03
 285475.040   697.289    84.68   47.24
 285851.085   732.470    93.55   45.45
 286227.128   768.158    94.90   57.82
 286603.168   825.060   151.31   87.44
 286979.206   894.208   183.88  101.99
 287355.241   978.983   225.43  101.00
 287731.274  1060.872   217.76   89.59
 288107.304  1139.265   208.46   96.71
 288483.331  1218.111   209.67  101.90
 288859.357  1287.883   185.54   80.69
