-172065.228    -5.161     0.00    2.72
-171689.190    -4.569     1.58    3.03
-171313.155    -3.562     2.68    3.83
-170937.124    -2.978     1.55    3.88
-170561.097    -2.681     0.79    3.87
-170185.073    -2.232     1.19    3.81
-169809.053    -3.410    -3.13    4.19
-169433.036    -4.086    -1.80    4.45
-169057.023    -4.843    -2.01    4.28
-168681.013    -4.516     0.87    3.48
-168305.007    -4.540    -0.06    3.45
-167929.004    -4.723    -0.49    3.82
-167553.005    -5.104    -1.01    4.65
-167177.010    -5.385    -0.75    4.89
-166801.018    -6.660    -3.39    4.91
-166425.029    -6.514     0.39    4.58
-166049.044    -5.753     2.02    4.20
-165673.063    -6.232    -1.27    3.54
-165297.085    -6.565    -0.89    2.61
-164921.110    -6.987    -1.12    1.74
-164545.139    -6.951     0.10    1.84
-164169.172    -6.901     0.13    1.91
-163793.208    -6.232     1.78    2.66
-163417.248    -5.826     1.08    2.77
-163041.291    -5.653     0.46    2.79
-162665.338    -5.572     0.22    2.39
-162289.388    -5.383     0.50    2.26
-161913.441    -4.617     2.04    2.77
-161537.499    -3.552     2.83    2.95
-161161.559    -2.976     1.53    3.36
-160785.623    -2.253     1.92    3.21
-160409.691    -1.354     2.39    3.48
-160033.762    -1.719    -0.97    3.94
-159657.837    -2.569    -2.26    3.68
-159281.915    -2.924    -0.95    3.24
-158905.997    -4.053    -3.00    3.25
-158530.082    -4.487    -1.16    2.95
-158154.170    -5.086    -1.59    2.76
-157778.262    -5.071     0.04    2.48
-157402.358    -5.078    -0.02    2.52
-157026.457    -4.660     1.11    2.55
-156650.560    -3.978     1.81    2.69
-156274.666    -2.924     2.80    3.16
-155898.775    -2.329     1.58    3.06
-155522.888    -2.514    -0.49    3.02
-155147.004    -3.237    -1.92    3.06
-154771.124    -4.130    -2.37    3.00
-154395.248    -4.727    -1.59    2.88
-154019.374    -4.965    -0.63    3.07
-153643.505    -4.617     0.93    3.07
-153267.639    -4.053     1.50    3.20
-152891.776    -4.181    -0.34    3.16
-152515.916    -4.043     0.37    2.76
-152140.061    -4.037     0.01    2.70
-151764.208    -4.059    -0.06    2.53
-151388.359    -3.584     1.26    3.17
-151012.514    -3.335     0.66    3.83
-150636.672    -3.243     0.24    3.87
-150260.833    -3.545    -0.81    3.56
-149884.998    -3.735    -0.50    2.84
-149509.166    -3.978    -0.65    2.81
-149133.338    -3.745     0.62    2.62
-148757.513    -3.437     0.82    2.55
-148381.691    -3.694    -0.68    2.29
-148005.873    -3.043     1.73    2.48
-147630.059    -2.826     0.58    2.77
-147254.248    -3.027    -0.53    2.87
-146878.440    -2.873     0.41    2.90
-146502.636    -3.591    -1.91    3.34
-146126.835    -3.727    -0.36    2.99
-145751.038    -3.612     0.30    3.34
-145375.244    -3.816    -0.54    3.40
-144999.453    -3.137     1.81    3.90
-144623.666    -1.642     3.98    7.06
-144247.882     2.257    10.38   11.86
-143872.102     6.536    11.39   16.71
-143496.155    11.941    14.38   19.87
-143119.704    13.374     3.81   19.39
-142743.257    12.819    -1.47   17.16
-142366.813    10.563    -5.99   15.58
-141990.373     5.793   -12.67    9.24
-141613.935     3.510    -6.07    6.36
-141237.502     1.257    -5.99    2.83
-140861.072     1.665     1.08    3.44
-140484.645     2.358     1.84    3.96
-140108.221     2.947     1.57    3.96
-139731.801     3.640     1.84    3.94
-139355.385     3.768     0.34    3.61
-138978.972     4.142     0.99    4.08
-138602.562     4.742     1.60    4.25
-138226.155     5.388     1.71    4.53
-137849.752     5.785     1.06    4.40
-137473.353     6.049     0.70    4.41
-137096.957     6.698     1.72    4.85
-136720.564     5.725    -2.59    4.59
-136344.174     5.178    -1.45    4.32
-135967.788     3.420    -4.67    3.56
-135591.406     2.913    -1.35    2.44
-135215.027     3.115     0.54    2.72
-134838.651     4.319     3.20    3.16
-134462.278     5.614     3.44    2.80
-134085.909     6.826     3.22    3.06
-133709.544     7.691     2.30    3.16
-133333.181     8.457     2.04    3.11
-132956.822     8.409    -0.13    2.64
-132580.467     8.698     0.77    2.46
-132204.115     8.747     0.13    2.61
-131827.766     9.188     1.17    2.76
-131451.420     9.646     1.22    2.69
-131075.078     9.536    -0.29    2.29
-130698.740     8.941    -1.58    2.46
-130322.404     9.157     0.57    2.67
-129946.072     8.590    -1.51    2.46
-129569.744     8.334    -0.68    2.59
-129193.419     7.763    -1.52    2.54
-128817.097     7.358    -1.08    2.67
-128440.778     7.238    -0.32    3.05
-128064.463     6.537    -1.86    3.08
-127688.151     6.905     0.98    3.30
-127311.843     6.300    -1.61    3.48
-126935.538     5.984    -0.84    2.84
-126559.236     4.922    -2.82    2.53
-126182.938     3.995    -2.46    2.36
-125806.643     3.247    -1.99    2.23
-125430.351     2.563    -1.82    2.72
-125054.062     1.791    -2.05    2.99
-124677.777     0.563    -3.27    3.54
-124301.496    -0.870    -3.81    4.34
-123925.217    -2.248    -3.66    4.90
-123548.942    -3.356    -2.95    4.79
-123172.671    -4.382    -2.73    4.83
-122796.402    -4.462    -0.21    3.85
-122420.137    -4.412     0.13    3.41
-122043.876    -5.140    -1.94    3.48
-121667.617    -6.053    -2.43    3.75
-121291.362    -6.200    -0.39    3.90
-120915.110    -6.174     0.07    3.21
-120538.862    -6.885    -1.89    3.72
-120162.617    -6.950    -0.17    3.89
-119786.375    -6.653     0.79    3.99
-119410.137    -5.937     1.90    3.98
-119033.901    -5.662     0.73    4.49
-118657.670    -4.604     2.81    3.70
-118281.441    -4.227     1.00    3.90
-117905.216    -3.653     1.52    3.18
-117528.994    -4.572    -2.44    3.55
-117152.775    -4.221     0.93    3.54
-116776.560    -4.187     0.09    3.64
-116400.348    -3.212     2.59    4.21
-116024.139    -1.027     5.81    4.27
-115647.934     0.698     4.59    4.47
-115271.732     2.460     4.68    3.37
-114895.533     4.049     4.22    2.04
-114519.337     4.668     1.64    1.80
-114143.145     4.614    -0.14    1.97
-113766.956     4.870     0.68    1.98
-113390.770     4.671    -0.53    1.93
-113014.588     4.642    -0.08    1.71
-112638.409     4.281    -0.96    1.97
-112262.233     4.563     0.75    1.90
-111886.061     4.332    -0.61    1.78
-111509.891     4.238    -0.25    1.65
-111133.725     4.428     0.50    1.65
-110757.563     4.076    -0.93    1.66
-110381.403     3.813    -0.70    2.02
-110005.247     3.638    -0.47    2.18
-109629.094     3.188    -1.20    2.20
-109252.944     3.157    -0.08    2.20
-108876.798     2.793    -0.97    1.83
-108500.655     2.589    -0.54    1.92
-108124.515     2.511    -0.21    2.28
-107748.378     2.742     0.61    2.51
-107372.245     3.742     2.66    3.61
-106996.115     4.644     2.40    4.01
-106619.988     4.852     0.55    3.99
-106243.865     4.263    -1.57    4.30
-105867.744     2.617    -4.38    4.14
-105491.627     1.793    -2.19    3.66
-105115.513     1.194    -1.59    3.49
-104739.403     0.860    -0.89    3.55
-104363.295     1.103     0.65    3.21
-103987.191     0.374    -1.94    3.73
-103611.091    -0.181    -1.47    3.47
-103234.993    -0.612    -1.15    3.26
-102858.899    -0.870    -0.68    2.29
-102482.807    -0.737     0.35    3.59
-102106.719    -1.200    -1.23    3.90
-101730.635    -1.514    -0.83    4.36
-101354.553    -1.207     0.82    6.43
-100978.475     1.852     8.13   13.08
-100602.400     4.590     7.28   18.47
-100226.328     4.010    -1.54   17.97
 -99850.260    -0.287   -11.43    9.14
 -99474.194    -1.326    -2.76    3.12
 -99098.132     2.127     9.18    9.23
 -98722.073     6.431    11.45   14.48
 -98346.018     9.076     7.03   16.58
 -97969.965     8.644    -1.15   14.85
 -97593.916     6.698    -5.17    5.76
 -97217.870     8.896     5.85    8.83
 -96841.827     9.438     1.44    8.54
 -96465.787    10.238     2.13    8.54
 -96089.751     9.463    -2.06    7.86
 -95713.718     7.194    -6.03    2.51
 -95337.688     7.510     0.84    2.52
 -94961.661     7.642     0.35    2.42
 -94585.637     7.640    -0.01    2.32
 -94209.617     7.813     0.46    1.92
 -93833.600     8.800     2.62    3.53
 -93457.586    10.188     3.69    5.04
 -93081.575    10.063    -0.33    5.21
 -92705.567     9.101    -2.56    4.68
 -92329.563     8.024    -2.86    3.71
 -91953.561     8.887     2.29    5.29
 -91577.563    10.238     3.59    5.78
 -91201.568    11.455     3.23    7.10
 -90825.577    13.717     6.02   16.32
 -90449.588    12.438    -3.40   16.32
 -90073.603     8.022   -11.74    2.71
 -89697.620     7.213    -2.15    2.55
 -89321.641     6.115    -2.92    2.32
 -88945.665     5.826    -0.77    2.15
 -88569.693     5.319    -1.35    1.89
 -88193.723     4.204    -2.97    2.42
 -87817.757     3.326    -2.34    2.70
 -87441.794     2.674    -1.73    3.18
 -87065.834     1.747    -2.47    2.52
 -86689.877     1.618    -0.34    2.41
 -86313.923     1.922     0.81    2.90
 -85937.972     2.358     1.16    2.73
 -85562.025     2.319    -0.10    2.99
 -85186.081     1.806    -1.37    3.00
 -84810.140     0.347    -3.88    3.57
 -84434.202    -1.565    -5.09    3.59
 -84058.267    -2.862    -3.45    2.69
 -83682.335    -3.410    -1.46    2.25
 -83306.407    -3.712    -0.80    2.53
 -82930.481    -5.253    -4.10    3.86
 -82554.559    -7.885    -7.00    4.68
 -82178.640   -10.032    -5.71    4.58
 -81802.724   -10.617    -1.56    4.31
 -81426.811   -11.385    -2.04    3.56
 -81050.901   -10.326     2.82    3.95
 -80674.995    -9.464     2.29    4.25
 -80299.091    -9.410     0.14    4.98
 -79923.191    -9.668    -0.69    5.25
 -79547.294   -10.796    -3.00    5.47
 -79171.400   -11.576    -2.07    5.72
 -78795.509   -13.194    -4.30    3.63
 -78419.621   -13.572    -1.01    3.44
 -78043.736   -12.104     3.91    6.17
 -77667.855    -9.187     7.76    8.35
 -77291.976    -7.735     3.86    8.84
 -76916.101    -5.309     6.45    9.42
 -76540.229    -3.674     4.35    9.88
 -76164.360    -1.858     4.83   10.43
 -75788.494    -2.464    -1.61   10.07
 -75412.631    -3.362    -2.39    9.31
 -75036.771    -4.885    -4.05    8.33
 -74660.914    -6.032    -3.05    7.79
 -74285.061    -5.832     0.53    7.19
 -73909.210    -6.076    -0.65    5.85
 -73533.363    -7.078    -2.67    5.24
 -73157.518    -8.309    -3.27    5.42
 -72781.677    -9.798    -3.96    6.13
 -72405.839   -11.545    -4.65    5.89
 -72030.004   -13.329    -4.75    3.69
 -71654.172   -14.437    -2.95    0.00
 -71278.343   -14.387     0.13    0.22
 -70902.518   -12.032     6.27    6.06
 -70526.695    -9.258     7.38    6.98
 -70150.875    -6.332     7.79    7.00
 -69775.059    -4.437     5.04    5.46
 -69399.245    -4.572    -0.36    5.10
 -69023.435    -5.537    -2.57    5.92
 -68647.628    -6.095    -1.48    6.90
 -68271.469    -4.816     3.40    8.10
 -67895.049    -2.356     6.53    8.40
 -67518.633     2.063    11.74    6.38
 -67142.219     3.383     3.51    4.44
 -66765.808     1.101    -6.06    5.70
 -66389.400    -0.952    -5.45    6.17
 -66012.996    -2.329    -3.66    4.93
 -65636.594    -0.572     4.67    4.95
 -65260.196     1.968     6.75    4.95
 -64883.800     4.313     6.23    4.07
 -64507.408     5.698     3.68    3.99
 -64131.018     7.089     3.70    4.50
 -63754.632     9.142     5.45    4.02
 -63378.249    11.358     5.89    3.64
 -63001.869    13.130     4.71    3.28
 -62625.492    14.383     3.33    2.80
 -62249.118    15.747     3.62    2.18
 -61872.747    16.146     1.06    2.42
 -61496.379    16.536     1.04    2.44
 -61120.014    17.238     1.87    2.45
 -60743.653    17.036    -0.54    2.81
 -60367.294    17.050     0.04    2.81
 -59990.938    17.906     2.28    3.09
 -59614.586    17.482    -1.13    2.86
 -59238.236    16.049    -3.81    3.25
 -58861.889    15.509    -1.44    3.31
 -58485.546    14.204    -3.47    3.29
 -58109.205    13.995    -0.55    4.27
 -57732.868    11.665    -6.19    4.68
 -57356.534     9.947    -4.57    4.65
 -56980.202     7.947    -5.31    5.46
 -56603.874     5.401    -6.77    4.27
 -56227.548     4.640    -2.02    4.60
 -55851.226     4.405    -0.62    4.89
 -55474.907     4.979     1.53    5.18
 -55098.591     3.725    -3.33    5.20
 -54722.277     1.887    -4.88    4.94
 -54345.967     1.826    -0.16    5.00
 -53969.660     0.768    -2.81    4.15
 -53593.356     1.000     0.62    4.15
 -53217.055     1.484     1.29    3.94
 -52840.757     1.973     1.30    3.55
 -52464.461     2.292     0.85    4.05
 -52088.169     1.973    -0.85    4.59
 -51711.880     2.130     0.42    4.93
 -51335.594     2.537     1.08    5.59
 -50959.311     1.486    -2.79    6.01
 -50583.031    -0.437    -5.11    7.93
 -50206.754    -2.569    -5.66    8.52
 -49830.480    -6.437   -10.28    8.09
 -49454.208    -9.181    -7.29    7.40
 -49077.940   -12.160    -7.92    5.05
 -48701.675   -14.174    -5.35    1.00
 -48325.413   -14.275    -0.27    0.90
 -47949.154   -14.329    -0.14    0.61
 -47572.898   -14.412    -0.22    0.16
 -47196.645   -14.437    -0.07    0.00
 -46820.394   -14.360     0.20    0.48
 -46444.147   -13.489     2.32    3.84
 -46067.903   -12.937     1.47    4.94
 -45691.662   -11.283     4.40    7.16
 -45315.423    -8.816     6.56   10.19
 -44939.188    -7.001     4.82   10.70
 -44562.956    -3.779     8.56   11.97
 -44186.726    -1.121     7.06   11.60
 -43810.500     2.036     8.39   11.07
 -43434.277     5.332     8.76    9.65
 -43058.056     7.663     6.20    6.69
 -42681.839     9.536     4.98    3.33
 -42305.624     9.668     0.35    2.59
 -41929.413     8.536    -3.01    2.85
 -41553.204     7.292    -3.31    3.45
 -41176.998     6.617    -1.80    3.05
 -40800.796     7.592     2.59    2.93
 -40424.596     8.717     2.99    2.65
 -40048.399     9.127     1.09    2.82
 -39672.205     9.396     0.72    3.23
 -39296.014     9.101    -0.78    3.76
 -38919.826     7.063    -5.42    5.21
 -38543.641     5.050    -5.35    5.54
 -38167.459     2.694    -6.26    5.07
 -37791.280     1.691    -2.67    4.54
 -37415.104     0.292    -3.72    5.00
 -37038.931    -1.540    -4.87    4.20
 -36662.761    -2.267    -1.93    3.36
 -36286.593    -2.715    -1.19    2.64
 -35910.429    -2.489     0.60    2.72
 -35534.267    -1.911     1.54    2.44
 -35158.109    -0.329     4.21    3.58
 -34781.953     1.265     4.24    4.66
 -34405.800     3.191     5.12    5.35
 -34029.651     5.306     5.62    5.57
 -33653.504     7.486     5.79    5.54
 -33277.360    10.174     7.15    5.96
 -32901.219    13.229     8.12    5.55
 -32525.081    15.924     7.16    4.85
 -32148.945    17.306     3.68    4.51
 -31772.813    19.922     6.95    3.20
 -31396.684    21.379     3.87    2.95
 -31020.557    22.130     2.00    3.80
 -30644.434    22.665     1.42    3.58
 -30268.313    25.113     6.51   12.62
 -29892.195    24.833    -0.74   14.50
 -29516.080    24.486    -0.92   15.02
 -29139.969    19.379   -13.58    7.13
 -28763.860    17.130    -5.98    7.51
 -28387.753    18.428     3.45    9.19
 -28011.650    19.506     2.87   10.45
 -27635.550    25.332    15.49   13.69
 -27259.452    29.363    10.72   11.82
 -26883.358    30.995     4.34   11.33
 -26507.266    29.870    -2.99   10.87
 -26131.177    28.285    -4.22    9.13
 -25755.091    27.036    -3.32    6.56
 -25379.008    26.255    -2.08    7.23
 -25002.928    33.063    18.10   18.73
 -24626.851    56.292    61.77   47.44
 -24250.777    83.588    72.58   58.71
 -23874.705    98.913    40.75   53.28
 -23498.636    97.536    -3.66   57.24
 -23122.571    78.538   -50.52   54.19
 -22746.508    53.671   -66.12   27.34
 -22370.448    46.509   -19.05   18.65
 -21994.391    48.644     5.68   20.04
 -21618.336    46.229    -6.42   20.77
 -21242.285    41.640   -12.21   18.98
 -20866.236    38.863    -7.38   19.68
 -20490.191    36.257    -6.93   19.02
 -20114.148    30.813   -14.48   13.48
 -19738.108    27.089    -9.90    5.64
 -19362.071    25.178    -5.08    5.50
 -18986.036    25.511     0.89    7.47
 -18610.005    23.036    -6.58    4.69
 -18233.976    21.924    -2.96    4.85
 -17857.951    23.984     5.48    9.99
 -17481.928    28.638    12.38   18.80
 -17105.908    31.035     6.38   21.28
 -16729.891    39.101    21.45   37.03
 -16353.876    36.694    -6.40   35.24
 -15977.865    30.644   -16.09   22.06
 -15601.856    35.184    12.08   27.02
 -15225.850    40.174    13.27   36.13
 -14849.847    38.050    -5.65   37.24
 -14473.847    30.013   -21.38   33.69
 -14097.850    19.887   -26.93   15.62
 -13721.855    14.188   -15.16    6.48
 -13345.864    13.247    -2.50    5.28
 -12969.875    14.694     3.85    5.71
 -12593.889    17.800     8.26    5.06
 -12217.906    19.800     5.32    6.42
 -11841.925    20.313     1.36    6.21
 -11465.948    20.773     1.22   13.02
 -11089.973    18.313    -6.54    4.94
 -10714.001    20.840     6.72    9.05
 -10338.032    21.511     1.78    8.97
  -9962.066    21.460    -0.14    9.15
  -9586.102    18.374    -8.21   10.28
  -9210.141    13.347   -13.37   12.07
  -8834.184     7.482   -15.60    9.22
  -8458.229     2.896   -12.20    7.88
  -8082.276     2.238    -1.75    7.07
  -7706.327     4.482     5.97    7.92
  -7330.380     8.263    10.06    7.46
  -6954.436    11.984     9.90    5.80
  -6578.495    15.379     9.03    4.67
  -6202.557    16.103     1.93    5.40
  -5826.621    16.999     2.38    6.07
  -5450.689    14.115    -7.67    9.41
  -5074.759     9.076   -13.40   10.37
  -4698.832     3.642   -14.46    9.32
  -4322.907    -0.298   -10.48    5.57
  -3946.986     0.229     1.40    6.06
  -3571.067     2.358     5.66    7.82
  -3195.151     3.211     2.27    7.41
  -2819.238     5.265     5.46    8.39
  -2443.327     5.536     0.72    9.31
  -2067.420     3.435    -5.59    8.49
  -1691.515     1.888    -4.11    7.51
  -1315.613     1.022    -2.30    6.23
   -939.713     1.435     1.10    7.54
   -563.817     1.668     0.62    7.24
   -187.923     1.484    -0.49    7.01
    187.968     1.022    -1.23    7.01
    563.856     0.613    -1.09    6.50
    939.742    -0.648    -3.35    4.74
   1315.625    -0.771    -0.33    4.74
   1691.505    -0.911    -0.37    4.32
   2067.382     0.063     2.59    7.65
   2443.256     3.435     8.97   11.10
   2819.128    10.793    19.58   14.46
   3194.997    22.674    31.61   27.17
   3570.863    46.941    64.56   41.34
   3946.727    56.319    24.95   38.67
   4322.587    54.457    -4.95   39.42
   4698.445    44.188   -27.32   38.01
   5074.301    29.401   -39.34   20.77
   5450.153    22.229   -19.08    6.35
   5826.003    24.668     6.49    9.59
   6201.850    26.024     3.61    9.37
   6577.694    27.455     3.81    8.18
   6954.022    26.088    -3.63    4.72
   7330.401    28.457     6.30    7.40
   7706.778    32.035     9.51   10.13
   8083.151    38.617    17.49   16.27
   8459.522    47.035    22.37   23.17
   8835.890    60.845    36.69   45.18
   9212.256    68.819    21.19   50.24
   9588.618    64.963   -10.25   50.67
   9964.978    54.455   -27.92   38.38
  10341.335    47.157   -19.39   18.66
  10717.690    46.292    -2.30   13.76
  11094.042    51.238    13.14   18.59
  11470.391    51.779     1.44   17.29
  11846.737    48.563    -8.55   10.17
  12223.081    46.819    -4.63    8.63
  12599.421    52.537    15.19   21.76
  12975.760    60.995    22.47   31.11
  13352.095    64.113     8.28   33.01
  13728.428    63.879    -0.62   33.05
  14104.758    60.813    -8.15   28.03
  14481.085    60.644    -0.45   19.47
  14857.410    70.887    27.22   22.35
  15233.732    82.405    30.61   26.10
  15610.051    84.204     4.78   22.48
  15986.367    87.125     7.76   23.04
  16362.681    98.879    31.23   25.72
  16738.992   105.022    16.33   24.21
  17115.301   108.698     9.77   21.93
  17491.606   125.127    43.66   22.48
  17867.909   137.292    32.33   20.82
  18244.210   141.050     9.99   17.20
  18620.508   139.973    -2.86   18.32
  18996.802   135.537   -11.79   18.81
  19373.095   128.265   -19.32   20.73
  19749.384   125.563    -7.18   21.08
  20125.671   131.405    15.53   22.74
  20501.956   135.507    10.90   25.47
  20878.237   134.049    -3.87   28.76
  21254.516   119.968   -37.42   33.24
  21630.792    98.130   -58.04   25.49
  22007.066    90.563   -20.11   17.94
  22383.337    90.875     0.83   18.13
  22759.605    91.204     0.87   18.33
  23135.871    88.511    -7.16   18.42
  23512.133    82.840   -15.07   17.04
  23888.394    78.999   -10.21   12.74
  24264.651    78.211    -2.09   12.54
  24640.906    79.537     3.52   15.11
  25017.158    77.721    -4.83   12.24
  25393.408    75.717    -5.33   12.36
  25769.655    72.273    -9.15    8.03
  26145.899    72.947     1.79    9.48
  26522.141    70.973    -5.25    8.88
  26898.380    71.007     0.09    9.50
  27274.616    70.292    -1.90    8.66
  27650.850    72.022     4.60   11.63
  28027.081    73.941     5.10   13.23
  28403.309    72.401    -4.09   12.74
  28779.535    71.504    -2.38   12.01
  29155.758    72.050     1.45   11.62
  29531.979    68.511    -9.41    9.80
  29908.197    67.563    -2.52   10.94
  30284.412    61.768   -15.40   10.67
  30660.624    56.725   -13.40    9.01
  31036.834    53.947    -7.38    6.32
  31413.042    57.142     8.49   19.77
  31789.246    72.460    40.72   37.96
  32165.448    91.482    50.56   47.25
  32541.648    96.358    12.96   44.38
  32917.845    98.388     5.40   41.88
  33294.039    96.729    -4.41   41.87
  33670.231   101.773    13.41   45.43
  34046.420   109.644    20.92   44.94
  34422.606   110.157     1.37   44.97
  34798.790    87.184   -61.07   43.71
  35174.971    59.534   -73.50   18.95
  35551.149    51.438   -21.52   12.21
  35927.325    47.563   -10.30    6.20
  36303.499    46.752    -2.16    5.18
  36679.669    48.717     5.22    4.28
  37055.837    48.617    -0.27    5.01
  37432.003    46.536    -5.53    5.67
  37808.166    46.742     0.55    9.67
  38184.326    47.742     2.66   10.73
  38560.484    53.617    15.62   14.05
  38936.639    60.879    19.31   19.29
  39312.792    72.614    31.20   24.65
  39688.942    89.952    46.09   29.57
  40065.089    99.281    24.80   33.40
  40441.234    97.590    -4.50   34.45
  40817.376    94.374    -8.55   34.38
  41193.516    89.103   -14.01   27.75
  41569.653    85.007   -10.89   19.25
  41945.787    78.845   -16.38   15.09
  42321.919    75.013   -10.19   15.09
  42698.048    71.860    -8.38   12.05
  43074.175    71.255    -1.61   10.68
  43450.299    72.484     3.27    9.38
  43826.421    73.486     2.66    7.69
  44202.540    75.229     4.64    8.29
  44578.656    78.076     7.57    9.09
  44954.770    79.813     4.62    9.63
  45330.881    77.642    -5.77    9.41
  45706.990    74.358    -8.73    9.15
  46083.096    70.507   -10.24    8.42
  46459.200    68.845    -4.42    9.08
  46835.301    67.326    -4.04    9.49
  47211.400    65.103    -5.91    6.74
  47587.496    63.995    -2.95    8.24
  47963.589    63.535    -1.22    8.34
  48339.680    64.486     2.53   10.92
  48715.768    71.438    18.48   19.71
  49091.854    78.725    19.38   22.33
  49467.937    80.963     5.95   21.42
  49844.018    78.721    -5.96   21.94
  50220.096    73.352   -14.27    9.80
  50596.172    76.995     9.69   12.20
  50972.245    80.363     8.95   13.14
  51348.315    84.729    11.61   14.67
  51724.383    83.130    -4.25   16.30
  52100.449    76.800   -16.83   19.31
  52476.512    68.906   -20.99   18.00
  52852.572    65.358    -9.43   12.91
  53228.630    63.973    -3.68   10.69
  53604.685    65.563     4.23   11.81
  53980.738    71.130    14.81   22.55
  54356.789    76.590    14.52   34.52
  54732.836    72.896    -9.82   39.99
  55108.882    70.313    -6.87   41.39
  55484.924    61.211   -24.20   33.39
  55860.965    54.281   -18.43   31.38
  56237.002    51.747    -6.74   28.51
  56613.038    45.036   -17.85   21.15
  56989.070    40.563   -11.90   11.37
  57365.101    44.838    11.37   14.10
  57741.128    53.405    22.78   11.31
  58117.153    59.428    16.02   10.40
  58493.176    65.852    17.09   11.75
  58869.196    75.840    26.56   15.93
  59245.214    79.922    10.85   15.70
  59621.229    83.640     9.89   16.82
  59997.242    95.791    32.32   28.91
  60373.252   111.995    43.09   32.46
  60749.260   119.319    19.48   29.45
  61125.265   119.379     0.16   33.87
  61501.268   104.213   -40.33   37.03
  61877.268    92.914   -30.05   39.93
  62253.266    86.457   -17.17   39.14
  62629.261    88.826     6.30   39.72
  63005.254    93.306    11.92   38.85
  63381.244    94.292     2.62   34.99
  63757.232    87.188   -18.90   35.75
  64133.217    76.457   -28.54   33.16
  64509.200    68.535   -21.07   25.17
  64885.181    71.644     8.27   28.01
  65261.159    82.174    28.01   37.91
  65637.134    87.281    13.58   45.53
  66013.107    85.101    -5.80   49.10
  66389.078    78.163   -18.45   46.11
  66765.046    65.319   -34.16   33.22
  67141.011    56.995   -22.14   15.39
  67516.974    53.482    -9.35    5.40
  67892.935    53.538     0.15    4.48
  68268.893    53.238    -0.80    4.61
  68644.849    52.721    -1.38    4.05
  69020.802    52.694    -0.07    4.01
  69396.753    54.332     4.36    4.37
  69772.702    55.238     2.41    3.39
  70148.648    55.938     1.86    2.95
  70524.591    56.352     1.10    2.63
  70900.532    55.813    -1.43    2.30
  71276.471    56.779     2.57    2.07
  71652.407    56.340    -1.17    2.13
  72028.341    56.614     0.73    2.11
  72404.272    57.537     2.46    2.40
  72780.201    57.677     0.37    2.43
  73156.127    58.178     1.33    2.46
  73532.051    58.671     1.31    2.08
  73907.973    59.035     0.97    2.20
  74283.892    59.204     0.45    3.72
  74659.809    57.905    -3.46    4.52
  75035.723    54.896    -8.00    4.75
  75411.635    52.089    -7.47    3.52
  75787.544    49.513    -6.85    3.10
  76163.451    46.265    -8.64    4.72
  76539.356    44.368    -5.05    5.32
  76915.258    42.101    -6.03    5.41
  77291.158    40.479    -4.31    5.44
  77667.055    39.806    -1.79    5.24
  78042.950    41.455     4.39    5.71
  78418.843    43.698     5.97    5.62
  78794.733    46.614     7.76    3.25
  79170.620    47.452     2.23    2.42
  79546.506    47.793     0.91    2.62
  79922.389    49.273     3.94    3.43
  80298.269    51.424     5.72    3.42
  80674.147    53.768     6.24    3.05
  81050.023    55.537     4.71    2.85
  81425.896    54.640    -2.39    3.60
  81801.878    53.457    -3.14    4.74
  82178.232    54.717     3.35    6.47
  82554.582    55.941     3.25    6.99
  82930.931    58.947     7.99    7.33
  83307.277    59.896     2.52    7.02
  83683.621    57.146    -7.31    5.88
  84059.962    56.725    -1.12    4.84
  84436.301    55.887    -2.23    4.10
  84812.637    54.833    -2.80    4.44
  85188.971    52.168    -7.08    5.74
  85565.303    49.979    -5.82    5.71
  85941.632    48.063    -5.09    4.89
  86317.959    47.484    -1.54    5.63
  86694.284    46.319    -3.09    5.97
  87070.606    44.281    -5.42    7.22
  87446.926    43.457    -2.19    9.69
  87823.243    43.615     0.42   11.34
  88199.558    44.300     1.82   12.57
  88575.871    45.691     3.70   12.06
  88952.181    46.455     2.03   10.68
  89328.489    47.665     3.22    9.35
  89704.794    48.338     1.79    8.93
  90081.098    48.820     1.28    8.19
  90457.398    50.238     3.77    7.10
  90833.697    51.374     3.02    5.94
  91209.993    49.509    -4.96    5.15
  91586.287    51.536     5.39    5.81
  91962.578    53.106     4.17    5.39
  92338.867    63.188    26.79   24.70
  92715.154    73.615    27.71   34.62
  93091.438    71.238    -6.32   37.80
  93467.720    60.973   -27.28   34.61
  93844.000    46.879   -37.46   19.08
  94220.277    41.691   -13.79    4.71
  94596.552    42.509     2.17    3.79
  94972.825    43.742     3.28    2.51
  95349.095    44.896     3.07    1.45
  95725.363    45.142     0.65    1.33
  96101.629    45.638     1.32    1.23
  96477.892    45.827     0.50    1.46
  96854.153    45.742    -0.23    1.92
  97230.412    45.509    -0.62    1.87
  97606.668    45.184    -0.86    2.02
  97982.922    45.509     0.86    1.94
  98359.173    45.674     0.44    1.86
  98735.423    46.024     0.93    1.70
  99111.670    46.409     1.02    1.57
  99487.914    46.326    -0.22    1.38
  99864.157    47.115     2.10    2.55
 100240.397    48.306     3.17    3.46
 100616.635    49.050     1.98    4.17
 100992.870    49.401     0.93    4.39
 101369.103    50.793     3.70    6.34
 101745.334    51.535     1.97    8.16
 102121.562    48.484    -8.11   11.37
 102497.788    45.326    -8.39   12.98
 102874.012    44.281    -2.78   12.83
 103250.234    45.050     2.04   10.97
 103626.453    48.800     9.97   11.75
 104002.670    52.479     9.78   12.66
 104378.885    55.130     7.05   12.89
 104755.097    55.507     1.00   13.00
 105131.307    51.589   -10.41   11.39
 105507.515    48.319    -8.69   10.09
 105883.720    44.563    -9.98    9.05
 106259.924    42.050    -6.68    7.73
 106636.125    42.852     2.13    7.67
 107012.323    42.922     0.18    7.04
 107388.519    43.968     2.78    6.03
 107764.714    44.588     1.65    5.55
 108140.905    45.806     3.24    6.25
 108517.095    45.914     0.29    5.88
 108893.282    47.698     4.74    6.03
 109269.467    56.706    23.94   20.75
 109645.650    55.486    -3.24   20.16
 110021.830    51.870    -9.61   22.54
 110398.008    46.202   -15.07   25.73
 110774.184    32.698   -35.90   17.26
 111150.358    27.590   -13.58    7.93
 111526.529    29.957     6.29    9.31
 111902.698    34.588    12.31    9.60
 112278.865    39.401    12.79    7.89
 112655.029    43.115     9.88    3.97
 113031.192    43.484     0.98    4.00
 113407.352    42.999    -1.29    4.02
 113783.509    43.076     0.21    4.09
 114159.665    44.313     3.29    4.50
 114535.818    46.142     4.86    3.91
 114911.969    47.482     3.56    2.82
 115288.118    47.617     0.36    2.44
 115664.264    47.757     0.37    2.12
 116040.409    47.896     0.37    2.26
 116416.551    47.793    -0.27    2.80
 116792.691    47.479    -0.84    3.56
 117168.828    46.563    -2.44    4.32
 117544.963    44.752    -4.81    5.85
 117921.096    43.590    -3.09    6.17
 118297.227    42.513    -2.86    6.24
 118673.356    42.455    -0.15    5.80
 119049.482    43.957     4.00    5.72
 119425.606    46.773     7.49    5.73
 119801.728    47.999     3.26    5.30
 120177.848    49.914     5.09    4.19
 120553.966    50.490     1.53    4.07
 120930.081    51.896     3.74    2.65
 121306.194    52.063     0.44    3.31
 121682.305    52.022    -0.11    4.30
 122058.413    50.401    -4.31    5.87
 122434.520    49.588    -2.16    4.89
 122810.624    48.101    -3.95    5.65
 123186.726    47.563    -1.43    5.99
 123562.825    48.640     2.86    6.75
 123938.923    50.510     4.97    6.09
 124315.018    52.313     4.79    4.95
 124691.111    52.332     0.05    4.07
 125067.202    51.273    -2.81    5.50
 125443.291    47.768    -9.32    7.15
 125819.378    44.273    -9.29    7.54
 126195.462    41.188    -8.20    6.42
 126571.544    38.671    -6.69    2.92
 126947.624    38.938     0.71    3.71
 127323.702    39.229     0.78    3.67
 127699.777    39.118    -0.30    3.26
 128075.851    41.292     5.78    5.05
 128451.922    45.671    11.64    6.89
 128827.991    49.238     9.49    6.11
 129204.058    49.614     1.00    5.47
 129580.122    47.455    -5.74    7.83
 129956.185    44.691    -7.35    8.40
 130332.245    41.115    -9.51    7.44
 130708.303    40.103    -2.69    6.83
 131084.359    41.358     3.34    6.14
 131460.413    41.665     0.82    5.63
 131836.464    42.668     2.67    5.77
 132212.514    42.563    -0.28    5.40
 132588.561    41.819    -1.98    5.01
 132964.606    42.022     0.54    5.24
 133340.649    43.819     4.78    6.33
 133716.689    46.513     7.16    6.95
 134092.728    48.906     6.36    6.41
 134468.764    51.319     6.42    6.62
 134844.799    53.590     6.04    6.95
 135220.831    56.698     8.27    6.92
 135596.861    59.300     6.92    5.41
 135972.888    61.535     5.94    3.73
 136348.914    63.238     4.53    1.61
 136724.938    63.255     0.05    1.59
 137100.959    63.157    -0.26    1.82
 137476.978    60.588    -6.83    5.35
 137852.995    57.221    -8.96    7.04
 138229.010    54.273    -7.84    6.81
 138605.023    51.428    -7.57    5.29
 138981.033    52.127     1.86    6.04
 139357.042    55.535     9.06    7.53
 139733.048    57.460     5.12    7.33
 140109.052    61.563    10.91    6.30
 140485.054    64.886     8.84    3.65
 140861.054    64.941     0.15    3.43
 141237.052    65.130     0.50    2.79
 141613.048    64.194    -2.49    3.35
 141989.041    64.247     0.14    4.02
 142365.033    64.806     1.49    4.09
 142741.022    65.738     2.48    3.30
 143117.009    66.409     1.79    2.44
 143492.995    66.221    -0.50    2.13
 143868.977    66.142    -0.21    2.62
 144244.958    66.036    -0.28    3.57
 144620.937    65.101    -2.49    3.78
 144996.914    64.536    -1.50    3.83
 145372.888    65.076     1.44    3.52
 145748.861    66.202     3.00    2.99
 146124.831    66.870     1.78    3.39
 146500.799    67.973     2.93    2.20
 146876.765    67.375    -1.59    4.80
 147252.729    63.800    -9.51    7.17
 147628.691    60.509    -8.75    7.78
 148004.651    58.995    -4.03    7.35
 148380.608    59.332     0.90    7.39
 148756.564    61.292     5.21    7.45
 149132.518    61.870     1.54    7.22
 149508.469    61.793    -0.20    7.61
 149884.418    59.484    -6.14    7.32
 150260.366    57.157    -6.19    6.55
 150636.311    54.793    -6.29    5.67
 151012.254    55.793     2.66    5.73
 151388.195    58.292     6.65    6.66
 151764.134    60.793     6.65    7.22
 152140.070    63.779     7.94    5.57
 152516.005    61.995    -4.74    6.64
 152891.938    60.588    -3.74    6.62
 153267.868    59.750    -2.23    7.21
 153643.797    62.332     6.87    7.84
 154019.723    66.358    10.71    6.19
 154395.648    67.896     4.09    3.71
 154771.570    63.152   -12.62    8.25
 155147.490    58.428   -12.57    9.18
 155523.408    55.178    -8.64    7.46
 155899.325    52.947    -5.93    5.88
 156275.239    53.168     0.59    5.40
 156651.151    51.089    -5.53    8.11
 157027.289    45.947   -13.67   10.20
 157403.600    41.358   -12.20    9.15
 157779.910    39.076    -6.06    8.23
 158156.217    42.010     7.80   10.15
 158532.522    48.536    17.34    8.94
 158908.826    52.644    10.91    5.27
 159285.127    53.482     2.23    3.45
 159661.426    51.781    -4.52    4.25
 160037.723    51.640    -0.38    4.86
 160414.018    51.178    -1.23    4.84
 160790.311    50.590    -1.56    4.16
 161166.602    51.665     2.86    3.29
 161542.891    52.090     1.13    2.52
 161919.177    52.358     0.71    2.48
 162295.462    53.510     3.06    2.50
 162671.745    53.852     0.91    2.20
 163048.026    53.671    -0.48    2.17
 163424.304    53.255    -1.11    2.07
 163800.581    53.099    -0.41    1.58
 164176.856    53.007    -0.24    1.98
 164553.128    52.717    -0.77    2.02
 164929.399    52.509    -0.55    1.81
 165305.667    52.211    -0.79    2.00
 165681.934    50.644    -4.17    2.99
 166058.198    49.477    -3.10    2.79
 166434.461    47.358    -5.63    4.14
 166810.721    45.688    -4.44    4.11
 167186.980    45.617    -0.19    4.33
 167563.236    45.922     0.81    4.55
 167939.491    46.702     2.07    4.24
 168315.743    47.142     1.17    4.14
 168691.994    46.255    -2.36    4.53
 169068.242    46.668     1.10    4.29
 169444.488    47.130     1.23    4.05
 169820.733    48.826     4.51    3.92
 170196.975    47.238    -4.22    5.39
 170573.216    45.779    -3.88    6.00
 170949.454    45.813     0.09    5.98
 171325.691    45.773    -0.10    6.41
 171701.925    47.347     4.18    6.57
 172078.157    43.401   -10.49    9.47
 172454.388    39.007   -11.68   10.49
 172830.616    39.691     1.82   10.61
 173206.843    40.138     1.19   10.46
 173583.067    42.401     6.01   10.01
 173959.290    45.163     7.34    8.75
 174335.510    45.326     0.43    8.49
 174711.729    44.615    -1.89    8.82
 175087.945    44.431    -0.49    8.68
 175464.160    45.435     2.67    8.58
 175840.372    44.800    -1.69    8.05
 176216.583    45.368     1.51    7.44
 176592.792    47.076     4.54    6.07
 176968.998    49.174     5.58    2.79
 177345.203    49.409     0.62    1.83
 177721.406    49.204    -0.55    1.83
 178097.606    49.007    -0.52    1.80
 178473.805    48.590    -1.11    2.01
 178850.002    48.590     0.00    2.14
 179226.197    47.694    -2.38    3.16
 179602.390    45.845    -4.92    4.92
 179978.581    45.455    -1.04    5.37
 180354.770    46.038     1.55    5.32
 180730.957    46.460     1.12    5.63
 181107.142    47.905     3.84    5.28
 181483.325    49.022     2.97    4.45
 181859.506    48.922    -0.27    3.86
 182235.686    47.947    -2.59    3.40
 182611.863    47.229    -1.91    2.83
 182988.038    47.486     0.68    3.52
 183364.212    46.952    -1.42    3.42
 183740.383    45.717    -3.28    4.00
 184116.553    46.050     0.89    3.99
 184492.720    46.442     1.04    3.86
 184868.886    46.509     0.18    3.80
 185245.050    46.115    -1.05    3.64
 185621.212    45.887    -0.61    3.73
 185997.372    45.332    -1.48    4.27
 186373.529    43.924    -3.74    4.56
 186749.686    43.973     0.13    4.42
 187125.840    43.588    -1.02    4.36
 187501.992    44.383     2.11    4.03
 187878.142    45.590     3.21    3.70
 188254.290    45.484    -0.28    4.15
 188630.437    45.247    -0.63    4.53
 189006.581    46.257     2.69    4.29
 189382.724    47.076     2.18    3.43
 189758.865    48.617     4.10    2.97
 190135.003    48.721     0.28    2.43
 190511.140    48.665    -0.15    2.33
 190887.275    48.906     0.64    2.29
 191263.408    49.036     0.35    2.01
 191639.539    49.010    -0.07    1.95
 192015.669    49.076     0.18    1.64
 192391.796    48.845    -0.62    1.62
 192767.921    48.725    -0.32    1.82
 193144.045    48.588    -0.36    1.99
 193520.167    47.896    -1.84    2.49
 193896.286    47.115    -2.08    2.66
 194272.404    46.292    -2.19    2.55
 194648.520    46.152    -0.37    2.68
 195024.634    46.089    -0.17    3.54
 195400.747    46.146     0.15    4.51
 195776.857    45.374    -2.05    5.82
 196152.965    44.968    -1.08    6.67
 196529.072    46.428     3.88    5.82
 196905.177    48.204     4.72    4.00
 197281.279    49.594     3.70    1.66
 197657.380    49.358    -0.63    1.82
 198033.479    49.076    -0.75    1.88
 198409.577    49.368     0.78    1.95
 198785.672    49.358    -0.03    1.81
 199161.765    49.833     1.26    2.09
 199537.857    50.127     0.78    2.06
 199913.946    50.694     1.51    1.95
 200290.034    50.768     0.20    1.89
 200666.120    50.671    -0.26    1.66
 201042.204    50.973     0.80    1.74
 201418.287    50.763    -0.56    1.84
 201794.367    50.420    -0.91    1.54
 202170.446    50.644     0.60    1.80
 202546.522    50.752     0.29    1.75
 202922.597    50.752     0.00    1.82
 203298.670    50.184    -1.51    1.77
 203674.741    49.533    -1.73    2.08
 204050.810    49.513    -0.05    2.07
 204426.878    49.152    -0.96    2.31
 204802.944    48.995    -0.42    2.62
 205179.007    48.101    -2.38    3.60
 205555.069    46.536    -4.16    4.45
 205931.129    45.379    -3.08    4.22
 206307.187    44.668    -1.89    4.55
 206683.244    44.999     0.88    4.04
 207059.298    44.725    -0.73    4.41
 207435.351    44.221    -1.34    4.03
 207811.402    43.113    -2.95    4.60
 208187.451    41.702    -3.75    5.11
 208563.498    40.063    -4.36    4.73
 208939.544    38.292    -4.71    4.55
 209315.587    36.590    -4.53    3.10
 209691.629    36.374    -0.57    1.96
 210067.669    36.257    -0.31    2.01
 210443.707    37.204     2.52    3.36
 210819.744    37.691     1.30    3.78
 211195.778    39.238     4.12    4.60
 211571.811    41.255     5.36    5.41
 211947.842    43.642     6.35    5.86
 212323.871    46.486     7.56    6.43
 212699.898    48.590     5.60    6.38
 213075.924    49.742     3.06    5.23
 213451.947    49.952     0.56    2.96
 213827.969    49.352    -1.59    2.43
 214203.989    49.255    -0.26    2.27
 214580.007    49.592     0.90    2.63
 214956.024    49.537    -0.15    2.75
 215332.038    50.157     1.65    2.58
 215708.051    50.833     1.80    2.76
 216084.062    51.455     1.65    3.03
 216460.072    51.646     0.51    2.92
 216836.079    52.665     2.71    3.48
 217212.085    53.075     1.09    3.52
 217588.089    53.887     2.16    3.87
 217964.091    57.306     9.09    6.93
 218340.091    58.668     3.62    6.66
 218716.090    59.870     3.20    6.56
 219092.087    62.374     6.66    6.77
 219468.082    62.332    -0.11    6.98
 219844.075    61.401    -2.48    6.25
 220220.066    62.806     3.74    6.67
 220596.056    61.455    -3.59    5.61
 220972.044    61.327    -0.34    5.46
 221348.030    62.050     1.92    5.58
 221724.014    62.793     1.98    5.50
 222099.997    60.729    -5.49    5.21
 222475.978    58.563    -5.76    4.49
 222851.957    58.590     0.07    4.89
 223227.934    57.721    -2.31    3.92
 223603.910    58.263     1.44    4.30
 223979.884    58.428     0.44    4.26
 224355.856    58.024    -1.07    3.77
 224731.826    57.352    -1.79    3.23
 225107.795    58.036     1.82    3.96
 225483.761    58.103     0.18    4.01
 225859.726    58.338     0.62    4.76
 226235.690    59.590     3.33    5.74
 226611.651    61.590     5.32    6.92
 226987.611    63.103     4.03    6.76
 227363.569    63.448     0.92    6.34
 227739.526    62.281    -3.11    6.39
 228115.480    60.742    -4.09    5.70
 228491.433    61.007     0.70    6.49
 228867.384    60.142    -2.30    6.88
 229243.334    58.646    -3.98    6.70
 229619.281    58.273    -0.99    6.71
 229995.227    57.793    -1.28    6.04
 230371.171    59.157     3.63    6.16
 230747.114    59.247     0.24    5.93
 231123.055    58.063    -3.15    6.04
 231498.994    55.460    -6.92    6.84
 231874.931    52.374    -8.21    6.81
 232251.182    48.435   -10.47    6.31
 232627.465    45.358    -8.18    7.31
 233003.746    43.887    -3.91    6.82
 233380.025    41.887    -5.32    7.25
 233756.303    39.725    -5.75    6.99
 234132.579    39.358    -0.98    7.11
 234508.853    39.486     0.34    7.94
 234885.125    43.248    10.00   11.66
 235261.396    50.511    19.30   12.66
 235637.665    55.642    13.63    9.82
 236013.932    59.396     9.98    5.17
 236390.198    59.332    -0.17    5.71
 236766.462    59.845     1.36    5.69
 237142.724    60.768     2.45    5.57
 237518.985    59.905    -2.29    5.76
 237895.244    58.413    -3.97    5.97
 238271.501    56.257    -5.73    4.77
 238647.756    55.738    -1.38    4.43
 239024.010    56.460     1.92    4.94
 239400.262    57.229     2.04    6.20
 239776.513    59.076     4.91    6.31
 240152.761    61.103     5.39    6.22
 240529.008    62.374     3.38    5.35
 240905.254    63.536     3.09    4.08
 241281.497    62.347    -3.16    4.83
 241657.739    59.973    -6.31    5.13
 242033.980    58.721    -3.33    6.14
 242410.218    61.292     6.84    8.19
 242786.455    62.922     4.33    7.13
 243162.691    63.036     0.30    7.91
 243538.924    62.826    -0.56    7.31
 243915.156    60.174    -7.05    5.85
 244291.386    58.793    -3.67    5.67
 244667.615    58.319    -1.26    5.58
 245043.842    58.511     0.51    5.92
 245420.067    59.281     2.04    5.91
 245796.291    59.420     0.37    5.58
 246172.513    59.644     0.60    5.65
 246548.733    58.049    -4.24    4.65
 246924.952    56.482    -4.17    4.65
 247301.169    57.374     2.37    5.92
 247677.384    59.396     5.38    6.80
 248053.598    59.688     0.78    7.09
 248429.810    59.793     0.28    7.11
 248806.020    58.022    -4.71    7.17
 249182.229    53.405   -12.27    8.17
 249558.436    53.589     0.49    9.72
 249934.641    55.742     5.72   11.06
 250310.845    57.482     4.62   11.75
 250687.047    63.255    15.35    9.97
 251063.248    71.952    23.12   20.34
 251439.447    75.050     8.24   19.98
 251815.644    76.819     4.70   19.08
 252191.840    78.938     5.63   20.22
 252568.034    77.431    -4.00   17.41
 252944.226    79.671     5.95   20.90
 253320.417    89.292    25.58   40.59
 253696.606    91.968     7.11   43.64
 254072.793    89.702    -6.02   33.24
 254448.979    75.694   -37.23    9.43
 254825.164    71.101   -12.21    8.46
 255201.346    67.833    -8.69    8.57
 255577.527    63.563   -11.35    5.80
 255953.707    62.614    -2.52    5.03
 256329.884    62.947     0.89    4.82
 256706.061    62.671    -0.74    4.58
 257082.235    64.460     4.76    5.88
 257458.408    66.265     4.80    6.60
 257834.579    67.747     3.94    7.08
 258210.749    69.326     4.20    7.41
 258586.917    69.469     0.38    7.04
 258963.084    68.999    -1.25    5.41
 259339.249    68.642    -0.95    5.15
 259715.412    67.563    -2.87    3.17
 260091.574    69.845     6.07    5.79
 260467.734    72.396     6.78    6.47
 260843.893    71.717    -1.81    7.78
 261220.050    70.089    -4.33    8.26
 261596.205    67.022    -8.15    7.38
 261972.359    64.768    -5.99    5.32
 262348.511    64.588    -0.48    4.77
 262724.662    64.152    -1.16    5.05
 263100.811    62.725    -3.80    3.95
 263476.958    62.457    -0.71    4.54
 263853.104    63.022     1.50    6.12
 264229.248    64.292     3.38    6.42
 264605.391    65.157     2.30    5.83
 264981.532    66.092     2.49    5.54
 265357.672    65.511    -1.54    5.32
 265733.810    64.409    -2.93    5.07
 266109.946    63.952    -1.22    4.70
 266486.081    64.229     0.74    4.54
 266862.214    64.646     1.11    4.55
 267238.346    65.332     1.82    4.39
 267614.476    65.563     0.61    4.34
 267990.605    64.968    -1.58    4.42
 268366.732    64.615    -0.94    4.03
 268742.857    65.024     1.09    4.51
 269118.981    63.738    -3.42    4.25
 269495.104    63.211    -1.40    4.69
 269871.224    63.204    -0.02    5.22
 270247.344    63.486     0.75    5.56
 270623.461    63.813     0.87    5.68
 270999.578    63.347    -1.24    5.71
 271375.692    63.535     0.50    4.97
 271751.805    64.431     2.38    4.91
 272127.917    65.213     2.08    4.63
 272504.027    65.757     1.45    3.93
 272880.135    63.973    -4.74    4.49
 273256.242    62.968    -2.67    5.00
 273632.348    61.431    -4.09    4.83
 274008.452    61.852     1.12    4.39
 274384.554    62.668     2.17    4.40
 274760.655    62.347    -0.85    3.83
 275136.754    64.536     5.82    3.29
 275512.852    65.613     2.86    3.61
 275888.948    66.563     2.53    3.52
 276265.043    66.738     0.47    3.65
 276641.136    67.168     1.14    4.08
 277017.228    68.090     2.45    4.07
 277393.318    68.455     0.97    4.18
 277769.406    68.368    -0.23    3.82
 278145.493    69.306     2.49    3.33
 278521.579    71.088     4.74    3.05
 278897.663    72.157     2.84    2.92
 279273.746    71.963    -0.52    3.86
 279649.827    72.063     0.27    4.69
 280025.906    69.615    -6.51    4.86
 280401.984    67.563    -5.46    4.82
 280778.061    66.870    -1.84    3.92
 281154.136    66.668    -0.54    3.25
 281530.210    67.401     1.95    3.64
