-250868.494    91.944     0.00    4.93
-250492.521    91.590    -0.94    5.05
-250116.545    91.694     0.28    5.14
-249740.567    92.299     1.61    5.38
-249364.586    91.641    -1.75    4.95
-248988.602    92.168     1.40    5.27
-248612.616    91.513    -1.74    5.69
-248236.628    91.225    -0.77    5.61
-247860.637    91.077    -0.39    5.68
-247484.643    91.923     2.25    4.88
-247108.647    92.858     2.48    4.58
-246732.649    93.236     1.01    4.95
-246356.648    92.236    -2.66    5.23
-245980.644    92.513     0.74    6.17
-245604.638    94.641     5.66    9.36
-245228.629    95.236     1.58   10.59
-244852.618    95.441     0.55   10.42
-244476.605    96.720     3.40   10.01
-244100.588    96.457    -0.70    8.10
-243724.569    98.479     5.38    7.62
-243348.548   100.898     6.43    6.51
-242972.524   102.431     4.08    6.35
-242596.498   104.398     5.23    6.40
-242220.469   104.826     1.14    5.96
-241844.437   103.836    -2.63    5.67
-241468.403   102.795    -2.77    5.07
-241092.367   103.795     2.66    5.65
-240716.327   103.864     0.18    6.30
-240340.286   104.695     2.21    5.70
-239964.241   105.101     1.08    5.19
-239588.194   105.931     2.21    3.84
-239212.145   106.466     1.42    3.94
-238836.093   106.777     0.82    4.45
-238460.038   106.923     0.39    4.12
-238083.981   106.457    -1.24    4.22
-237707.922   106.694     0.63    3.79
-237331.859   106.668    -0.07    3.82
-236955.794   106.667    -0.00    3.47
-236579.727   106.089    -1.54    3.33
-236203.657   105.336    -2.00    3.45
-235827.585   105.273    -0.17    3.57
-235451.509   105.864     1.57    4.01
-235075.432   105.590    -0.73    4.82
-234699.351   105.923     0.89    4.84
-234323.269   106.584     1.76    5.54
-233947.183   108.804     5.90    7.02
-233571.095   109.452     1.72    7.97
-233195.004   110.128     1.80    7.49
-232818.911   109.991    -0.36    8.23
-232442.815   109.263    -1.94    6.98
-232066.717   107.562    -4.52    5.38
-231690.616   107.062    -1.33    5.00
-231314.512   107.564     1.33    5.04
-230938.406   108.182     1.64    5.33
-230562.297   108.257     0.20    5.51
-230186.186   107.931    -0.87    5.17
-229810.072   108.003     0.19    4.69
-229433.955   108.722     1.91    4.18
-229057.836   109.506     2.08    3.49
-228681.714   110.431     2.46    3.98
-228305.590   111.411     2.60    3.97
-227929.463   114.454     8.09    5.61
-227553.333   118.263    10.13    8.37
-227177.201   122.560    11.42   11.62
-226801.066   124.668     5.60   12.11
-226424.928   125.821     3.06   11.21
-226048.788   127.141     3.51    9.73
-225672.645   128.103     2.56    6.32
-225296.500   128.872     2.04    6.55
-224920.352   127.744    -3.00    6.30
-224544.201   126.344    -3.72    5.08
-224168.048   124.821    -4.05    5.12
-223791.892   122.247    -6.84    5.49
-223415.733   119.364    -7.66    6.61
-223039.572   118.560    -2.14    5.37
-222663.408   119.475     2.43    6.61
-222287.242   122.747     8.70    7.07
-221911.073   123.129     1.02    5.64
-221534.901   122.673    -1.21    4.36
-221158.727   122.799     0.34    4.43
-220782.550   123.010     0.56    4.86
-220406.370   125.197     5.81    6.43
-220030.187   127.385     5.82    6.78
-219654.002   128.858     3.91    6.44
-219277.815   130.231     3.65    5.82
-218901.625   131.641     3.75    5.78
-218525.432   133.878     5.95    6.25
-218149.236   137.405     9.37    6.70
-217773.038   140.539     8.33    7.12
-217396.837   145.308    12.68   14.85
-217020.633   149.475    11.08   15.11
-216644.427   153.966    11.94   16.91
-216268.218   155.371     3.74   17.58
-215892.006   152.209    -8.40    5.11
-215515.792   153.693     3.94    4.53
-215139.575   155.369     4.45    4.13
-214763.355   160.041    12.42   10.75
-214387.133   175.718    41.67   33.05
-214010.908   202.919    72.30   55.03
-213634.680   254.000   135.77   85.38
-213258.450   330.128   202.33  106.34
-212882.217   428.590   261.69  139.19
-212505.981   531.010   272.21  115.34
-212129.743   596.718   174.64   76.71
-211753.502   632.182    94.25   41.17
-211377.258   632.641     1.22   42.07
-211001.012   619.091   -36.01   47.22
-210624.763   589.641   -78.27   49.82
-210248.511   578.533   -29.52   47.29
-209872.256   575.155    -8.98   42.89
-209495.999   580.209    13.43   29.64
-209119.739   576.506    -9.84   34.25
-208743.476   553.818   -60.30   60.40
-208367.211   514.391  -104.78   72.02
-207990.943   490.590   -63.25   63.10
-207614.672   490.804     0.57   59.90
-207238.399   512.923    58.78   59.49
-206862.122   548.344    94.13   52.33
-206485.844   585.405    98.49   58.85
-206109.562   614.299    76.79   69.95
-205733.278   613.488    -2.16   82.23
-205356.991   576.101   -99.35   88.84
-204980.701   530.564  -121.01   80.17
-204604.408   495.241   -93.87   49.73
-204228.113   476.503   -49.80   34.12
-203851.815   482.168    15.05   38.42
-203475.514   501.290    50.81   58.29
-203099.211   538.560    99.04   69.31
-202722.905   566.587    74.48   66.01
-202346.596   586.784    53.67   50.45
-201970.284   617.666    82.06   57.23
-201593.970   657.411   105.61   74.23
-201217.653   709.641   138.79   86.11
-200841.333   778.359   182.60   85.75
-200465.011   828.804   134.04   78.87
-200088.685   881.747   140.68   89.47
-199712.357   934.334   139.73   82.27
-199336.027   960.847    70.45   70.70
-198959.693   983.209    59.42   59.53
-198583.357   968.168   -39.97   66.89
-198207.018   922.516  -121.30   89.81
-197830.676   845.101  -205.70  113.38
-197454.332   782.462  -166.43  106.72
-197077.984   700.247  -218.45   87.76
-196701.634   644.885  -147.10   60.44
-196325.281   605.101  -105.70   43.83
-195948.926   589.975   -40.19   35.42
-195572.567   600.282    27.39   52.50
-195196.206   620.041    52.50   60.09
-194819.843   632.398    32.83   50.73
-194443.476   620.741   -30.97   43.52
-194067.106   613.299   -19.77   38.40
-193690.734   614.168     2.31   42.56
-193314.359   618.352    11.12   51.94
-192937.982   626.220    20.90   53.23
-192561.601   622.197   -10.69   32.95
-192185.218   640.777    49.36   42.24
-191808.832   674.016    88.31   57.88
-191432.443   711.864   100.55   67.01
-191056.051   750.491   102.62   82.15
-190679.785   779.539    77.20   91.40
-190303.943   764.447   -40.15   79.91
-189928.098   743.047   -56.94   85.91
-189552.250   710.447   -86.73   78.74
-189176.399   690.411   -53.31   49.85
-188800.545   708.841    49.04   66.25
-188424.689   729.101    53.90   77.78
-188048.830   773.266   117.50   82.29
-187672.968   814.905   110.78   81.08
-187297.103   851.299    96.83   75.99
-186921.235   869.484    48.38   64.84
-186545.365   860.436   -24.07   64.75
-186169.492   830.966   -78.40   79.61
-185793.616   770.725  -160.26   72.37
-185417.737   719.795  -135.49   60.80
-185041.856   684.197   -94.70   53.36
-184665.971   664.180   -53.25   39.18
-184290.084   654.359   -26.13   28.47
-183914.194   673.777    51.65   46.08
-183538.301   702.344    76.00   67.94
-183162.406   730.668    75.35   70.88
-182786.507   760.488    79.32   65.48
-182410.606   772.872    32.95   63.46
-182034.702   781.209    22.18   59.49
-181658.795   770.116   -29.51   57.40
-181282.886   741.668   -75.68   55.02
-180906.973   694.299  -126.00   67.30
-180531.058   636.668  -153.30   69.99
-180155.140   597.103  -105.25   64.80
-179779.219   578.220   -50.23   56.52
-179403.295   583.475    13.98   68.28
-179027.368   633.852   134.00   84.63
-178651.439   701.169   179.06   70.31
-178275.506   745.847   118.84   70.92
-177899.571   781.052    93.64   78.18
-177523.633   826.030   119.64   77.03
-177147.692   863.777   100.40   85.48
-176771.749   884.777    55.86   78.70
-176395.802   894.182    25.02   76.00
-176019.853   892.841    -3.57   99.38
-175643.901   878.533   -38.06  119.00
-175267.946   866.180   -32.86  125.05
-174891.988   847.326   -50.15  134.03
-174516.027   830.141   -45.71  111.40
-174140.063   843.993    36.84   92.72
-173764.097   862.488    49.19   82.01
-173388.127   902.905   107.50   69.47
-173012.155   941.947   103.84   54.13
-172636.180   959.089    45.59   59.12
-172260.202   961.808     7.23   59.08
-171884.221   950.411   -30.31   51.77
-171508.238   947.052    -8.93   38.40
-171132.251   947.784     1.95   33.65
-170756.262   964.155    43.54   40.64
-170380.270   976.939    34.00   35.61
-170004.275   984.263    19.48   44.26
-169628.277  1005.941    57.65   63.69
-169252.276  1021.047    40.17   62.41
-168876.272  1056.957    95.50   73.71
-168500.265  1101.641   118.83   79.37
-168124.256  1132.590    82.31   69.87
-167748.243  1155.641    61.30   57.73
-167372.228  1156.257     1.64   64.59
-166996.210  1157.826     4.17   57.85
-166620.189  1178.669    55.43   56.29
-166244.165  1204.155    67.77   48.87
-165868.138  1238.236    90.63   39.41
-165492.108  1262.821    65.38   32.97
-165116.075  1280.770    47.73   41.34
-164740.040  1282.671     5.06   50.27
-164364.001  1290.750    21.48   55.56
-163987.960  1281.750   -23.93   60.89
-163611.916  1270.804   -29.11   57.35
-163235.869  1259.718   -29.48   47.46
-162859.819  1263.290     9.50   54.11
-162483.766  1287.052    63.18   64.40
-162107.710  1307.334    53.93   62.85
-161731.651  1320.026    33.75   53.06
-161355.589  1303.425   -44.14   61.35
-160979.525  1271.441   -85.05   61.19
-160603.457  1232.220  -104.29   42.00
-160227.387  1202.641   -78.65   36.36
-159851.313  1187.263   -40.89   36.60
-159475.237  1168.447   -50.03   38.55
-159099.158  1153.641   -39.37   47.50
-158723.075  1134.641   -50.52   57.62
-158346.990  1110.141   -65.14   54.89
-157970.902  1104.615   -14.69   51.82
-157594.811  1099.510   -13.57   51.86
-157218.718  1078.668   -55.41   42.64
-156842.621  1045.590   -87.95   62.68
-156466.521  1004.371  -109.59   77.91
-156090.418   970.949   -88.86   73.81
-155714.313   951.693   -51.20   59.47
-155338.204   954.923     8.59   58.33
-154962.092   963.722    23.39   37.25
-154585.978   960.744    -7.92   33.84
-154209.861   975.488    39.20   60.32
-153833.740   999.558    63.99   86.92
-153457.617  1028.452    76.82   81.02
-153081.491  1048.506    53.32   62.86
-152705.361  1054.182    15.09   59.03
-152329.229  1032.923   -56.52   50.71
-151953.094  1008.798   -64.14   39.23
-151576.956   978.949   -79.35   63.55
-151200.815   950.273   -76.24   74.13
-150824.671   935.975   -38.01   72.71
-150448.524   908.411   -73.28   74.33
-150072.374   906.804    -4.27   82.85
-149696.221   886.616   -53.67   87.94
-149320.065   867.180   -51.67   80.77
-148943.906   870.590     9.07   69.69
-148567.744   885.510    39.66   70.64
-148191.580   919.590    90.60   75.05
-147815.412   944.103    65.16   63.83
-147439.241   932.919   -29.73   71.02
-147063.067   891.587  -109.87   82.57
-146686.891   835.641  -148.72   71.96
-146310.711   787.695  -127.45   59.14
-145934.528   750.693   -98.36   56.04
-145558.342   714.127   -97.20   70.99
-145182.154   675.116  -103.70   73.84
-144805.962   629.923  -120.13   75.98
-144429.767   595.141   -92.45   78.45
-144053.570   546.641  -128.92  104.91
-143677.369   496.939  -132.11   95.05
-143301.165   477.334   -52.11   87.44
-142924.959   482.694    14.25  103.51
-142548.749   513.359    81.51  106.03
-142172.536   537.912    65.26  125.92
-141796.321   586.231   128.43  143.64
-141420.102   632.491   122.96  148.14
-141043.880   686.169   142.67  119.45
-140667.656   717.236    82.57   80.18
-140291.428   738.885    57.54   33.47
-139915.197   749.020    26.94   37.42
-139538.963   756.885    20.90   36.35
-139162.727   768.356    30.49   34.35
-138786.487   776.466    21.56   37.33
-138410.244   781.949    14.57   29.20
-138033.998   785.344     9.02   30.87
-137657.749   799.949    38.82   39.13
-137281.498   824.101    64.19   39.02
-136905.243   847.257    61.54   45.01
-136528.985   877.826    81.24   57.00
-136152.724   911.539    89.60   66.66
-135776.460   950.479   103.49   69.50
-135400.193   969.359    50.18   86.02
-135023.923   962.591   -17.99   89.62
-134647.649   950.586   -31.91   83.86
-134271.373   944.299   -16.71   57.01
-133895.094   975.047    81.71   69.52
-133518.812  1019.777   118.87   85.27
-133142.527  1050.155    80.73   71.68
-132766.238  1070.670    54.52   58.72
-132389.947  1044.691   -69.04   59.14
-132013.652  1014.154   -81.15   47.91
-131637.355   996.777   -46.18   42.18
-131261.054   971.975   -65.91   28.44
-130884.751   965.506   -17.19   23.50
-130508.444   982.931    46.30   35.82
-130132.134  1002.513    52.04   42.58
-129755.822  1028.949    70.25   42.52
-129379.506  1065.587    97.36   35.45
-129003.187  1089.949    64.74   49.88
-128626.865  1108.491    49.27   58.52
-128250.540  1135.263    71.14   64.61
-127874.212  1146.231    29.14   74.50
-127497.880  1181.668    94.16   74.82
-127121.546  1214.993    88.55   60.02
-126745.209  1227.182    32.39   42.44
-126368.868  1224.441    -7.28   42.38
-125992.525  1191.241   -88.21   65.39
-125616.178  1152.141  -103.89   67.60
-125239.829  1130.993   -56.19   62.71
-124863.476  1131.462     1.25   58.03
-124487.120  1149.036    46.69   57.54
-124110.761  1151.062     5.38   58.82
-123734.399  1143.847   -19.17   72.78
-123358.034  1096.826  -124.93   95.82
-122981.666  1025.912  -188.41  122.84
-122605.294   941.898  -223.21  121.32
-122228.920   850.316  -243.32  102.62
-121852.543   784.533  -174.77   73.95
-121476.162   766.116   -48.93   86.28
-121099.778   766.773     1.74  100.18
-120723.391   782.447    41.64  120.16
-120347.001   747.155   -93.76  119.68
-119970.608   705.669  -110.22   94.32
-119594.212   714.231    22.75   87.33
-119217.813   756.466   112.21  112.25
-118841.411   812.317   148.38  112.33
-118465.005   863.316   135.49   90.56
-118088.597   868.720    14.36   82.69
-117712.185   829.168  -105.08   86.80
-117335.770   773.905  -146.81   67.47
-116959.352   739.744   -90.75   63.45
-116582.931   722.615   -45.50   52.57
-116206.507   720.641    -5.24   56.57
-115830.080   741.316    54.92   62.30
-115453.980   765.614    64.60   44.92
-115078.170   782.466    44.84   47.66
-114702.358   794.129    31.03   60.65
-114326.542   799.697    14.82   59.64
-113950.723   806.344    17.69   51.04
-113574.901   786.479   -52.86   56.88
-113199.076   752.488   -90.44   43.49
-112823.248   721.541   -82.34   32.47
-112447.416   697.209   -64.74   30.94
-112071.582   682.291   -39.69   44.98
-111695.744   669.847   -33.11   49.45
-111319.903   669.668    -0.48   41.86
-110944.059   663.747   -15.75   42.32
-110568.212   620.282  -115.64   73.63
-110192.362   548.905  -189.91  101.98
-109816.509   508.891  -106.46   84.14
-109440.652   511.385     6.63   79.63
-109064.793   531.425    53.32   76.40
-108688.930   540.166    23.26   77.43
-108313.064   532.513   -20.36   86.67
-107937.195   515.003   -46.59   74.27
-107561.322   470.506  -118.38   79.42
-107185.447   449.614   -55.58   77.27
-106809.568   442.436   -19.09   69.15
-106433.687   403.891  -102.54   82.97
-106057.802   376.912   -71.77   95.90
-105681.914   341.541   -94.10   76.04
-105306.022   306.308   -93.73   58.09
-104930.128   288.010   -48.68   63.06
-104554.230   272.484   -41.30   52.66
-104178.330   287.436    39.78   84.81
-103802.426   321.975    91.88  106.10
-103426.519   369.669   126.88  111.10
-103050.608   386.564    44.94  102.14
-102674.695   388.939     6.32   91.30
-102298.778   392.795    10.26   80.40
-101922.859   395.667     7.64   82.49
-101546.936   422.864    72.34   87.81
-101171.009   450.047    72.31  103.62
-100795.080   477.695    73.55  104.40
-100419.147   506.180    75.77   85.52
-100043.212   519.949    36.63   66.61
 -99667.273   510.398   -25.40   56.33
 -99291.331   494.466   -42.38   52.92
 -98915.385   476.949   -46.59   54.43
 -98539.437   462.536   -38.34   38.56
 -98163.485   453.912   -22.94   30.43
 -97787.530   446.693   -19.20   22.95
 -97411.572   445.589    -2.94   18.11
 -97035.611   452.197    17.58   22.54
 -96659.646   461.564    24.92   23.18
 -96283.678   461.391    -0.46   27.87
 -95907.707   456.488   -13.04   39.64
 -95531.733   436.488   -53.19   54.42
 -95155.756   410.225   -69.85   50.22
 -94779.775   382.290   -74.30   37.08
 -94403.791   368.425   -36.88   21.06
 -94027.804   385.089    44.32   41.84
 -93651.814   396.541    30.46   50.03
 -93275.821   408.885    32.83   63.87
 -92899.824   439.891    82.46   99.84
 -92523.824   454.513    38.89  122.55
 -92147.821   461.878    19.59  120.67
 -91771.814   476.912    39.98  114.00
 -91395.805   510.949    90.52  118.25
 -91019.792   526.826    42.22  111.41
 -90643.776   557.808    82.39  102.93
 -90267.756   561.770    10.54   99.88
 -89891.734   564.836     8.15   95.90
 -89515.708   582.718    47.56   91.56
 -89139.679   592.872    27.00   92.63
 -88763.647   608.156    40.64   81.53
 -88387.611   588.290   -52.83   89.77
 -88011.572   560.263   -74.53   93.98
 -87635.530   545.431   -39.44   92.89
 -87259.485   528.216   -45.78   95.43
 -86883.436   528.020    -0.52   94.00
 -86507.385   538.923    28.99   94.33
 -86131.330   538.308    -1.64  110.22
 -85755.271   537.878    -1.14  119.13
 -85379.210   530.452   -19.75  130.20
 -85003.145   520.436   -26.63  147.30
 -84627.077   521.720     3.41  145.22
 -84251.005   541.780    53.34  146.05
 -83874.931   559.923    48.24  134.38
 -83498.853   562.864     7.82  125.02
 -83122.772   532.898   -79.68  156.04
 -82746.687   464.231  -182.58  183.23
 -82370.599   412.611  -137.25  177.62
 -81994.508   389.209   -62.22  166.97
 -81618.414   363.858   -67.41  164.92
 -81242.317   362.939    -2.44  146.94
 -80866.216   321.791  -109.40  148.88
 -80490.112   286.452   -93.96  151.30
 -80114.004   207.154  -210.83  140.24
 -79737.894   137.205  -185.98   98.63
 -79361.780    96.513  -108.19   43.15
 -78985.662    86.804   -25.81   12.57
 -78609.542    86.513    -0.77   15.98
 -78233.418    89.462     7.84   28.09
 -77857.291   110.141    54.98   57.50
 -77481.160   133.026    60.84   78.30
 -77105.027   140.891    20.91   80.14
 -76728.890   133.615   -19.34   74.85
 -76352.749   111.923   -57.67   68.90
 -75976.606    78.548   -88.73   42.70
 -75600.459    58.479   -53.35   23.72
 -75224.308    49.247   -24.54    8.52
 -74848.155    45.804    -9.15    5.78
 -74471.998    43.539    -6.02    5.93
 -74095.838    42.074    -3.89    5.52
 -73719.674    39.949    -5.65    4.45
 -73343.507    39.334    -1.64    4.51
 -72967.337    40.590     3.34    8.12
 -72591.164    46.182    14.86   15.50
 -72214.987    49.257     8.17   15.56
 -71838.807    50.667     3.75   14.32
 -71462.623    51.975     3.48   13.10
 -71086.436    51.872    -0.27   12.83
 -70710.246    60.128    21.95   23.70
 -70334.053    58.694    -3.81   24.34
 -69957.856    52.539   -16.36   23.50
 -69581.656    42.110   -27.72   10.47
 -69205.453    39.194    -7.75    4.96
 -68829.246    38.089    -2.94    4.32
 -68453.036    38.290     0.54    4.62
 -68076.822    36.898    -3.70    4.88
 -67700.605    34.452    -6.50    3.71
 -67324.385    32.770    -4.47    2.43
 -66948.162    32.257    -1.36    2.05
 -66571.935    32.462     0.55    1.86
 -66195.705    32.533     0.19    1.68
 -65819.471    32.282    -0.67    1.97
 -65443.234    31.667    -1.64    2.17
 -65066.994    31.586    -0.22    2.18
 -64690.750    31.154    -1.15    2.39
 -64314.503    30.993    -0.43    2.51
 -63938.253    31.299     0.81    2.55
 -63561.999    31.898     1.59    2.76
 -63185.742    31.391    -1.35    2.95
 -62809.482    31.718     0.87    2.90
 -62433.218    31.359    -0.95    3.14
 -62056.951    31.290    -0.18    3.85
 -61680.680    32.923     4.34    5.04
 -61304.406    37.398    11.89   13.31
 -60928.129    45.975    22.79   21.90
 -60551.848    58.052    32.10   31.20
 -60175.564    98.247   106.82   65.96
 -59799.277   137.308   103.81   65.79
 -59422.986   177.180   105.96   57.83
 -59046.692   198.564    56.83   45.58
 -58670.394   193.993   -12.15   55.20
 -58294.093   186.872   -18.92   59.32
 -57917.789   169.344   -46.58   57.59
 -57541.481   136.720   -86.69   63.41
 -57165.170    99.062  -100.07   67.90
 -56788.856    55.048  -116.96   39.02
 -56412.538    39.411   -41.55   22.06
 -56036.216    30.720   -23.09   11.10
 -55659.892    31.614     2.38   11.40
 -55283.563    33.564     5.18   11.45
 -54907.232    31.891    -4.45    6.61
 -54530.897    32.052     0.43    6.24
 -54154.558    30.770    -3.41    6.28
 -53778.217    28.750    -5.37    4.66
 -53401.872    28.821     0.19    4.84
 -53025.523    30.257     3.82    4.10
 -52649.171    30.770     1.36    3.96
 -52272.815    31.398     1.67    4.19
 -51896.457    31.052    -0.92    4.69
 -51520.094    30.452    -1.59    5.27
 -51143.729    29.247    -3.20    5.57
 -50767.360    29.425     0.47    5.28
 -50390.987    29.298    -0.34    5.17
 -50014.611    28.923    -0.99    5.51
 -49638.232    28.799    -0.33    5.16
 -49261.849    28.912     0.30    5.39
 -48885.463    28.799    -0.30    5.76
 -48509.073    28.280    -1.38    5.30
 -48132.680    27.589    -1.84    5.23
 -47756.283    26.129    -3.88    5.08
 -47379.883    26.182     0.14    4.25
 -47003.480    25.641    -1.44    4.52
 -46627.073    25.488    -0.41    4.54
 -46250.662    25.462    -0.07    4.04
 -45874.249    25.317    -0.38    4.38
 -45497.831    24.591    -1.93    4.27
 -45121.411    24.506    -0.23    3.97
 -44744.986    24.236    -0.72    3.18
 -44368.559    23.506    -1.94    2.75
 -43992.128    22.727    -2.07    3.07
 -43615.693    22.411    -0.84    2.92
 -43239.255    21.436    -2.59    3.13
 -42862.814    20.725    -1.89    3.03
 -42486.369    20.452    -0.72    3.01
 -42109.921    20.419    -0.09    2.60
 -41733.469    20.220    -0.53    2.91
 -41357.013    19.891    -0.87    3.21
 -40980.555    19.722    -0.45    3.42
 -40604.092    20.052     0.87    4.96
 -40228.197    21.536     3.95    6.10
 -39852.419    22.308     2.05    6.91
 -39476.638    22.695     1.03    6.85
 -39100.854    21.916    -2.07    7.17
 -38725.066    21.141    -2.06    7.53
 -38349.275    20.182    -2.55    6.17
 -37973.480    19.614    -1.51    5.64
 -37597.682    19.327    -0.76    5.29
 -37221.880    19.923     1.59    5.34
 -36846.075    20.205     0.75    4.83
 -36470.266    19.558    -1.72    4.72
 -36094.454    18.299    -3.35    4.39
 -35718.638    17.086    -3.23    4.46
 -35342.819    16.747    -0.90    4.03
 -34966.996    16.866     0.32    3.95
 -34591.170    17.209     0.91    3.62
 -34215.341    17.513     0.81    4.29
 -33839.507    17.299    -0.57    4.24
 -33463.671    17.103    -0.52    3.30
 -33087.831    16.993    -0.29    3.54
 -32711.987    16.791    -0.54    3.61
 -32336.140    16.878     0.23    3.40
 -31960.290    17.074     0.52    3.41
 -31584.435    17.020    -0.14    3.34
 -31208.578    17.336     0.84    2.95
 -30832.717    16.795    -1.44    2.73
 -30456.852    17.257     1.23    2.91
 -30080.984    17.530     0.73    2.95
 -29705.112    18.510     2.61    3.39
 -29329.237    18.641     0.35    3.53
 -28953.359    18.747     0.28    3.39
 -28577.476    18.991     0.65    3.28
 -28201.591    19.560     1.51    2.78
 -27825.702    19.905     0.92    2.37
 -27449.809    20.036     0.35    2.93
 -27073.913    20.257     0.59    3.05
 -26698.013    20.885     1.67    3.05
 -26322.110    21.216     0.88    3.02
 -25946.203    21.799     1.55    2.94
 -25570.292    21.831     0.08    2.62
 -25194.378    22.128     0.79    2.83
 -24818.461    22.947     2.18    3.29
 -24442.540    23.693     1.98    3.18
 -24066.616    25.282     4.23    4.04
 -23690.688    26.364     2.88    4.08
 -23314.756    28.062     4.52    3.92
 -22938.821    28.419     0.95    3.50
 -22562.882    31.247     7.52    4.99
 -22186.940    34.180     7.80    5.98
 -21810.994    39.317    13.66   10.29
 -21435.045    58.352    50.63   33.02
 -21059.092    86.484    74.83   54.01
 -20683.136   121.436    92.97   63.47
 -20307.176   153.668    85.73   51.10
 -19931.212   155.991     6.18   40.56
 -19555.245   139.299   -44.40   48.27
 -19179.274   124.344   -39.78   51.80
 -18803.300   100.912   -62.32   45.33
 -18427.322    71.808   -77.41   32.97
 -18051.341    58.180   -36.25   18.22
 -17675.356    48.257   -26.39    7.38
 -17299.368    45.808    -6.51    6.15
 -16923.376    44.326    -3.94    5.17
 -16547.380    43.197    -3.00    4.38
 -16171.381    43.273     0.20    3.87
 -15795.378    43.916     1.71    3.79
 -15419.372    46.668     7.32    8.63
 -15043.362    44.984    -4.48    8.07
 -14667.348    42.089    -7.70    9.54
 -14291.331    37.693   -11.69   10.03
 -13915.310    32.425   -14.01    3.99
 -13539.286    29.391    -8.07    4.31
 -13163.258    26.975    -6.43    4.22
 -12787.227    25.020    -5.20    3.54
 -12411.192    23.750    -3.38    4.38
 -12035.153    23.058    -1.84    4.38
 -11659.111    22.513    -1.45    4.34
 -11283.065    21.385    -3.00    3.25
 -10907.016    21.030    -0.94    2.93
 -10530.963    21.773     1.97    3.74
 -10154.906    23.891     5.63    5.94
  -9778.846    27.194     8.78    8.40
  -9402.782    31.491    11.43   10.69
  -9026.714    37.290    15.42   16.01
  -8650.643    44.562    19.34   23.20
  -8274.568    49.273    12.53   28.61
  -7898.490    41.667   -20.22   26.81
  -7522.408    33.290   -22.27   21.85
  -7146.323    25.566   -20.54   16.51
  -6770.234    17.872   -20.46    7.23
  -6394.141    15.371    -6.65    4.30
  -6018.044    14.533    -2.23    3.41
  -5641.944    14.197    -0.89    3.07
  -5265.841    13.693    -1.34    2.57
  -4889.733    12.898    -2.11    2.79
  -4513.622    12.447    -1.20    2.78
  -4137.508    11.931    -1.37    2.03
  -3761.390    12.209     0.74    2.23
  -3385.268    12.615     1.08    2.05
  -3009.142    13.941     3.53    2.40
  -2633.013    15.047     2.94    2.70
  -2256.880    15.010    -0.10    4.04
  -1880.744    10.694   -11.47    8.19
  -1504.604     5.103   -14.86    8.63
  -1128.460     0.371   -12.58    5.86
   -752.313    -1.509    -5.00    2.86
   -376.162    -2.256    -1.99    0.31
     -0.007    -0.683     4.18    4.63
    376.151     1.614     6.11    6.64
    752.313     4.891     8.71    7.45
   1128.478     8.129     8.61    6.48
   1504.648    10.847     7.23    4.34
   1880.821    12.169     3.52    1.83
   2256.997    12.299     0.35    1.71
   2633.177    12.398     0.26    1.96
   3009.361    13.209     2.16    2.64
   3385.549    13.866     1.75    2.84
   3761.740    15.101     3.28    3.36
   4137.935    16.457     3.61    3.26
   4514.134    17.536     2.87    3.19
   4890.336    17.949     1.10    2.97
   5266.542    16.506    -3.84    3.45
   5642.752    14.837    -4.44    3.45
   6018.965    13.154    -4.47    2.28
   6395.182    12.308    -2.25    1.82
   6771.403    11.912    -1.05    1.87
   7147.627    11.836    -0.20    2.03
   7523.855    12.411     1.53    1.90
   7900.087    12.129    -0.75    2.01
   8276.322    12.013    -0.31    2.13
   8652.562    11.693    -0.85    2.33
   9028.804    11.560    -0.35    2.76
   9405.051    11.560     0.00    2.92
   9781.301    12.231     1.78    2.74
  10157.555    11.966    -0.71    2.86
  10533.813    12.334     0.98    2.66
  10910.074    12.668     0.89    2.74
  11286.339    12.052    -1.64    4.41
  11662.608    12.074     0.06    4.38
  12038.880    11.105    -2.58    4.11
  12415.157    11.010    -0.25    1.89
  12791.436    11.308     0.79    2.01
  13167.720    11.858     1.46    1.64
  13544.007    12.074     0.57    1.82
  13920.298    12.378     0.81    1.81
  14296.593    12.359    -0.05    1.96
  14672.892    12.829     1.25    3.28
  15049.194    13.089     0.69    3.96
  15425.500    13.799     1.89    4.00
  15801.810    14.263     1.23    4.00
  16178.123    13.795    -1.24    3.39
  16554.440    13.694    -0.27    3.23
  16930.761    13.539    -0.41    2.91
  17307.086    12.411    -3.00    1.91
  17683.414    11.847    -1.50    2.13
  18059.746    11.479    -0.98    1.98
  18436.082    11.462    -0.05    1.73
  18812.421    12.036     1.53    2.05
  19188.765    12.141     0.28    2.08
  19565.112    11.777    -0.97    2.16
  19941.463    12.074     0.79    2.74
  20317.817    12.852     2.07    3.43
  20694.175    14.872     5.37    3.84
  21070.538    16.704     4.87    2.64
  21446.903    16.405    -0.80    3.11
  21823.273    15.898    -1.35    3.14
  22199.646    15.722    -0.47    3.29
  22576.023    15.872     0.40    3.58
  22952.404    15.695    -0.47    4.02
  23328.789    14.616    -2.87    4.28
  23705.177    12.821    -4.77    3.44
  24081.569    11.949    -2.32    2.46
  24457.965    11.826    -0.33    1.96
  24834.365    11.718    -0.29    1.69
  25210.769    11.821     0.27    2.14
  25587.176    11.669    -0.40    2.46
  25963.587    12.103     1.15    2.70
  26340.002    12.371     0.71    2.66
  26716.420    12.589     0.58    3.25
  27092.843    13.257     1.77    3.29
  27469.269    13.110    -0.39    3.19
  27845.699    12.744    -0.97    2.88
  28222.132    12.539    -0.54    2.35
  28598.570    11.668    -2.31    2.20
  28975.011    11.052    -1.64    1.74
  29351.456    11.047    -0.01    1.55
  29727.905    11.052     0.01    1.65
  30104.358    11.052     0.00    1.71
  30480.814    11.209     0.42    1.61
  30857.275    11.385     0.47    1.46
  31233.739    11.564     0.48    1.35
  31610.207    11.770     0.54    2.00
  31986.678    12.155     1.02    2.43
  32363.154    12.488     0.88    2.68
  32739.633    13.506     2.71    3.29
  33116.116    14.282     2.06    3.21
  33492.603    15.089     2.14    2.73
  33869.094    15.110     0.06    2.31
  34245.589    15.000    -0.29    2.53
  34622.000    15.010     0.03    2.45
  34997.742    15.020     0.03    2.42
  35373.487    15.052     0.08    2.80
  35749.236    14.753    -0.80    2.56
  36124.989    15.129     1.00    3.14
  36500.745    14.975    -0.41    3.40
  36876.506    15.344     0.98    3.98
  37252.270    15.693     0.93    4.11
  37628.038    16.026     0.89    4.06
  38003.810    16.847     2.18    3.56
  38379.585    17.506     1.76    3.29
  38755.365    17.129    -1.01    3.28
  39131.148    17.074    -0.15    3.18
  39506.935    16.898    -0.47    3.55
  39882.726    16.431    -1.24    3.93
  40258.521    16.766     0.89    4.13
  40634.320    16.975     0.55    3.78
  41010.122    17.431     1.21    3.43
  41385.928    18.425     2.65    2.81
  41761.739    18.564     0.37    2.88
  42137.553    17.253    -3.49    3.74
  42513.370    16.103    -3.06    3.29
  42889.192    14.539    -4.16    2.74
  43265.018    13.773    -2.04    2.15
  43640.847    13.872     0.26    2.12
  44016.680    13.667    -0.55    2.08
  44392.517    13.693     0.07    1.79
  44768.358    13.479    -0.57    1.54
  45144.203    13.539     0.16    1.29
  45520.051    13.479    -0.16    1.38
  45895.904    14.026     1.45    1.71
  46271.760    15.308     3.41    2.92
  46647.620    16.766     3.88    3.79
  47023.484    16.052    -1.90    4.45
  47399.352    16.641     1.57    4.53
  47775.224    16.506    -0.36    4.24
  48151.100    16.154    -0.94    3.83
  48526.979    16.447     0.78    2.82
  48902.863    17.103     1.75    2.53
  49278.750    16.667    -1.16    2.57
  49654.641    15.826    -2.24    2.13
  50030.536    15.488    -0.90    2.02
  50406.435    14.975    -1.36    1.61
  50782.338    14.539    -1.16    1.52
  51158.244    14.209    -0.88    1.71
  51534.155    14.385     0.47    1.93
  51910.069    14.128    -0.68    1.97
  52285.988    14.026    -0.27    1.71
  52661.910    14.564     1.43    0.90
  53037.836    14.485    -0.21    0.99
  53413.766    14.590     0.28    1.07
  53789.700    14.747     0.42    1.43
  54165.638    14.966     0.58    1.51
  54541.579    14.975     0.02    1.42
  54917.525    15.155     0.48    1.63
  55293.474    15.462     0.82    1.62
  55669.428    15.539     0.20    1.89
  56045.385    15.984     1.18    1.96
  56421.346    16.257     0.73    2.30
  56797.311    16.282     0.07    2.31
  57173.280    16.026    -0.68    2.16
  57549.253    15.668    -0.95    2.06
  57925.230    15.411    -0.69    1.58
  58301.211    15.128    -0.75    1.10
  58677.196    15.744     1.64    1.92
  59053.184    16.026     0.75    2.37
  59429.177    15.891    -0.36    2.58
  59805.173    16.898     2.68    3.21
  60181.173    17.273     1.00    3.34
  60557.178    17.479     0.55    3.44
  60933.186    16.821    -1.75    3.09
  61309.198    16.912     0.24    3.49
  61685.214    16.923     0.03    3.99
  62061.234    16.385    -1.43    4.22
  62437.258    15.826    -1.49    3.82
  62813.286    15.231    -1.58    2.40
  63189.318    15.411     0.48    1.46
  63565.354    15.641     0.61    1.34
  63941.394    15.560    -0.22    1.28
  64317.437    15.513    -0.13    1.26
  64693.485    15.668     0.41    1.28
  65069.536    15.641    -0.07    1.54
  65445.592    15.641     0.00    1.97
  65821.651    15.204    -1.16    2.97
  66197.715    14.821    -1.02    2.89
  66573.782    14.720    -0.27    2.70
  66949.854    14.966     0.65    2.48
  67325.929    15.077     0.30    1.57
  67702.008    15.336     0.69    1.53
  68078.092    16.291     2.54    2.42
  68454.179    17.436     3.04    2.93
  68830.270    18.220     2.08    2.96
  69206.365    19.641     3.78    2.89
  69582.464    19.590    -0.14    2.89
  69958.567    19.359    -0.61    3.21
  70334.674    19.479     0.32    3.38
  70710.785    19.052    -1.14    3.27
  71086.900    19.263     0.56    2.78
  71463.019    19.231    -0.08    2.48
  71839.142    18.821    -1.09    2.80
  72215.269    18.985     0.44    2.95
  72591.400    19.436     1.20    2.80
  72967.535    18.479    -2.54    3.23
  73343.674    18.326    -0.41    3.32
  73719.817    17.966    -0.96    3.15
  74095.964    18.253     0.76    3.24
  74472.115    18.847     1.58    2.81
  74848.270    19.231     1.02    2.74
  75224.429    19.141    -0.24    2.82
  75600.592    19.352     0.56    2.57
  75976.759    19.052    -0.80    2.65
  76352.929    18.744    -0.82    2.09
  76729.104    19.317     1.52    1.94
  77105.283    18.923    -1.05    2.33
  77481.466    17.993    -2.47    2.65
  77857.653    17.308    -1.82    2.71
  78233.844    16.821    -1.30    2.58
  78610.039    17.914     2.91    3.25
  78986.238    19.000     2.89    3.10
  79362.441    19.344     0.91    2.74
  79738.648    18.589    -2.01    2.79
  80114.859    17.236    -3.60    1.98
  80491.074    16.864    -0.99    1.82
  80867.293    16.847    -0.05    1.88
  81243.517    17.103     0.68    2.43
  81619.744    17.799     1.85    3.00
  81995.975    18.366     1.51    3.34
  82372.210    18.411     0.12    3.62
  82748.450    18.693     0.75    3.35
  83124.693    18.668    -0.06    3.01
  83500.940    18.180    -1.30    3.09
  83877.192    17.780    -1.06    2.94
  84253.447    16.720    -2.82    3.15
  84629.706    16.116    -1.61    2.45
  85005.970    16.070    -0.12    2.39
  85382.238    16.000    -0.18    2.44
  85758.509    16.074     0.20    2.34
  86134.785    15.777    -0.79    2.31
  86511.065    15.452    -0.86    1.79
  86887.348    15.364    -0.24    1.61
  87263.636    15.026    -0.90    1.71
  87639.928    14.916    -0.29    1.66
  88016.224    15.220     0.81    1.65
  88392.524    16.091     2.31    1.84
  88768.828    16.975     2.35    2.04
  89145.136    17.359     1.02    2.09
  89521.449    17.826     1.24    1.98
  89897.765    18.411     1.55    2.11
  90274.085    19.086     1.79    2.45
  90650.410    20.168     2.87    2.17
  91026.738    21.154     2.62    1.82
  91403.071    21.364     0.56    1.70
  91779.407    21.180    -0.49    2.20
  92155.748    20.912    -0.71    2.01
  92532.093    20.452    -1.22    2.12
  92908.442    19.858    -1.58    1.92
  93284.795    19.475    -1.02    1.81
  93661.152    18.821    -1.74    1.89
  94037.513    18.291    -1.41    1.55
  94413.878    17.957    -0.89    1.63
  94790.248    18.391     1.15    1.64
  95166.621    18.589     0.52    1.64
  95542.999    18.693     0.28    1.67
  95919.381    19.052     0.95    1.41
  96295.766    19.257     0.55    1.68
  96672.156    19.371     0.30    1.92
  97048.550    19.299    -0.19    2.12
  97424.948    18.975    -0.86    2.16
  97801.350    18.560    -1.10    2.11
  98177.757    18.411    -0.40    1.65
  98554.167    18.062    -0.93    1.37
  98930.582    18.182     0.32    1.39
  99307.000    18.074    -0.29    1.37
  99683.423    18.003    -0.19    1.78
 100059.850    18.191     0.50    2.02
 100436.281    17.816    -1.00    1.89
 100812.716    17.560    -0.68    1.34
 101189.155    18.091     1.41    1.71
 101565.599    18.352     0.69    1.96
 101942.046    19.308     2.54    2.17
 102318.498    20.411     2.93    2.28
 102694.954    20.694     0.75    2.35
 103071.414    21.405     1.89    2.02
 103447.878    21.457     0.14    2.28
 103824.346    21.491     0.09    2.47
 104200.818    21.236    -0.68    2.52
 104577.295    20.741    -1.31    2.82
 104953.775    20.026    -1.90    2.38
 105330.260    19.697    -0.87    1.76
 105706.749    20.128     1.14    1.84
 106083.242    20.697     1.51    1.69
 106459.739    21.026     0.87    1.57
 106836.240    21.441     1.10    1.64
 107212.746    21.506     0.17    1.70
 107589.256    21.491    -0.04    1.63
 107965.769    21.484    -0.02    1.52
 108342.287    21.425    -0.15    1.47
 108718.810    21.562     0.36    1.38
 109095.336    22.231     1.78    1.83
 109471.866    22.616     1.02    1.98
 109848.067    22.747     0.35    1.81
 110223.771    22.266    -1.28    1.84
 110599.480    21.695    -1.52    1.70
 110975.193    21.291    -1.08    1.75
 111350.909    21.898     1.61    2.20
 111726.630    22.560     1.76    2.34
 112102.356    23.885     3.52    2.63
 112478.085    24.885     2.66    2.23
 112853.818    24.436    -1.19    2.35
 113229.556    24.103    -0.89    2.49
 113605.298    23.419    -1.82    2.50
 113981.044    22.766    -1.74    1.96
 114356.794    22.831     0.17    1.81
 114732.548    22.975     0.38    1.79
 115108.306    23.795     2.18    1.68
 115484.069    24.115     0.85    1.59
 115859.836    24.115     0.00    1.45
 116235.607    24.273     0.42    1.53
 116611.382    24.366     0.25    1.55
 116987.161    24.155    -0.56    1.52
 117362.945    24.416     0.70    1.49
 117738.733    24.616     0.53    2.06
 118114.525    24.263    -0.94    2.43
 118490.321    24.398     0.36    2.44
 118866.121    24.336    -0.17    2.45
 119241.925    24.693     0.95    2.63
 119617.734    26.026     3.55    2.42
 119993.547    26.425     1.06    2.29
 120369.364    26.847     1.12    1.92
 120745.185    26.641    -0.55    1.85
 121121.011    25.590    -2.80    2.57
 121496.841    24.667    -2.46    3.02
 121872.674    23.141    -4.06    2.95
 122248.513    22.036    -2.94    2.16
 122624.355    21.326    -1.89    1.92
 123000.201    21.516     0.51    1.88
 123376.052    21.317    -0.53    2.12
 123751.907    21.544     0.60    1.99
 124127.766    21.770     0.60    1.99
 124503.630    22.425     1.74    1.70
 124879.497    22.344    -0.22    1.70
 125255.369    22.780     1.16    1.84
 125631.245    22.821     0.11    1.86
 126007.126    22.718    -0.27    2.06
 126383.010    22.939     0.59    2.03
 126758.899    22.923    -0.04    2.01
 127134.792    23.197     0.73    1.87
 127510.689    23.539     0.91    1.67
 127886.590    23.693     0.41    1.62
 128262.496    23.852     0.42    1.70
 128638.406    24.062     0.56    1.83
 129014.320    24.334     0.72    1.66
 129390.239    24.841     1.35    1.70
 129766.161    25.263     1.12    1.60
 130142.088    25.491     0.61    1.55
 130518.019    25.615     0.33    1.46
 130893.955    25.560    -0.15    1.55
 131269.895    25.750     0.50    1.76
 131645.838    25.419    -0.88    2.49
 132021.787    25.436     0.05    2.32
 132397.739    25.359    -0.20    2.20
 132773.696    25.419     0.16    2.23
 133149.657    26.000     1.55    1.78
 133525.622    26.530     1.41    1.91
 133901.591    27.036     1.35    1.91
 134277.565    27.564     1.41    1.77
 134653.543    27.317    -0.66    1.73
 135029.525    26.975    -0.91    1.68
 135405.512    26.975     0.00    1.49
 135781.503    27.349     0.99    1.85
 136157.498    27.777     1.14    2.19
 136533.497    28.041     0.70    1.96
 136909.501    27.852    -0.50    2.36
 137285.509    27.317    -1.42    2.43
 137661.521    26.695    -1.65    2.78
 138037.538    25.384    -3.49    2.80
 138413.559    25.000    -1.02    2.69
 138789.584    25.308     0.82    2.46
 139165.613    25.722     1.10    2.35
 139541.647    26.273     1.46    2.44
 139917.685    27.030     2.01    2.35
 140293.727    26.984    -0.12    2.32
 140669.774    26.975    -0.02    2.65
 141045.825    26.695    -0.74    2.73
 141421.880    26.847     0.40    2.40
 141797.939    26.821    -0.07    2.11
 142174.003    26.516    -0.81    1.49
 142550.071    26.533     0.04    1.31
 142926.144    26.216    -0.84    1.38
 143302.220    26.209    -0.02    1.64
 143678.301    26.641     1.15    1.58
 144054.387    27.020     1.01    1.95
 144430.476    27.259     0.64    1.92
 144806.570    27.539     0.74    1.67
 145182.669    27.975     1.16    1.61
 145558.771    28.425     1.20    1.62
 145934.878    29.247     2.18    1.28
 146310.990    29.975     1.94    1.26
 146687.105    30.562     1.56    1.32
 147063.225    30.766     0.54    1.42
 147439.349    31.425     1.75    1.70
 147815.478    32.077     1.73    1.54
 148191.611    32.931     2.27    1.49
 148567.748    33.436     1.34    1.28
 148943.890    33.993     1.48    1.27
 149320.036    34.291     0.79    1.64
 149696.186    34.236    -0.15    1.61
 150072.341    35.020     2.08    1.44
 150448.500    34.984    -0.10    1.42
 150824.663    35.225     0.64    1.42
 151200.831    35.462     0.63    1.41
 151577.003    35.898     1.16    1.39
 151953.179    35.957     0.16    1.45
 152329.360    36.209     0.67    1.48
 152705.545    36.891     1.81    1.63
 153081.735    37.385     1.31    1.65
 153457.929    37.885     1.33    1.58
 153834.127    38.425     1.44    1.70
 154210.329    38.791     0.97    1.64
 154586.536    39.062     0.72    1.43
 154962.748    39.411     0.93    1.71
 155338.963    39.431     0.05    1.54
 155715.183    39.816     1.02    1.68
 156091.408    40.425     1.62    1.99
 156467.637    41.168     1.97    1.78
 156843.870    41.744     1.53    1.52
 157220.107    42.114     0.98    1.28
 157596.349    42.436     0.86    1.24
 157972.596    42.539     0.27    1.41
 158348.846    43.047     1.35    1.69
 158725.102    44.209     3.09    1.85
 159101.361    45.391     3.14    1.90
 159477.625    46.205     2.16    1.80
 159853.893    46.812     1.61    1.77
 160230.166    47.074     0.70    1.79
 160606.443    47.366     0.78    1.88
 160982.724    47.984     1.64    1.95
 161359.010    48.872     2.36    1.78
 161735.301    49.923     2.79    2.01
 162111.595    50.891     2.57    2.15
 162487.894    51.939     2.78    2.18
 162864.198    52.510     1.52    1.98
 163240.506    53.180     1.78    1.70
 163616.818    53.808     1.67    1.52
 163993.135    54.590     2.08    1.93
 164369.456    55.257     1.77    1.80
 164745.782    55.912     1.74    1.87
 165122.112    56.804     2.37    2.13
 165498.446    57.641     2.23    2.31
 165874.785    58.282     1.70    2.19
 166251.128    59.191     2.42    2.26
 166627.476    59.939     1.99    2.18
 167003.828    60.691     2.00    2.14
 167380.184    61.615     2.45    2.03
 167756.545    62.431     2.17    1.82
 168132.911    63.378     2.52    1.70
 168509.281    64.000     1.65    2.03
 168885.655    64.220     0.58    1.93
 169262.034    64.352     0.35    1.86
 169638.417    64.591     0.64    2.12
 170014.804    64.479    -0.30    2.40
 170391.196    64.841     0.96    2.61
 170767.593    65.416     1.53    2.55
 171143.994    65.697     0.75    2.22
 171520.399    66.695     2.65    2.71
 171896.809    68.086     3.69    3.11
 172273.223    69.359     3.38    3.52
 172649.642    70.841     3.94    3.16
 173026.065    72.317     3.92    2.88
 173402.493    73.841     4.05    2.93
 173778.925    75.462     4.31    3.03
 174155.362    76.826     3.62    3.02
 174531.803    78.115     3.43    2.72
 174908.248    79.257     3.03    3.02
 175284.698    79.641     1.02    2.90
 175661.153    80.089     1.19    3.14
 176037.612    81.566     3.93    3.63
 176414.075    83.506     5.15    3.28
 176790.543    85.316     4.81    2.75
 177167.016    86.975     4.41    2.99
 177543.492    88.336     3.62    3.15
 177919.974    90.209     4.98    3.24
 178296.460    91.912     4.52    3.61
 178672.950    92.436     1.39    3.51
 179049.445    93.641     3.20    3.33
 179425.944    94.804     3.09    3.30
 179802.448    95.154     0.93    3.55
 180178.956    94.062    -2.90    5.14
 180555.469    88.128   -15.76   10.86
 180931.986    79.052   -24.11   13.36
 181308.508    71.052   -21.25   10.64
 181685.034    64.975   -16.14    4.67
 182061.565    63.326    -4.38    2.17
 182438.100    63.766     1.17    2.30
 182814.640    64.398     1.68    2.60
 183191.184    64.739     0.91    2.60
 183567.733    65.539     2.12    2.06
 183944.287    65.864     0.86    1.82
 184320.844    65.966     0.27    1.45
 184697.407    65.290    -1.79    2.43
 185073.367    64.562    -1.94    2.54
 185449.045    63.975    -1.56    2.56
 185824.727    63.241    -1.95    2.08
 186200.414    63.077    -0.44    1.71
 186576.106    63.352     0.73    1.90
 186951.801    63.641     0.77    2.21
 187327.502    63.616    -0.07    2.31
 187703.207    63.826     0.56    2.20
 188078.916    64.000     0.47    2.10
 188454.630    64.299     0.80    2.21
 188830.348    64.466     0.44    2.18
 189206.071    64.371    -0.25    2.39
 189581.799    63.861    -1.36    2.22
 189957.531    63.539    -0.86    2.07
 190333.267    62.975    -1.50    2.32
 190709.008    63.425     1.20    2.17
 191084.754    63.668     0.65    2.28
 191460.504    64.744     2.86    2.65
 191836.258    66.000     3.34    2.68
 192212.018    66.836     2.22    2.59
 192587.781    67.299     1.23    2.72
 192963.549    67.614     0.84    3.26
 193339.322    68.912     3.45    3.56
 193715.099    71.291     6.33    4.23
 194090.881    74.047     7.33    3.53
 194466.668    76.205     5.74    2.71
 194842.458    77.694     3.96    2.30
 195218.254    78.770     2.86    2.21
 195594.054    79.804     2.75    2.46
 195969.858    80.991     3.16    2.25
 196345.667    81.115     0.33    2.83
 196721.481    80.695    -1.12    3.08
 197097.299    79.852    -2.24    3.18
 197473.122    78.858    -2.65    2.75
 197848.949    78.590    -0.71    2.24
 198224.781    79.129     1.43    2.09
 198600.618    79.836     1.88    2.61
 198976.459    80.966     3.01    2.73
 199352.304    82.614     4.39    3.07
 199728.154    83.431     2.17    3.12
 200104.009    84.741     3.49    3.16
 200479.868    85.966     3.26    3.25
 200855.732    86.923     2.55    2.98
 201231.601    88.036     2.96    2.44
 201607.474    89.052     2.70    2.33
 201983.351    90.533     3.94    2.28
 202359.233    91.866     3.55    2.77
 202735.120    92.952     2.89    2.51
