-245615.945   421.798     0.00   17.41
-245239.731   426.246    11.82   18.05
-244863.513   432.673    17.08   24.43
-244487.292   429.961    -7.21   30.43
-244111.068   418.973   -29.21   37.63
-243734.842   405.585   -35.58   36.80
-243358.612   389.273   -43.35   21.78
-242982.379   385.791    -9.25   11.00
-242606.143   404.140    48.77   33.42
-242229.904   426.115    58.40   40.73
-241853.662   443.166    45.32   37.09
-241477.417   453.839    28.37   26.06
-241101.169   445.896   -21.11   27.22
-240724.918   428.089   -47.33   33.14
-240348.664   405.145   -60.98   34.16
-239972.407   389.038   -42.81   27.52
-239596.147   381.499   -20.03   19.08
-239219.884   380.882    -1.64   16.87
-238843.617   388.909    21.33   18.50
-238467.348   394.990    16.16   14.82
-238091.076   389.371   -14.93   14.10
-237714.800   384.948   -11.76   14.14
-237338.522   381.125   -10.16   12.96
-236962.240   376.298   -12.83   15.21
-236585.955   371.396   -13.02   17.37
-236209.668   363.791   -20.21   15.39
-235833.377   356.828   -18.50   12.65
-235457.083   351.653   -13.75    5.29
-235080.786   350.896    -2.01    5.27
-234704.486   351.117     0.59    6.94
-234328.183   353.987     7.63   13.21
-233951.877   361.061    18.80   25.35
-233575.568   370.346    24.67   31.75
-233199.255   378.140    20.71   33.51
-232822.940   373.034   -13.57   28.08
-232446.621   368.963   -10.82   25.92
-232070.300   361.693   -19.32   14.01
-231693.975   358.628    -8.14    5.51
-231317.648   358.705     0.20    4.81
-230941.317   358.882     0.47    4.66
-230564.983   356.223    -7.07    5.17
-230188.646   355.320    -2.40    6.37
-229812.306   358.791     9.22   13.90
-229435.963   372.206    35.64   33.09
-229059.616   398.140    68.91   51.91
-228683.267   432.320    90.81   60.12
-228306.914   452.311    53.12   54.45
-227930.559   457.448    13.65   48.67
-227554.200   454.339    -8.26   42.11
-227177.838   445.346   -23.89   44.17
-226801.473   461.166    42.03   50.48
-226425.105   481.594    54.27   52.16
-226048.734   500.720    50.81   42.21
-225672.360   506.017    14.07   48.03
-225295.983   506.054     0.10   56.92
-224919.602   495.474   -28.11   61.24
-224543.219   485.950   -25.30   61.30
-224166.832   470.984   -39.76   55.08
-223790.442   454.012   -45.09   49.55
-223414.049   438.817   -40.37   40.50
-223037.653   430.693   -21.58   28.16
-222661.254   433.686     7.95   28.35
-222284.851   436.679     7.95   27.73
-221908.446   439.561     7.66   29.58
-221532.037   422.961   -44.10   29.43
-221155.626   408.006   -39.73   16.22
-220779.211   404.089   -10.40   13.28
-220402.793   405.166     2.86   11.03
-220026.372   409.485    11.47   10.82
-219649.947   410.206     1.92   12.38
-219273.646   409.098    -2.94    9.35
-218897.845   408.949    -0.40    7.53
-218522.041   421.396    33.12   26.00
-218146.233   442.531    56.23   45.38
-217770.423   465.371    60.77   56.60
-217394.609   458.166   -19.17   65.78
-217018.792   425.501   -86.91   72.00
-216642.972   389.828   -94.92   60.33
-216267.149   355.987   -90.04   19.78
-215891.323   348.884   -18.90    7.75
-215515.493   348.534    -0.93    8.24
-215139.661   356.217    20.44   23.87
-214763.825   368.173    31.81   38.37
-214387.986   381.551    35.59   52.70
-214012.144   382.397     2.25   53.26
-213636.299   368.454   -37.10   35.67
-213260.450   361.186   -19.34   18.56
-212884.599   357.612    -9.51   10.46
-212508.744   353.396   -11.22   10.28
-212132.886   353.089    -0.81   12.58
-211757.025   355.450     6.28   17.00
-211381.161   350.551   -13.03   15.84
-211005.294   352.371     4.84   15.62
-210629.423   354.192     4.84   14.24
-210253.549   353.612    -1.54   12.97
-209877.672   352.756    -2.28   13.16
-209501.792   349.705    -8.12   13.54
-209125.909   345.006   -12.50   10.80
-208750.023   341.833    -8.44    8.08
-208374.133   338.693    -8.35    6.79
-207998.240   335.738    -7.86    6.69
-207622.344   331.320   -11.75    7.65
-207246.445   328.016    -8.79    7.02
-206870.543   325.607    -6.41    5.68
-206494.637   323.817    -4.76    4.65
-206118.728   323.504    -0.83    4.05
-205742.816   324.166     1.76    4.04
-205366.901   325.801     4.35    4.87
-204990.983   329.987    11.13    7.51
-204615.061   335.064    13.50   11.80
-204239.136   335.987     2.46   15.22
-203863.208   329.639   -16.89   12.49
-203487.277   323.756   -15.65   11.35
-203111.343   319.012   -12.62    8.30
-202735.405   315.867    -8.37    7.27
-202359.464   314.012    -4.93    7.91
-201983.520   311.396    -6.96    5.94
-201607.573   310.817    -1.54    5.93
-201231.623   311.320     1.34    5.77
-200855.669   310.985    -0.89    5.89
-200479.712   311.576     1.57    5.57
-200103.752   312.987     3.75    6.54
-199727.789   315.125     5.69    9.55
-199351.822   318.012     7.68   11.63
-198975.852   319.558     4.11   11.29
-198599.879   320.448     2.37   10.58
-198223.903   319.576    -2.32    9.31
-197847.923   319.679     0.27    6.94
-197471.941   320.844     3.10    7.76
-197095.955   319.423    -3.78   12.00
-196719.965   322.525     8.25   17.62
-196343.973   323.867     3.57   21.18
-195967.977   329.140    14.02   17.93
-195591.978   333.990    12.90   17.85
-195215.976   338.844    12.91   19.75
-194839.971   342.320     9.25   23.36
-194463.962   339.391    -7.79   26.26
-194087.950   332.551   -18.19   27.04
-193711.935   324.525   -21.34   24.54
-193335.916   312.179   -32.83   18.02
-192959.895   306.217   -15.85   15.86
-192583.870   302.774    -9.16   15.13
-192207.841   295.935   -18.19    7.45
-191831.810   294.012    -5.11    4.74
-191455.775   293.238    -2.06    4.57
-191079.737   292.212    -2.73    4.78
-190703.696   292.064    -0.39    4.64
-190327.651   291.217    -2.25    4.21
-189951.603   290.756    -1.23    4.66
-189575.552   290.975     0.58    5.55
-189199.498   291.612     1.69    6.34
-188823.440   292.504     2.37    6.36
-188447.379   293.192     1.83    5.86
-188071.315   292.235    -2.54    5.19
-187695.248   288.038   -11.16    6.21
-187319.177   286.884    -3.07    5.93
-186943.103   286.589    -0.78    5.91
-186567.025   287.243     1.74    5.93
-186190.945   288.504     3.35    6.59
-185814.861   288.243    -0.69    5.67
-185438.774   287.653    -1.57    5.20
-185062.683   287.949     0.79    5.85
-184686.589   288.159     0.56    6.15
-184310.492   288.602     1.18    6.13
-183934.392   288.373    -0.61    5.48
-183558.288   290.260     5.02    4.90
-183182.181   292.975     7.22    4.91
-182806.071   295.186     5.88    6.95
-182429.957   298.206     8.03   10.61
-182053.840   297.975    -0.61   13.08
-181677.720   294.735    -8.61   13.43
-181301.596   289.730   -13.31    9.40
-180925.469   289.448    -0.75    7.29
-180549.339   291.534     5.54    7.16
-180173.206   293.371     4.89    6.48
-179797.069   294.747     3.66    7.38
-179420.929   291.397    -8.91    8.42
-179044.785   288.659    -7.28    7.64
-178668.638   288.923     0.70    7.27
-178292.488   291.107     5.81    8.81
-177916.335   295.448    11.54    9.18
-177540.178   296.764     3.50    8.68
-177164.018   296.504    -0.69    9.36
-176787.855   293.501    -7.98    9.51
-176411.688   289.554   -10.49    6.56
-176035.518   288.909    -1.71    7.10
-175659.344   287.639    -3.38    8.47
-175283.167   288.893     3.33    8.72
-174906.987   288.499    -1.05    7.67
-174530.804   289.525     2.73    8.60
-174154.617   294.645    13.61   12.49
-173778.427   301.807    19.04   21.89
-173402.233   309.450    20.32   29.98
-173026.036   317.833    22.28   31.80
-172649.836   318.238     1.08   33.57
-172273.633   311.639   -17.54   28.68
-171897.426   312.923     3.41   30.63
-171521.215   317.730    12.78   29.18
-171145.002   336.886    50.92   36.10
-170768.785   363.589    70.98   45.30
-170392.564   394.294    81.61   48.01
-170016.340   415.765    57.07   35.87
-169640.113   412.504    -8.67   41.75
-169263.883   384.531   -74.35   43.42
-168887.649   355.137   -78.12   32.60
-168511.412   337.653   -46.47   26.98
-168135.171   319.602   -47.98   18.37
-167758.927   308.311   -30.01   11.42
-167382.680   301.423   -18.31   10.78
-167006.429   295.006   -17.05    7.05
-166630.175   292.858    -5.71    5.75
-166253.917   293.602     1.98    6.48
-165877.657   295.152     4.12    8.10
-165501.392   298.607     9.18   12.00
-165125.125   305.346    17.91   19.70
-164748.854   321.323    42.46   36.51
-164372.579   332.774    30.43   38.47
-163996.301   338.807    16.03   41.43
-163620.020   330.370   -22.42   44.99
-163243.735   307.855   -59.83   31.17
-162867.447   289.071   -49.92   19.02
-162491.156   277.006   -32.06   13.80
-162114.861   268.782   -21.86    9.68
-161738.563   263.910   -12.95    4.74
-161362.261   263.700    -0.56    5.16
-160985.956   264.653     2.53    6.45
-160609.648   265.506     2.27    6.35
-160233.336   265.659     0.41    6.37
-159857.020   264.320    -3.56    5.46
-159480.702   263.747    -1.52    3.87
-159104.380   262.949    -2.12    3.58
-158728.054   262.133    -2.17    3.08
-158351.725   261.523    -1.62    2.70
-157975.393   260.558    -2.56    0.54
-157599.057   260.548    -0.03    0.52
-157222.718   260.679     0.35    0.72
-156846.375   260.639    -0.11    0.63
-156470.029   260.639     0.00    0.63
-156093.679   260.936     0.79    1.88
-155717.326   261.756     2.18    3.88
-155340.970   263.371     4.29    6.71
-154964.610   263.828     1.21    7.94
-154588.247   266.782     7.85   10.05
-154211.880   267.855     2.85    9.23
-153835.510   266.990    -2.30    8.55
-153459.136   266.398    -1.57    8.53
-153082.759   264.504    -5.03    7.84
-152706.379   262.186    -6.16    3.43
-152329.995   262.738     1.47    3.88
-151953.607   263.023     0.76    3.33
-151577.217   263.693     1.78    3.19
-151200.822   263.691    -0.01    3.62
-150824.424   263.782     0.24    3.61
-150448.023   264.339     1.48    4.42
-150071.619   264.071    -0.71    5.01
-149695.210   263.368    -1.87    4.93
-149318.799   262.602    -2.04    4.06
-148942.384   260.935    -4.43    1.55
-148565.965   261.534     1.59    3.90
-148189.543   263.730     5.84    8.60
-147813.118   266.949     8.55   12.77
-147436.689   270.423     9.23   13.86
-147060.256   276.782    16.89   15.90
-146683.820   281.870    13.52   14.14
-146307.381   283.166     3.44   11.60
-145930.938   279.659    -9.32   13.08
-145554.492   274.698   -13.18   11.39
-145178.042   270.423   -11.36    8.80
-144801.589   270.898     1.26    8.42
-144425.132   273.371     6.57    7.70
-144049.013   274.478     2.94    6.89
-143673.246   276.314     4.89    5.98
-143297.475   278.828     6.69    5.91
-142921.701   279.206     1.01    6.49
-142545.923   279.679     1.26    7.18
-142170.142   280.051     0.99    7.64
-141794.358   284.653    12.25    9.46
-141418.569   292.396    20.60   15.21
-141042.778   301.700    24.76   20.94
-140666.983   318.294    44.16   26.23
-140291.184   335.896    46.84   27.09
-139915.382   357.269    56.87   29.99
-139539.576   378.474    56.42   38.20
-139163.767   403.748    67.25   40.13
-138787.954   419.107    40.87   31.06
-138412.138   411.374   -20.58   36.66
-138036.319   386.448   -66.32   47.66
-137660.496   351.061   -94.15   36.57
-137284.669   330.639   -54.34   31.19
-136908.839   311.233   -51.63   21.20
-136533.005   301.909   -24.81   15.97
-136157.168   292.858   -24.08   10.28
-135781.327   287.423   -14.46    8.25
-135405.483   282.525   -13.03    7.81
-135029.635   280.659    -4.96    7.80
-134653.784   278.200    -6.54    7.09
-134277.929   276.935    -3.37    6.57
-133902.071   276.961     0.07    7.61
-133526.209   277.602     1.71    8.23
-133150.344   277.554    -0.13   10.18
-132774.475   276.598    -2.54   11.06
-132398.602   275.686    -2.43   12.29
-132022.726   272.008    -9.78   13.06
-131646.847   270.987    -2.72   13.37
-131270.964   269.284    -4.53   11.94
-130895.077   271.666     6.34   11.69
-130519.187   274.639     7.91   12.20
-130143.294   274.639     0.00   13.16
-129767.397   276.602     5.22   14.03
-129391.496   278.693     5.56   13.78
-129015.592   285.807    18.93   17.33
-128639.684   291.344    14.73   20.17
-128263.772   289.700    -4.37   18.92
-127887.857   282.653   -18.75   19.07
-127511.939   272.884   -25.99    7.87
-127136.017   267.499   -14.32    6.31
-126760.091   264.238    -8.67    5.16
-126384.162   262.973    -3.37    4.99
-126008.229   261.765    -3.21    2.51
-125632.293   262.473     1.88    2.95
-125256.353   263.858     3.69    3.37
-124880.410   264.506     1.72    3.85
-124504.463   264.585     0.21    3.65
-124128.512   265.585     2.66    4.79
-123752.558   267.287     4.53    6.29
-123376.601   268.064     2.06    5.56
-123000.639   267.784    -0.74    5.17
-122624.675   268.935     3.06    4.49
-122248.706   270.475     4.10    4.01
-121872.734   273.589     8.28    4.78
-121496.759   276.474     7.67    5.07
-121120.779   279.140     7.09    5.05
-120744.797   281.884     7.30    3.99
-120368.810   283.238     3.60    4.20
-119992.820   281.973    -3.37    5.20
-119616.827   279.607    -6.29    5.60
-119240.830   277.573    -5.41    5.78
-118864.829   274.499    -8.17    4.97
-118488.825   273.673    -2.20    5.26
-118112.817   273.017    -1.74    5.78
-117736.805   272.206    -2.16    6.33
-117360.790   270.368    -4.89    6.22
-116984.771   268.140    -5.93    5.75
-116608.749   267.034    -2.94    4.81
-116232.723   268.089     2.81    5.14
-115856.694   272.449    11.59   10.71
-115480.660   279.720    19.34   19.95
-115104.624   285.602    15.64   22.10
-114728.583   287.653     5.45   20.91
-114352.539   285.525    -5.66   16.03
-113976.492   284.896    -1.67    8.24
-113600.440   285.320     1.13    5.53
-113224.386   286.344     2.72    6.00
-112848.327   287.730     3.69    5.81
-112472.265   288.973     3.30    5.15
-112096.199   288.811    -0.43    4.70
-111720.130   288.071    -1.97    4.45
-111344.057   288.990     2.44    6.01
-110967.980   291.206     5.89    5.20
-110591.900   291.730     1.39    4.93
-110215.816   291.895     0.44    4.85
-109839.729   290.807    -2.89    4.07
-109463.637   290.159    -1.72    3.73
-109087.542   290.936     2.07    3.93
-108711.444   293.346     6.41    4.04
-108335.342   295.554     5.87    4.36
-107959.236   297.064     4.01    4.69
-107583.127   298.217     3.07    4.58
-107207.014   299.525     3.48    4.80
-106830.897   300.896     3.65    4.91
-106454.777   303.935     8.08    5.95
-106078.653   308.148    11.20    6.46
-105702.525   311.395     8.63    6.55
-105326.394   315.396    10.64    5.17
-104950.258   319.450    10.78    5.09
-104574.120   322.341     7.69    4.79
-104197.977   322.910     1.51    4.42
-103821.831   323.623     1.90    4.91
-103445.682   326.523     7.71    7.21
-103069.528   331.186    12.40   10.40
-102693.371   337.531    16.87    9.65
-102317.211   338.448     2.44    8.90
-101941.046   336.923    -4.06   10.18
-101564.878   331.192   -15.23    8.51
-101188.707   327.756    -9.13    4.93
-100812.531   329.192     3.82    5.10
-100436.352   332.001     7.47    5.78
-100060.169   335.294     8.75    5.93
 -99683.983   336.723     3.80    5.44
 -99307.793   338.089     3.63    5.56
 -98931.599   337.666    -1.13    8.36
 -98555.401   333.990    -9.77    8.29
 -98179.200   330.585    -9.05    8.00
 -97802.995   326.730   -10.25    4.89
 -97426.786   325.080    -4.39    5.12
 -97050.574   323.798    -3.41    5.08
 -96674.358   322.738    -2.82    4.97
 -96298.138   320.990    -4.65    4.57
 -95921.915   320.243    -1.99    3.83
 -95545.688   319.370    -2.32    3.76
 -95169.457   319.192    -0.47    3.92
 -94793.222   320.633     3.83    5.14
 -94416.984   323.064     6.46    8.98
 -94040.742   325.477     6.41   10.69
 -93664.496   327.551     5.51   10.09
 -93288.247   328.348     2.12    8.10
 -92911.994   329.534     3.15    5.12
 -92535.737   331.855     6.17    5.29
 -92159.476   332.963     2.94    5.04
 -91783.212   333.314     0.93    4.44
 -91406.944   334.801     3.95    5.04
 -91030.672   337.337     6.74    6.55
 -90654.397   340.848     9.33    6.71
 -90278.117   341.730     2.35    6.91
 -89901.835   338.423    -8.79   11.37
 -89525.548   332.346   -16.15   14.80
 -89149.257   323.936   -22.35   14.77
 -88772.963   317.730   -16.49   11.32
 -88396.665   314.265    -9.21    8.44
 -88020.364   312.397    -4.96    8.58
 -87644.058   313.206     2.15    8.45
 -87267.749   315.089     5.00   10.80
 -86891.436   314.023    -2.83   10.82
 -86515.119   314.612     1.57   10.46
 -86138.799   313.747    -2.30    8.54
 -85762.475   311.291    -6.53    5.89
 -85386.147   309.558    -4.61    6.60
 -85009.815   307.341    -5.89    7.39
 -84633.480   304.623    -7.22    5.41
 -84257.141   303.148    -3.92    5.06
 -83880.798   300.782    -6.29    5.50
 -83504.451   298.990    -4.76    6.47
 -83128.100   297.423    -4.17    6.87
 -82751.746   293.423   -10.63    6.74
 -82375.388   290.038    -8.99    7.29
 -81999.026   286.186   -10.24    7.08
 -81622.661   284.243    -5.16    6.70
 -81246.291   282.206    -5.41    6.16
 -80869.918   281.243    -2.56    5.49
 -80493.541   284.057     7.48    7.45
 -80117.161   288.534    11.89    9.88
 -79740.776   301.269    33.83   21.29
 -79364.388   337.080    95.14   61.44
 -78987.996   381.450   117.88   77.36
 -78611.600   404.666    61.68   67.35
 -78235.200   396.708   -21.14   82.34
 -77858.797   333.423  -168.13   84.26
 -77482.390   285.243  -128.00   45.02
 -77105.979   263.061   -58.93   18.40
 -76729.564   257.705   -14.23   12.62
 -76353.145   253.811   -10.34   12.53
 -75976.723   253.320    -1.31   11.79
 -75600.297   251.628    -4.50   12.30
 -75223.867   243.817   -20.75   15.97
 -74847.433   235.817   -21.25   16.31
 -74470.995   227.833   -21.21   15.44
 -74094.554   229.048     3.23   16.13
 -73718.109   234.287    13.92   16.01
 -73341.659   240.673    16.96   13.82
 -72965.207   245.501    12.83   11.28
 -72588.750   244.504    -2.65   12.87
 -72212.289   243.287    -3.23   13.17
 -71835.825   244.561     3.38   14.35
 -71459.357   246.935     6.31   13.36
 -71082.885   251.115    11.10   11.11
 -70706.409   250.923    -0.51    9.57
 -70329.929   253.320     6.37    7.96
 -69953.446   256.423     8.24    9.61
 -69576.959   262.580    16.36   15.96
 -69200.467   269.448    18.24   16.58
 -68824.568   272.639     8.49   13.71
 -68448.835   274.765     5.66   10.55
 -68073.099   275.765     2.66    4.90
 -67697.358   277.473     4.55    4.96
 -67321.614   279.233     4.69    3.98
 -66945.866   279.623     1.04    3.72
 -66570.114   279.525    -0.26    3.34
 -66194.359   278.017    -4.01    3.50
 -65818.599   277.098    -2.45    4.27
 -65442.836   275.923    -3.13    4.55
 -65067.069   273.140    -7.40    5.08
 -64691.298   269.115   -10.71    5.83
 -64315.523   266.450    -7.09    5.67
 -63939.745   264.320    -5.67    5.75
 -63563.962   264.700     1.01    5.56
 -63188.176   267.501     7.45    5.81
 -62812.386   270.576     8.18    6.45
 -62436.592   270.909     0.89    7.51
 -62060.794   268.633    -6.06    9.31
 -61684.992   266.807    -4.86   10.04
 -61309.187   262.848   -10.54   10.06
 -60933.377   259.612    -8.61    8.97
 -60557.564   260.148     1.43   10.03
 -60181.747   261.712     4.16   12.06
 -59805.926   262.963     3.33   11.25
 -59430.101   262.396    -1.51   13.79
 -59054.272   260.534    -4.95   12.74
 -58678.440   255.602   -13.12   13.73
 -58302.603   251.807   -10.10   11.68
 -57926.763   250.506    -3.46   10.39
 -57550.918   247.653    -7.59   12.16
 -57175.070   248.117     1.23   12.56
 -56799.218   242.679   -14.47   15.89
 -56423.363   233.217   -25.17   18.26
 -56047.503   221.936   -30.01   16.72
 -55671.639   210.949   -29.23   11.33
 -55295.772   206.320   -12.32    7.88
 -54919.900   204.148    -5.78    5.37
 -54544.025   202.558    -4.23    5.28
 -54168.146   202.223    -0.89    5.83
 -53792.263   206.265    10.75   13.59
 -53416.376   209.990     9.91   19.42
 -53040.485   212.341     6.26   21.24
 -52664.590   212.908     1.51   21.82
 -52288.692   208.012   -13.02   15.95
 -51912.789   206.910    -2.93   14.09
 -51536.883   209.256     6.24   14.82
 -51160.972   207.730    -4.06   16.74
 -50785.058   203.200   -12.05   16.51
 -50409.140   198.576   -12.30   14.10
 -50033.218   191.782   -18.07   11.92
 -49657.292   187.017   -12.67    9.31
 -49281.362   182.730   -11.40    6.19
 -48905.428   179.653    -8.18    6.22
 -48529.490   177.496    -5.74    5.68
 -48153.549   177.531     0.09    6.52
 -47777.603   178.798     3.37    6.80
 -47401.653   181.317     6.70    5.46
 -47025.700   182.287     2.58    5.46
 -46649.743   183.314     2.73    5.18
 -46273.781   185.628     6.15    5.03
 -45897.816   187.089     3.89    4.96
 -45521.847   190.448     8.93    5.77
 -45145.874   192.395     5.18    6.20
 -44769.897   196.038     9.69    7.75
 -44393.916   201.367    14.17    8.28
 -44017.931   204.686     8.83    8.12
 -43641.942   206.448     4.69    7.17
 -43265.950   204.233    -5.89    9.85
 -42889.953   196.705   -20.02   12.45
 -42513.952   187.602   -24.21   11.66
 -42137.948   178.173   -25.08   10.99
 -41761.939   174.666    -9.33    9.98
 -41385.926   173.048    -4.30   10.91
 -41009.910   173.975     2.47   11.26
 -40633.890   175.774     4.78   10.17
 -40257.865   177.855     5.53    6.28
 -39881.837   175.687    -5.76    6.08
 -39505.805   173.858    -4.86    6.19
 -39129.768   173.166    -1.84    5.89
 -38753.728   173.811     1.72    5.77
 -38377.684   173.397    -1.10    6.90
 -38001.636   172.673    -1.93    6.96
 -37625.584   171.712    -2.55    7.54
 -37249.527   170.243    -3.91    7.60
 -36873.467   168.098    -5.70    7.97
 -36497.403   164.756    -8.89    5.60
 -36121.335   164.140    -1.64    6.00
 -35745.263   163.173    -2.57    6.82
 -35369.187   164.639     3.90    7.95
 -34993.107   164.473    -0.44    8.18
 -34617.023   165.639     3.10    7.82
 -34240.935   167.828     5.82    7.78
 -33864.844   167.071    -2.01    7.57
 -33488.748   164.851    -5.90    7.97
 -33112.648   163.935    -2.43    7.74
 -32736.544   159.910   -10.70    6.68
 -32360.436   157.071    -7.55    6.23
 -31984.324   154.475    -6.90    6.90
 -31608.208   151.728    -7.30    6.25
 -31232.088   150.396    -3.54    6.38
 -30855.964   148.012    -6.34    7.03
 -30479.836   145.287    -7.24    7.17
 -30103.705   141.576    -9.87    5.50
 -29727.569   139.870    -4.54    5.17
 -29351.429   139.269    -1.60    5.02
 -28975.285   139.206    -0.17    5.90
 -28599.137   138.298    -2.42    4.79
 -28222.985   137.828    -1.25    4.05
 -27846.829   138.368     1.44    5.00
 -27470.669   137.287    -2.87    4.77
 -27094.505   135.080    -5.87    5.90
 -26718.337   133.884    -3.18    5.59
 -26342.165   131.346    -6.75    4.02
 -25965.989   130.071    -3.39    3.92
 -25589.808   129.344    -1.93    3.92
 -25213.624   128.145    -3.19    4.36
 -24837.436   126.633    -4.02    6.08
 -24461.244   126.373    -0.69    7.65
 -24085.048   123.963    -6.40    8.90
 -23708.847   122.705    -3.35    9.86
 -23332.643   121.133    -4.18    9.23
 -22956.435   119.371    -4.68    7.43
 -22580.222   119.044    -0.87    7.78
 -22204.006   118.348    -1.85    8.59
 -21827.785   115.774    -6.84    8.26
 -21451.561   112.990    -7.40    8.21
 -21075.332   109.747    -8.62    6.42
 -20699.099   108.006    -4.63    6.37
 -20322.863   106.935    -2.85    7.34
 -19946.622   104.705    -5.93   12.67
 -19570.377    98.700   -15.96   16.85
 -19194.128    88.612   -26.81   18.46
 -18817.875    79.828   -23.35   13.51
 -18441.618    75.028   -12.76    6.86
 -18065.357    74.998    -0.08    7.50
 -17689.092    73.963    -2.75    8.66
 -17312.823    71.525    -6.48    8.23
 -16936.549    69.423    -5.59    7.68
 -16560.272    65.317   -10.91    6.48
 -16183.990    62.341    -7.91    6.82
 -15807.705    61.148    -3.17    7.31
 -15431.415    61.791     1.71    8.37
 -15055.122    65.423     9.65    9.09
 -14678.824    67.449     5.38    8.15
 -14302.522    67.450     0.00    6.56
 -13926.216    67.217    -0.62    6.50
 -13549.906    69.192     5.25    7.02
 -13173.592    73.504    11.46    9.96
 -12797.274    79.423    15.73    9.36
 -12420.952    80.017     1.58    8.71
 -12044.625    74.679   -14.18   11.73
 -11668.295    64.698   -26.52   12.78
 -11291.960    56.531   -21.70   11.08
 -10915.622    48.748   -20.68    8.72
 -10539.279    44.896   -10.23    6.98
 -10162.932    42.659    -5.94    7.13
  -9786.581    41.125    -4.08    8.01
  -9410.226    39.397    -4.59    9.24
  -9033.867    36.686    -7.20    8.81
  -8657.503    33.645    -8.08    8.38
  -8281.136    31.423    -5.90    6.72
  -7904.764    28.895    -6.72    6.17
  -7528.389    28.833    -0.16    7.37
  -7152.009    29.935     2.93    8.21
  -6775.625    29.756    -0.48    8.35
  -6399.237    26.477    -8.71    8.19
  -6022.845    24.423    -5.46    7.40
  -5646.449    21.186    -8.60    5.60
  -5270.048    20.198    -2.63    4.36
  -4893.644    19.314    -2.35    5.17
  -4517.235    19.198    -0.31    5.49
  -4140.822    18.730    -1.24    6.04
  -3764.405    16.238    -6.62    5.13
  -3387.984    14.712    -4.05    4.58
  -3011.559    12.602    -5.61    3.92
  -2635.130    10.782    -4.84    3.19
  -2258.696     9.200    -4.20    3.83
  -1882.259     8.064    -3.02    5.51
  -1505.817     5.612    -6.51    7.25
  -1129.371     2.998    -6.94    6.98
   -752.921     0.346    -7.04    5.10
   -376.467    -1.635    -5.26    0.34
     -0.008    -1.577     0.15    0.00
    376.454     0.260     4.88    4.76
    752.921     3.396     8.33    6.76
   1129.392     5.910     6.68    6.49
   1505.867     7.423     4.02    5.07
   1882.346     6.740    -1.81    4.90
   2258.829     4.423    -6.15    4.30
   2635.317     4.314    -0.29    4.16
   3011.808     7.679     8.94    6.54
   3388.304    12.975    14.07    7.37
   3764.804    21.089    21.55   10.62
   4141.308    31.001    26.33   13.11
   4517.817    41.602    28.15   14.06
   4894.329    51.855    27.23    9.77
   5270.846    57.858    15.94    5.80
   5647.367    60.698     7.54    3.27
   6023.843    61.367     1.78    2.38
   6399.537    62.125     2.02    2.49
   6775.235    63.071     2.52    3.16
   7150.937    64.396     3.52    3.30
   7526.644    65.212     2.17    2.62
   7902.354    65.784     1.52    2.37
   8278.069    66.323     1.43    2.31
   8653.788    66.730     1.09    2.76
   9029.511    68.125     3.71    3.00
   9405.238    69.525     3.73    2.84
   9780.969    71.212     4.49    3.31
  10156.705    73.607     6.37    3.48
  10532.445    75.801     5.84    3.77
  10908.189    76.371     1.52    3.62
  11283.937    74.287    -5.55    6.09
  11659.689    71.038    -8.65    8.86
  12035.446    64.573   -17.21   10.18
  12411.207    58.145   -17.11    7.93
  12786.972    52.341   -15.44    7.06
  13162.741    48.098   -11.29    6.52
  13538.514    46.828    -3.38    7.85
  13914.291    46.140    -1.83    9.05
  14290.073    45.784    -0.95    9.75
  14665.859    45.448    -0.89    9.85
  15041.649    43.551    -5.05    7.80
  15417.444    44.396     2.25    7.41
  15793.242    46.089     4.51    9.23
  16169.045    47.807     4.57    9.62
  16544.852    51.140     8.87   11.20
  16920.663    55.080    10.48   13.14
  17296.479    56.038     2.55   12.46
  17672.298    56.186     0.39   12.53
  18048.122    53.723    -6.55   10.85
  18423.950    52.373    -3.59    8.55
  18799.783    51.673    -1.86    8.40
  19175.619    55.504    10.19   10.08
  19551.460    59.828    11.51    9.99
  19927.305    59.963     0.36   10.07
  20303.154    61.192     3.27    9.48
  20679.008    61.287     0.25    9.50
  21054.865    59.551    -4.62    9.76
  21430.727    58.923    -1.67    9.86
  21806.593    57.801    -2.98    8.22
  22182.464    59.730     5.13    8.61
  22558.339    61.166     3.82    9.90
  22934.217    64.294     8.32   10.25
  23310.101    67.686     9.02   10.56
  23685.988    70.848     8.41    9.93
  24061.880    74.001     8.39    8.38
  24437.776    74.948     2.52    9.21
  24813.676    76.525     4.20   10.74
  25189.580    78.228     4.53   11.70
  25565.489    77.666    -1.50   10.69
  25941.402    78.098     1.15    9.35
  26317.319    78.738     1.70    7.58
  26693.241    75.884    -7.59    7.80
  27069.166    74.639    -3.31    7.30
  27445.096    75.243     1.61    7.87
  27821.031    79.712    11.89   10.79
  28196.969    89.200    25.24   12.04
  28572.912    97.705    22.62   10.57
  28948.859   102.525    12.82    7.87
  29324.810   105.679     8.39    6.01
  29700.766   107.396     4.57    7.80
  30076.726   109.098     4.53    8.67
  30452.690   112.179     8.20    6.65
  30828.659   115.081     7.72    5.15
  31204.632   117.320     5.96    3.94
  31580.609   119.673     6.26    2.56
  31956.590   120.260     1.56    2.37
  32332.576   119.855    -1.08    2.06
  32708.566   120.038     0.49    1.90
  33084.560   121.012     2.59    3.05
  33460.558   123.061     5.45    4.32
  33836.561   126.038     7.92    3.86
  34212.568   128.054     5.36    2.40
  34588.580   128.828     2.06    2.17
  34964.596   129.192     0.97    2.15
  35340.616   129.243     0.14    2.05
  35716.640   128.935    -0.82    2.53
  36092.669   127.923    -2.69    3.69
  36468.702   126.298    -4.32    3.31
  36844.739   124.396    -5.06    2.99
  37220.781   123.910    -1.29    2.05
  37596.827   123.705    -0.55    1.79
  37972.877   123.923     0.58    1.90
  38348.931   124.260     0.90    2.19
  38724.990   125.152     2.37    2.48
  39101.054   126.576     3.79    2.41
  39477.121   127.089     1.36    3.12
  39853.193   124.737    -6.26    6.36
  40229.269   117.576   -19.04   11.22
  40605.350   108.870   -23.15   11.44
  40981.435   104.855   -10.68    7.70
  41357.524   105.023     0.45    7.77
  41733.617   109.666    12.35    9.43
  42109.715   117.320    20.35   10.27
  42485.818   124.317    18.61    8.26
  42861.924   130.673    16.90    6.47
  43238.035   136.396    15.22    5.29
  43614.150   140.374    10.58    5.44
  43990.270   143.525     8.38    4.11
  44366.394   146.478     7.85    1.94
  44742.522   147.044     1.51    1.72
  45118.655   146.639    -1.08    1.77
  45494.792   146.525    -0.30    1.79
  45870.933   146.423    -0.27    1.84
  46247.079   146.395    -0.07    1.78
  46623.229   146.975     1.54    1.83
  46999.384   147.693     1.91    1.82
  47375.543   148.287     1.58    1.93
  47751.706   149.073     2.09    1.67
  48127.873   149.909     2.22    1.35
  48504.045   149.628    -0.75    1.28
  48880.222   149.765     0.36    1.36
  49256.402   149.987     0.59    1.43
  49632.587   149.990     0.01    1.69
  50008.777   149.496    -1.31    1.82
  50384.971   149.080    -1.10    1.89
  50761.169   148.478    -1.60    1.55
  51137.372   148.475    -0.01    2.10
  51513.579   148.882     1.08    2.24
  51889.790   149.397     1.37    2.43
  52266.006   150.217     2.18    2.72
  52642.226   150.570     0.94    2.61
  53018.450   150.179    -1.04    2.72
  53394.679   149.666    -1.36    2.15
  53770.913   149.720     0.14    1.84
  54147.151   151.073     3.60    2.53
  54523.393   152.720     4.38    2.79
  54899.639   154.573     4.92    2.85
  55275.890   155.730     3.08    2.17
  55652.146   156.038     0.82    1.65
  56028.405   155.963    -0.20    1.82
  56404.670   155.756    -0.55    1.71
  56780.938   155.923     0.44    1.87
  57157.211   155.978     0.15    1.75
  57533.489   156.782     2.14    2.74
  57909.770   158.478     4.51    3.86
  58286.057   159.756     3.40    4.41
  58662.347   160.576     2.18    3.98
  59038.642   161.451     2.32    3.28
  59414.942   160.477    -2.59    3.20
  59791.246   158.317    -5.74    2.26
  60167.554   156.291    -5.38    3.40
  60543.867   152.898    -9.02    4.30
  60920.184   149.612    -8.73    4.99
  61296.506   143.447   -16.38    7.25
  61672.832   136.269   -19.07   10.44
  62049.163   126.961   -24.73   14.23
  62425.498   117.817   -24.30   11.69
  62801.837   113.576   -11.27    7.59
  63178.181   115.448     4.97    9.50
  63554.529   122.367    18.38   10.35
  63930.882   129.756    19.63   11.50
  64307.239   139.017    24.61    7.62
  64683.601   144.371    14.23    6.51
  65059.967   148.987    12.26    4.88
  65436.338   152.994    10.65    3.64
  65812.713   155.314     6.17    2.80
  66189.092   156.125     2.15    3.09
  66565.476   155.870    -0.68    4.12
  66941.865   153.140    -7.25    6.02
  67318.258   149.950    -8.48    6.17
  67694.655   146.349    -9.57    7.06
  68071.057   141.833   -12.00    7.08
  68447.463   136.233   -14.88    9.53
  68823.874   129.012   -19.18   11.26
  69200.289   123.449   -14.78    9.47
  69576.709   120.064    -8.99    7.35
  69953.133   117.844    -5.90    4.62
  70329.562   115.499    -6.23    4.14
  70705.995   114.341    -3.08    4.44
  71082.433   113.064    -3.39    3.85
  71458.875   113.798     1.95    5.11
  71835.321   117.534     9.92    8.97
  72211.772   125.071    20.02   12.10
  72588.228   134.314    24.55   11.98
  72964.688   141.666    19.53    8.79
  73341.153   147.990    16.80    6.36
  73717.622   151.337     8.89    5.51
  74094.095   153.198     4.94    4.71
  74470.573   155.791     6.89    4.23
  74847.056   157.963     5.77    3.79
  75223.543   160.115     5.72    4.14
  75600.035   161.633     4.03    4.00
  75976.531   162.833     3.19    3.96
  76353.031   163.844     2.68    4.20
  76729.536   164.807     2.56    3.37
  77106.046   165.368     1.49    2.89
  77482.560   165.807     1.17    2.01
  77859.079   166.548     1.97    1.80
  78235.602   166.839     0.77    1.79
  78612.130   167.368     1.41    1.54
  78988.662   167.828     1.22    1.57
  79365.199   168.693     2.30    1.84
  79741.740   169.071     1.00    1.80
  80118.286   169.337     0.71    1.62
  80494.836   169.248    -0.24    1.68
  80871.391   168.705    -1.44    1.96
  81247.650   167.314    -3.69    2.79
  81623.314   165.499    -4.83    3.12
  81998.983   163.765    -4.62    3.09
  82374.656   161.679    -5.55    3.49
  82750.334   159.370    -6.15    3.59
  83126.016   157.192    -5.80    3.41
  83501.703   155.475    -4.57    3.69
  83877.395   154.910    -1.51    4.70
  84253.091   154.698    -0.56    4.51
  84628.791   154.784     0.23    4.45
  85004.496   153.396    -3.69    3.63
  85380.206   151.370    -5.39    3.21
  85755.920   149.287    -5.54    3.38
  86131.639   145.730    -9.47    5.80
  86507.362   142.308    -9.11    5.08
  86883.090   141.873    -1.16    4.62
  87258.822   143.961     5.56    5.82
  87634.559   147.585     9.64    5.50
  88010.300   151.705    10.96    4.01
  88386.046   153.585     5.00    3.16
  88761.796   154.602     2.71    3.06
  89137.551   155.166     1.50    3.01
  89513.311   154.398    -2.05    2.89
  89889.075   152.686    -4.56    3.50
  90264.844   148.858   -10.19    5.46
  90640.617   144.679   -11.12    6.45
  91016.394   140.395   -11.40    5.38
  91392.177   137.260    -8.34    5.06
  91767.964   136.186    -2.86    4.64
  92143.755   137.028     2.24    4.72
  92519.551   136.499    -1.41    3.59
  92895.352   137.141     1.71    3.06
  93271.157   138.370     3.27    3.30
  93646.967   140.107     4.62    3.65
  94022.781   141.747     4.36    3.94
  94398.600   144.346     6.92    3.44
  94774.423   146.423     5.53    2.38
  95150.251   148.499     5.53    2.58
  95526.084   151.064     6.82    3.76
  95901.921   153.576     6.69    4.45
  96277.763   156.909     8.87    4.24
  96653.609   160.499     9.55    4.23
  97029.460   163.738     8.62    4.82
  97405.316   167.339     9.58    3.95
  97781.176   169.554     5.89    4.14
  98157.041   170.098     1.45    4.84
  98532.910   169.475    -1.66    5.05
  98908.784   170.961     3.95    5.59
  99284.662   173.954     7.96    6.18
  99660.546   176.607     7.06    6.23
 100036.433   179.179     6.84    5.31
 100412.326   180.314     3.02    6.63
 100788.223   181.602     3.43    8.12
 101164.124   181.212    -1.04    8.64
 101540.030   178.998    -5.89    9.98
 101915.941   174.576   -11.76    9.49
 102291.857   169.294   -14.05    8.03
 102667.777   165.963    -8.86    5.71
 103043.701   164.523    -3.83    5.10
 103419.630   162.186    -6.22    4.78
 103795.564   159.339    -7.57    4.19
 104171.503   156.628    -7.21    4.16
 104547.446   152.585   -10.75    7.02
 104923.394   147.961   -12.30    9.42
 105299.346   141.679   -16.71    9.28
 105675.303   138.708    -7.90    6.10
 106051.265   141.044     6.21    7.86
 106427.231   142.423     3.67    8.58
 106803.202   144.449     5.39    7.49
 107179.178   145.473     2.72    6.40
 107555.158   146.693     3.25    5.69
 107931.143   149.349     7.07    5.69
 108307.132   152.833     9.27    5.59
 108683.126   156.294     9.21    6.83
 109059.125   159.133     7.55    5.86
 109435.128   159.987     2.27    5.82
 109811.137   158.448    -4.09    7.33
 110187.149   157.589    -2.28    8.44
 110563.167   154.858    -7.26    8.44
 110939.189   152.477    -6.33    9.01
 111315.216   151.073    -3.73    7.89
 111691.247   148.987    -5.55    5.67
 112067.283   149.784     2.12    5.25
 112443.324   149.747    -0.10    5.36
 112819.369   147.975    -4.71    6.19
 113195.419   145.975    -5.32    6.49
 113571.474   143.423    -6.79    5.43
 113947.533   141.720    -4.53    2.61
 114323.597   142.598     2.33    3.37
 114699.666   144.371     4.72    4.28
 115075.739   146.028     4.41    5.61
 115451.818   148.001     5.25    6.12
 115827.900   150.371     6.30    6.09
 116203.988   153.730     8.93    6.23
 116580.080   159.107    14.30    8.17
 116956.177   167.551    22.45   12.55
 117332.278   175.098    20.07   11.44
 117708.385   177.898     7.44    9.41
 118084.496   177.923     0.07    9.55
 118460.611   177.089    -2.22   10.47
 118836.731   175.531    -4.14   10.42
 119212.856   177.179     4.38   10.33
 119588.986   179.217     5.42   10.84
 119965.121   182.073     7.59   10.67
 120341.260   185.477     9.05   11.74
 120717.404   187.873     6.37   13.56
 121093.552   184.576    -8.76   14.19
 121469.705   183.396    -3.14   13.79
 121845.863   180.238    -8.39   10.95
 122222.026   178.012    -5.92    8.67
 122598.193   179.269     3.34    8.93
 122974.366   179.238    -0.08    7.65
 123350.542   181.998     7.34    8.98
 123726.724   184.686     7.15    9.44
 124102.910   188.698    10.66    9.42
 124479.101   193.398    12.49    8.98
 124855.297   197.617    11.22    8.85
 125231.497   201.882    11.34    6.90
 125607.703   204.693     7.47    4.85
 125983.913   206.012     3.51    2.59
 126360.127   205.884    -0.34    3.02
 126736.347   205.314    -1.51    4.03
 127112.571   206.166     2.26    4.39
 127488.800   206.554     1.03    4.39
 127865.033   207.475     2.45    4.24
 128241.272   203.192   -11.39   10.07
 128617.515   194.243   -23.79   16.50
 128993.763   181.679   -33.39   16.85
 129370.015   173.238   -22.43    9.03
 129746.273   173.373     0.36    8.24
 130122.535   180.044    17.73   11.03
 130498.802   188.179    21.62   11.75
 130875.073   196.371    21.77   10.88
 131251.350   202.506    16.30    6.52
 131627.631   202.098    -1.08    6.81
 132003.917   197.558   -12.07   10.73
 132380.207   190.782   -18.01   11.06
 132756.503   181.115   -25.69   10.95
 133132.803   172.839   -21.99   11.36
 133509.108   165.653   -19.10   10.74
 133885.418   162.633    -8.03    8.49
 134261.732   165.368     7.27    9.60
 134638.052   170.756    14.32   10.72
 135014.376   177.633    18.28   10.18
 135390.705   183.935    16.75    9.78
 135767.038   188.686    12.62    9.65
 136143.377   193.576    13.00    9.68
 136519.720   194.936     3.61   11.79
 136896.068   189.203   -15.23   17.48
 137272.421   177.499   -31.10   22.71
 137648.778   160.173   -46.04   18.03
 138025.141   149.080   -29.47    9.41
 138401.508   143.206   -15.61    5.44
 138777.880   141.107    -5.58    3.15
 139154.257   139.910    -3.18    2.86
 139530.638   141.513     4.26    4.06
 139907.025   145.396    10.32    7.42
 140283.416   150.206    12.78    7.96
 140659.812   156.260    16.09    7.08
 141036.213   161.248    13.25    6.86
 141412.618   166.212    13.19    7.12
 141789.029   172.813    17.54    8.74
 142165.444   182.269    25.12   13.14
 142541.864   192.910    28.27   16.22
 142918.289   204.774    31.52   12.45
 143294.719   211.448    17.73    5.69
 143671.153   213.782     6.20    2.01
 144047.593   214.117     0.89    2.11
 144424.037   214.115    -0.01    2.27
 144800.486   214.284     0.45    2.40
 145176.940   214.576     0.78    2.41
 145553.398   214.653     0.20    2.16
 145929.862   215.365     1.89    2.07
 146306.330   215.693     0.87    2.13
 146682.803   215.774     0.22    1.89
 147059.281   216.475     1.86    2.70
 147435.764   216.756     0.75    2.70
 147812.252   216.756     0.00    2.44
 148188.744   217.349     1.58    2.42
 148565.242   217.653     0.81    2.34
 148941.744   217.607    -0.12    2.09
 149318.251   212.320   -14.04   10.26
 149694.763   204.607   -20.49   15.82
 150071.280   192.910   -31.07   18.21
 150447.801   183.738   -24.36   12.79
 150824.328   184.192     1.20   12.19
 151200.859   194.639    27.75   18.30
 151577.395   205.628    29.19   16.82
 151953.937   215.673    26.68    8.29
 152330.483   220.395    12.54    2.27
 152707.033   219.152    -3.30    4.09
 153083.589   213.206   -15.79    9.75
 153460.150   205.693   -19.95   13.41
 153836.715   195.450   -27.20   12.85
 154213.285   189.451   -15.93    8.17
 154589.861   189.023    -1.14    7.39
 154966.441   192.765     9.94   10.82
 155343.026   200.206    19.76   15.03
 155719.615   208.628    22.36   17.21
 156096.210   219.633    29.22   16.94
 156472.217   229.576    26.45   13.59
 156847.845   237.554    21.24    8.33
 157223.478   241.166     9.62    4.38
 157599.116   243.159     5.31    1.69
 157974.759   243.833     1.79    1.79
 158350.407   244.223     1.04    1.57
 158726.059   244.923     1.86    1.44
 159101.717   245.450     1.40    1.66
 159477.379   245.963     1.37    1.66
 159853.047   247.152     3.17    2.18
 160228.719   248.217     2.84    2.03
 160604.396   249.023     2.14    1.91
 160980.078   249.123     0.27    1.60
 161355.764   248.817    -0.81    1.57
 161731.456   248.528    -0.77    1.45
 162107.153   248.628     0.27    1.59
 162482.854   249.265     1.70    1.73
 162858.560   250.525     3.36    2.39
 163234.272   252.269     4.64    3.07
 163609.988   254.173     5.07    3.68
 163985.709   257.107     7.81    3.48
 164361.435   259.923     7.49    3.77
 164737.166   263.423     9.32    4.84
 165112.901   268.034    12.27    5.43
 165488.642   272.314    11.39    6.28
 165864.388   279.001    17.80    6.96
 166240.138   284.817    15.48    6.86
 166615.893   291.140    16.83    6.50
 166991.654   295.394    11.32    4.90
 167367.419   298.499     8.26    2.79
 167743.189   300.080     4.21    1.68
 168118.964   300.396     0.84    1.42
 168494.744   300.273    -0.33    1.69
 168870.529   299.554    -1.91    2.07
 169246.319   299.192    -0.96    1.84
 169622.113   299.238     0.12    1.98
 169997.913   299.474     0.63    2.01
 170373.718   297.125    -6.25   10.04
 170749.527   289.179   -21.15   18.42
 171125.342   273.961   -40.49   26.80
 171501.161   258.811   -40.31   24.98
 171876.985   243.186   -41.58   21.35
 172252.815   231.206   -31.88   17.21
 172628.649   224.756   -17.16   14.38
 173004.488   215.217   -25.38   10.17
 173380.332   210.534   -12.46    9.30
 173756.181   204.423   -16.26    7.99
 174132.035   198.017   -17.04   10.64
 174507.894   192.551   -14.54   11.40
 174883.758   186.373   -16.44   10.36
 175259.627   182.071   -11.44    6.43
 175635.501   180.298    -4.72    2.73
 176011.379   181.791     3.97    4.64
 176387.263   186.192    11.71    8.54
 176763.152   192.855    17.73   12.10
 177139.045   198.223    14.28   13.36
 177514.944   205.554    19.51   13.17
 177890.848   210.256    12.51   13.12
 178266.756   214.896    12.35   12.79
 178642.670   218.612     9.88   12.28
 179018.588   220.294     4.48   12.22
 179394.512   218.397    -5.05   10.47
 179770.440   216.450    -5.18   11.01
 180146.373   218.477     5.39   11.41
 180522.312   222.693    11.22   12.98
 180898.255   225.243     6.78   11.79
 181274.204   226.154     2.42   11.33
 181650.157   224.612    -4.10   10.96
 182026.115   221.373    -8.62    9.32
 182402.079   221.396     0.06    7.93
 182778.047   223.054     4.41    8.25
 183154.020   228.817    15.33   10.30
 183529.999   234.048    13.91   10.66
 183905.982   235.765     4.57   11.32
 184281.970   238.817     8.12    9.28
 184657.964   238.423    -1.05    7.06
 185033.962   234.801    -9.63    8.38
 185409.965   233.346    -3.87    7.60
 185785.974   233.807     1.23    7.49
 186161.987   236.314     6.67    8.16
 186538.005   238.801     6.61    7.57
 186914.029   239.774     2.59    7.65
 187290.057   236.473    -8.78    9.72
 187666.091   232.373   -10.90    8.45
 188042.129   231.423    -2.53    7.75
 188418.173   233.573     5.72    9.37
 188794.221   236.633     8.14    9.82
 189170.275   238.705     5.51    8.83
 189546.333   240.192     3.95    7.88
 189922.397   241.028     2.22    6.67
 190298.465   240.028    -2.66    6.27
 190674.539   240.064     0.10    5.65
 191050.618   240.948     2.35    4.74
 191426.701   243.612     7.08    5.58
 191802.790   247.748    11.00    8.01
 192178.884   251.833    10.86    8.39
 192554.983   255.206     8.97    8.55
 192931.086   261.963    17.97    9.39
 193307.195   269.839    20.94   10.24
 193683.309   280.935    29.50   15.20
 194059.428   303.048    58.79   33.81
 194435.552   326.368    62.01   39.91
 194811.681   351.858    67.77   33.17
 195187.816   369.117    45.89   19.33
 195563.955   372.576     9.20   16.94
 195940.099   373.884     3.48   16.81
 196316.248   373.317    -1.51   19.00
 196692.403   376.448     8.32   20.60
 197068.562   369.064   -19.63   30.88
 197444.727   350.223   -50.09   42.35
 197820.897   348.396    -4.86   42.17
 198197.071   349.148     2.00   41.33
 198573.251   356.844    20.46   36.04
 198949.436   365.801    23.81   34.52
 199325.626   358.882   -18.39   37.00
 199701.821   344.284   -38.81   31.83
 200078.021   348.217    10.46   28.08
 200454.226   361.140    34.35   34.23
 200830.436   388.882    73.74   50.04
 201206.651   432.923   117.07   66.10
 201582.872   477.756   119.18   71.33
 201959.097   528.317   134.40   67.21
 202335.328   575.848   126.34   83.50
 202711.564   626.747   135.30   92.23
 203087.804   667.089   107.23   95.65
 203464.050   664.186    -7.72   90.45
 203840.301   621.248  -114.13   94.61
 204216.557   570.233  -135.59   66.42
 204592.819   556.523   -36.44   51.51
 204969.085   578.990    59.72   71.84
 205345.356   632.028   140.97   76.01
 205721.633   663.551    83.78   68.79
 206097.914   659.006   -12.08   65.22
 206474.201   632.269   -71.06   65.52
 206850.493   599.140   -88.04   49.12
 207226.790   593.368   -15.34   34.37
 207603.092   604.071    28.44   39.49
 207979.399   632.034    74.31   50.86
 208355.712   665.078    87.82   68.59
