# NaN NaN NaN ;Mean Elev.(m), Avg Gradient(m/km), RMS Gradient(m/km) - SRTM1     
#   30.432  -2.461   9.288 ;Mean Elev.(m), Avg Gradient(m/km), RMS Gradient(m/km) - ASTER GDEM
#   37.813  -2.505   8.772 ;Mean Elev.(m), Avg Gradient(m/km), RMS Gradient(m/km) - GMTED2010 
  6 292.633963   6.263445    45.466    45.388  5 52441.10124117 35.838
  7 292.638690   6.263484    48.312    48.325  7 52476.10123790 40.810
  8 292.648441   6.271366    47.771    47.791  7 52511.10119151 45.777
  9 292.644374   6.266878    45.085    45.286  7 52546.10121101 36.837
 10 292.642274   6.268405    42.722    42.715  7 52581.10123373 49.067
 11 292.640381   6.265014    42.732    42.722  7 52616.10120294 22.459
 12 292.648028   6.270621    38.927    38.558  7 52651.10118085 27.039
 13 292.646422   6.271041    35.841    35.693  7 52686.10117115 28.760
 14 292.641923   6.267722    36.773    35.976  7 52721.10122061 30.824
 15 292.632362   6.263439    39.386    39.380  4 52756.10124321 48.890
 16 292.642884   6.268927    45.162    45.152  7 52791.10119390 45.900
 17 292.645352   6.268813    46.522    46.501  7 52826.10126291 45.659
 18 292.646933   6.269834    47.907    47.913  7 52861.10130867 48.599
 19 292.641147   6.266978    46.653    46.649  7 52896.10133855 45.449
 20 292.641081   6.265873    44.898    44.923  7 52931.10128628 49.180
 21 292.644897   6.270024    44.089    44.073  7 52966.10128327 48.685
 22 292.637706   6.262011    39.907    39.984  7 53001.10131240 34.684
 23 292.641071   6.265864    37.076    37.073  7 53036.10126262 44.518
 24 292.643114   6.266063    38.324    39.080  7 53071.10128392 31.403
 25 292.640772   6.266682    38.590    37.497  7 53106.10126371 20.052
 26 292.643618   6.266836    42.999    43.037  7 53141.10129161 49.530
 28 292.641423   6.266219    47.825    47.831  6 53211.10134039 48.376
 29 292.644611   6.268181    47.197    47.180  7 53246.10130867 49.403
 30 292.640528   6.266420    45.516    45.482  7 53281.10129362 40.132
 31 292.644045   6.267533    42.717    42.704  7 53316.10130570 51.186
 32 292.647033   6.270298    41.478    41.510  8 53351.10127177 45.580
 33 292.642662   6.265599    40.684    40.353  7 53386.10125557 29.321
 34 292.650273   6.270679    40.092    39.888  8 53421.10125980 19.011
 35 292.645615   6.270103    38.249    37.560  7 53456.10126532 24.665
 36 292.637246   6.259663    42.668    42.659  8 53491.10134892 47.314
 37 292.646403   6.270586    44.619    44.703  7 53526.10133391 48.477
 38 292.638038   6.260854    45.978    45.972  7 53561.10136033 46.243
 39 292.648020   6.271768    46.284    46.253  7 53596.10130061 29.997
 40 292.638500   6.262459    45.742    45.653  8 53631.10129339 46.996
 41 292.639491   6.265453    42.462    42.852  7 53666.10131680 41.921
 42 292.646463   6.268945    43.242    43.209  7 53701.10126828 29.184
 43 292.648327   6.272108    40.284    39.815  8 53736.10117918 29.150
 44 292.648499   6.270298    39.653    39.587  8 53771.10118263 29.755
 45 292.646991   6.271535    37.444    37.231  7 53806.10117443 24.962
 47 292.645024   6.269094    43.195    43.257  7 53876.10124176 18.432
 48 292.638251   6.262457    46.166    46.202  8 53911.10128947 43.538
 49 292.635605   6.262167    48.250    48.221  7 53946.10130796 44.668
 50 292.642170   6.268262    46.816    46.828  7 53981.10125400 49.141
 51 292.644206   6.269406    43.928    43.900  7 54016.10127594 46.898
 52 292.650302   6.271651    42.805    42.778  7 54051.10127564 46.351
 53 292.644304   6.269811    41.632    41.669  6 54086.10126731 40.508
 54 292.644380   6.269055    37.849    37.843  6 54121.10119327 40.138
 55 292.642527   6.268692    35.648    35.678  7 54156.10122675 32.190
 56 292.644122   6.269810    36.069    36.079  7 54191.10119090 26.857
 57 292.642785   6.266627    40.609    40.636  7 54226.10123757 41.417
 58 292.643890   6.267045    44.614    44.577  7 54261.10125796 42.991
 59 292.644272   6.268404    48.563    48.570  8 54296.10126210 46.487
 60 292.645259   6.270085    46.874    46.904  7 54331.10125403 49.336
 61 292.644653   6.266867    45.969    45.975  7 54366.10119694 43.299
 62 292.645070   6.267793    44.435    44.735  7 54401.10119557 35.920
 63 292.644188   6.268044    41.843    41.221  7 54436.10115281 31.275
 64 292.645403   6.269427    40.432    39.790  7 54471.10118016 26.972
 65 292.644691   6.268052    38.061    37.859  7 54506.10116574 35.761
 66 292.645346   6.267720    37.173    36.234  7 54541.10119451 36.710
 67 292.644902   6.267354    37.662    36.813  7 54576.10116740 36.567
 68 292.644342   6.267100    41.422    41.247  7 54611.10118676 38.221
 69 292.643151   6.268411    45.826    45.818  7 54646.10119397 47.674
 70 292.643161   6.269250    47.410    47.328  7 54681.10119534 32.805
 71 292.645490   6.268439    46.194    46.144  7 54716.10114483 32.249
 72 292.643206   6.266880    43.690    43.700  7 54751.10116608 46.152
 73 292.644694   6.267729    43.329    43.337  7 54786.10113337 50.164
 74 292.644298   6.266874    42.619    43.037  7 54821.10115939 33.443
 75 292.644872   6.268880    39.501    38.965  8 54856.10113040 35.645
 76 292.642481   6.267531    37.673    37.699  7 54891.10116301 47.688
 77 292.642946   6.268364    39.574    38.547  7 54926.10112865 28.975
 78 292.642584   6.266267    39.838    39.734  7 54961.10116195 41.407
 79 292.641521   6.266310    42.482    42.493  7 54996.10118325 35.088
 80 292.643295   6.267611    47.030    47.006  7 55031.10117280 44.910
 81 292.644546   6.269019    46.965    46.995  7 55066.10116329 36.497
 82 292.642898   6.268796    44.206    44.223  7 55101.10110486 38.756
 83 292.643552   6.268789    42.035    42.055  7 55136.10110833 45.374
 84 292.645066   6.267352    39.679    39.146  7 55171.10107080 37.645
 85 292.643719   6.266457    38.994    39.635  7 55206.10110188 37.568
 86 292.643514   6.268694    36.345    35.330  7 55241.10107677 30.222
 87 292.643540   6.267986    36.100    36.150  7 55276.10109565 48.594
 88 292.644488   6.268552    42.800    42.265  8 55311.10106166 39.958
 89 292.644422   6.269134    45.428    45.441  7 55346.10106580 45.733
 90 292.643947   6.268712    47.070    47.076  7 55381.10105784 46.913
 91 292.644103   6.266455    47.546    47.567  7 55416.10108447 49.207
 92 292.644696   6.269938    45.727    45.786  7 55451.10106952 29.534
 93 292.645303   6.270777    42.759    42.767  7 55486.10099318 46.858
