# NaN NaN NaN ;Mean Elev.(m), Avg Gradient(m/km), RMS Gradient(m/km) - SRTM1     
#   26.344  -0.572   2.924 ;Mean Elev.(m), Avg Gradient(m/km), RMS Gradient(m/km) - ASTER GDEM
#   21.684  -0.770   2.286 ;Mean Elev.(m), Avg Gradient(m/km), RMS Gradient(m/km) - GMTED2010 
  8    36.115 52480.60447740 43.29 293.549599   7.555008 19.501
  8    36.133 52480.60447805 42.90 293.548859   7.551708 19.501
  8    36.125 52480.60447869 43.25 293.548129   7.548398 19.501
  8    36.128 52480.60447934 44.50 293.547389   7.545098 19.501
  8    36.152 52480.60447998 45.36 293.546659   7.541788 19.501
  8    36.146 52480.60448062 46.06 293.545919   7.538478 19.501
  9    35.126 52515.60442632 26.17 293.559607   7.559524 12.946
  9    35.421 52515.60442697 27.65 293.558867   7.556224 12.946
  9    35.782 52515.60442761 28.44 293.558137   7.552914 12.946
  9    35.939 52515.60442826 33.34 293.557397   7.549604 12.946
  9    36.004 52515.60442890 33.09 293.556667   7.546304 12.946
  9    36.125 52515.60442955 36.92 293.555937   7.542994 12.946
 10    33.513 52550.60447395 22.66 293.550539   7.556619 12.250
 10    33.761 52550.60447459 23.74 293.549799   7.553319 12.250
 10    33.867 52550.60447524 24.69 293.549069   7.550009 12.250
 10    33.799 52550.60447588 27.72 293.548329   7.546709 12.250
 10    33.900 52550.60447653 31.58 293.547599   7.543399 12.250
 10    34.010 52550.60447717 31.97 293.546859   7.540099 12.250
 11    30.540 52585.60444624 21.05 293.564149   7.562722 11.292
 11    30.794 52585.60444689 21.03 293.563410   7.559415 28.462
 11    31.029 52585.60444753 24.23 293.562680   7.556105 28.462
 11    31.325 52585.60444818 29.43 293.561940   7.552805 28.462
 12    29.532 52620.60442992 14.26 293.551464   7.555258  7.682
 12    29.388 52620.60443056 17.72 293.550724   7.551958  7.682
 12    29.196 52620.60443121 19.25 293.549994   7.548648  7.682
 12    29.269 52620.60443185 20.10 293.549254   7.545348  7.682
 12    29.733 52620.60443250 18.56 293.548524   7.542038  7.682
 12    30.016 52620.60443314 18.25 293.547784   7.538738  7.682
 15    24.231 52725.60445723 20.40 293.556455   7.559073 10.961
 15    24.166 52725.60445787 21.29 293.555715   7.555773 10.961
 15    24.028 52725.60445852 20.36 293.554985   7.552463 10.961
 15    25.799 52725.60445916 17.43 293.554245   7.549163 10.961
 15    26.103 52725.60445981 17.01 293.553515   7.545853 10.961
 15    25.429 52725.60446045 19.34 293.552775   7.542553 10.961
 15    25.868 52725.60446109 23.17 293.552045   7.539243 10.961
 15    24.457 52725.60446174 29.30 293.551306   7.535938 13.261
 17    31.744 52795.60443079 22.81 293.561973   7.561599 17.545
 17    32.027 52795.60443144 25.16 293.561233   7.558299 17.545
 17    32.168 52795.60443208 27.94 293.560503   7.554989 17.545
 17    32.267 52795.60443272 33.85 293.559763   7.551689 17.545
 17    32.378 52795.60443337 36.75 293.559033   7.548379 17.545
 18    33.362 52830.60449714 24.20 293.563841   7.562992 20.566
 18    33.592 52830.60449778 26.70 293.563111   7.559682 20.566
 18    33.778 52830.60449842 29.62 293.562371   7.556382 20.566
 18    34.081 52830.60449907 32.61 293.561641   7.553072 20.566
 18    34.193 52830.60449971 43.49 293.560901   7.549772 20.566
 19    35.713 52865.60454103 34.65 293.565455   7.563221 18.150
 19    35.831 52865.60454167 35.92 293.564715   7.559921 18.150
 19    35.943 52865.60454232 37.14 293.563985   7.556611 18.150
 19    36.047 52865.60454296 41.39 293.563245   7.553311 18.150
 20    34.701 52900.60457135 26.22 293.553090   7.556982 11.122
 20    34.813 52900.60457199 27.27 293.552350   7.553682 11.122
 20    34.925 52900.60457264 27.94 293.551620   7.550372 11.122
 20    34.917 52900.60457328 29.15 293.550880   7.547072 11.122
 20    35.028 52900.60457393 29.76 293.550150   7.543762 11.122
 20    35.100 52900.60457457 31.21 293.549410   7.540462 11.122
 20    35.271 52900.60457521 31.12 293.548680   7.537152 11.122
 21    32.661 52935.60451355 22.65 293.551789   7.556774 12.378
 21    32.955 52935.60451419 23.09 293.551049   7.553474 12.378
 21    33.060 52935.60451484 26.85 293.550319   7.550164 12.378
 21    33.222 52935.60451548 28.35 293.549579   7.546864 12.378
 21    33.195 52935.60451613 29.34 293.548849   7.543554 12.378
 21    33.394 52935.60451677 29.98 293.548109   7.540254 12.378
 21    33.440 52935.60451741 30.64 293.547379   7.536944 12.378
 22    31.656 52970.60453484 19.77 293.554122   7.555979 17.003
 22    31.911 52970.60453549 20.40 293.553392   7.552679 17.003
 22    31.889 52970.60453613 22.48 293.552652   7.549369 17.003
 22    31.970 52970.60453678 23.45 293.551922   7.546059 17.003
 22    31.900 52970.60453742 25.27 293.551182   7.542759 17.003
 22    32.046 52970.60453807 25.15 293.550452   7.539449 17.003
 22    32.221 52970.60453871 26.72 293.549712   7.536149 17.003
 23    28.534 53005.60455062 28.13 293.547817   7.554330 24.785
 23    28.621 53005.60455127 26.62 293.547087   7.551020 24.785
 23    28.616 53005.60455191 24.08 293.546347   7.547720 24.785
 23    28.833 53005.60455256 20.43 293.545617   7.544410 24.785
 23    30.104 53005.60455320 19.34 293.544877   7.541110 24.785
 24    25.382 53040.60450023 20.51 293.552956   7.558013  7.022
 24    27.215 53040.60450088 17.62 293.552226   7.554703  7.022
 24    27.518 53040.60450152 15.49 293.551486   7.551403  7.022
 24    28.026 53040.60450217 13.72 293.550746   7.548093  7.022
 24    28.040 53040.60450281 14.21 293.550016   7.544793  7.022
 24    28.077 53040.60450346 14.74 293.549276   7.541483  7.022
 24    27.864 53040.60450410 14.41 293.548546   7.538183  7.022
 25    25.051 53075.60453334 22.12 293.550679   7.556409 12.158
 25    26.850 53075.60453398 17.31 293.549939   7.553099 12.158
 25    27.214 53075.60453463 16.79 293.549209   7.549799 12.158
 25    27.761 53075.60453527 14.62 293.548469   7.546499 12.158
 25    27.830 53075.60453592 14.68 293.547739   7.543189 12.158
 25    27.658 53075.60453656 13.82 293.547003   7.539883  9.859
 26    25.896 53110.60450319 19.81 293.549226   7.555812 13.393
 26    26.633 53110.60450384 18.82 293.548496   7.552502 13.393
 26    27.156 53110.60450448 17.40 293.547766   7.549202 13.393
 26    27.396 53110.60450512 16.56 293.547020   7.545896  9.060
 26    27.396 53110.60450577 15.04 293.546290   7.542596  9.060
 26    27.235 53110.60450641 13.71 293.545560   7.539286  9.060
 27    30.751 53145.60454526 35.57 293.552036   7.555511 15.836
 27    30.891 53145.60454591 33.66 293.551306   7.552211 15.836
 27    30.926 53145.60454655 33.80 293.550566   7.548901 15.836
 27    30.953 53145.60454720 33.90 293.549836   7.545601 15.836
 27    30.965 53145.60454784 32.09 293.549096   7.542295 18.076
 27    30.985 53145.60454849 30.78 293.548366   7.538995 18.076
 28    33.410 53180.60455434 26.29 293.559453   7.560732 17.432
 28    33.727 53180.60455499 26.23 293.558723   7.557422 17.432
 28    33.998 53180.60455563 28.57 293.557983   7.554122 17.432
 28    34.209 53180.60455628 28.14 293.557253   7.550812 17.432
 28    34.267 53180.60455692 30.87 293.556513   7.547512 17.432
 28    34.266 53180.60455756 31.70 293.555783   7.544202 17.432
 28    34.408 53180.60455821 33.96 293.555043   7.540902 17.432
 29    35.841 53215.60457749 46.66 293.553204   7.558035 19.872
 29    35.881 53215.60457813 45.38 293.552474   7.554725 19.872
 29    35.969 53215.60457878 44.72 293.551734   7.551425 19.872
 29    36.000 53215.60457942 44.87 293.551004   7.548115 19.872
 29    35.923 53215.60458007 43.75 293.550264   7.544815 19.872
 29    35.887 53215.60458071 40.46 293.549534   7.541505 19.872
 29    35.897 53215.60458136 39.82 293.548794   7.538205 19.872
 30    35.386 53250.60455308 26.09 293.551697   7.555927 18.600
 30    35.432 53250.60455372 28.50 293.550963   7.552619 20.888
 30    35.549 53250.60455437 34.30 293.550233   7.549319 20.888
 30    35.528 53250.60455501 30.81 293.549493   7.546009 20.888
 30    35.661 53250.60455566 31.72 293.548753   7.542709 20.888
 30    35.743 53250.60455630 31.20 293.548023   7.539399 20.888
 31    34.377 53285.60454749 33.16 293.549630   7.555603 18.955
 31    34.492 53285.60454813 36.55 293.548900   7.552293 18.955
 31    34.334 53285.60454878 39.14 293.548160   7.548993 18.955
 31    34.282 53285.60454942 40.39 293.547430   7.545683 18.955
 31    34.435 53285.60455007 42.90 293.546690   7.542383 18.955
 31    34.545 53285.60455071 43.16 293.545960   7.539073 18.955
 32    31.218 53320.60452609 20.81 293.564250   7.562346 27.227
 32    31.373 53320.60452674 24.23 293.563510   7.559036 27.227
 32    31.589 53320.60452738 26.52 293.562780   7.555736 27.227
 32    31.696 53320.60452803 32.27 293.562040   7.552426 27.227
 33    29.597 53355.60449499 15.63 293.561733   7.562845 19.459
 33    30.261 53355.60449564 15.43 293.561003   7.559535 19.459
 33    31.080 53355.60449628 14.77 293.560273   7.556225 19.459
 33    31.446 53355.60449693 16.24 293.559533   7.552925 19.459
 33    31.563 53355.60449757 17.08 293.558803   7.549615 19.459
 33    32.091 53355.60449822 14.87 293.558063   7.546315 19.459
 34    28.173 53390.60450627 17.62 293.554143   7.555671  8.591
 34    26.896 53390.60450692 18.98 293.553403   7.552371  8.591
 34    27.372 53390.60450756 16.92 293.552673   7.549061  8.591
 34    27.737 53390.60450821 16.38 293.551933   7.545761  8.591
 34    27.452 53390.60450885 17.06 293.551203   7.542451  8.591
 34    27.518 53390.60450950 17.48 293.550463   7.539151  8.591
 34    27.749 53390.60451014 20.24 293.549733   7.535841  8.591
 35    29.181 53425.60450269 12.99 293.560192   7.559432 13.570
 35    29.743 53425.60450333 12.04 293.559452   7.556132 13.570
 35    29.665 53425.60450398 12.35 293.558722   7.552822 13.570
 35    30.862 53425.60450462 11.22 293.557982   7.549522 13.570
 35    31.659 53425.60450527 11.31 293.557252   7.546212 13.570
 36    25.913 53460.60451025 15.94 293.561535   7.560360 11.611
 36    27.836 53460.60451090 14.41 293.560795   7.557060 11.611
 36    28.245 53460.60451154 14.05 293.560065   7.553750 11.611
 36    26.880 53460.60451219 16.11 293.559325   7.550450 11.611
 36    26.906 53460.60451283 20.65 293.558595   7.547140 11.611
 38    32.254 53530.60456863 39.82 293.561064   7.560714 19.676
 38    32.255 53530.60456927 41.85 293.560334   7.557404 19.676
 38    32.324 53530.60456992 42.72 293.559594   7.554104 19.676
 38    32.395 53530.60457056 41.99 293.558864   7.550794 19.676
 38    32.416 53530.60457120 40.05 293.558124   7.547494 19.676
 39    33.739 53565.60459903 39.12 293.546960   7.551329 20.166
 39    33.794 53565.60459967 42.47 293.546220   7.548029 20.166
 39    33.872 53565.60460032 44.16 293.545490   7.544719 20.166
 39    33.887 53565.60460096 40.85 293.544750   7.541419 20.166
 39    33.848 53565.60460161 40.52 293.544020   7.538109 20.166
 40    34.773 53600.60454004 45.26 293.557247   7.559162 27.606
 40    34.799 53600.60454069 47.10 293.556517   7.555852 27.606
 40    34.782 53600.60454133 46.87 293.555777   7.552552 27.606
 40    34.794 53600.60454198 46.97 293.555047   7.549242 27.606
 40    34.821 53600.60454262 47.13 293.554307   7.545942 27.606
 40    34.851 53600.60454327 46.99 293.553577   7.542632 27.606
 40    34.892 53600.60454391 50.91 293.552837   7.539332 27.606
 40    34.905 53600.60454455 48.41 293.552107   7.536022 27.606
 41    33.335 53635.60453759 22.01 293.551659   7.556683 12.466
 41    33.542 53635.60453824 23.58 293.550929   7.553373 12.466
 41    33.585 53635.60453888 25.11 293.550189   7.550073 12.466
 41    33.627 53635.60453953 26.92 293.549459   7.546763 12.466
 41    33.702 53635.60454017 28.50 293.548719   7.543463 12.466
 41    33.781 53635.60454081 28.02 293.547989   7.540153 12.466
 41    33.816 53635.60454146 29.50 293.547249   7.536853 12.466
 42    30.295 53670.60455913 18.89 293.549409   7.556512 11.572
 42    30.607 53670.60455977 17.78 293.548679   7.553202 11.572
 42    30.626 53670.60456042 18.99 293.547939   7.549902 11.572
 42    30.633 53670.60456106 21.39 293.547209   7.546592 11.572
 42    30.647 53670.60456171 22.70 293.546469   7.543292 11.572
 42    30.845 53670.60456235 22.85 293.545739   7.539982 11.572
 43    30.621 53705.60449150 18.48 293.562547   7.562733 23.279
 43    30.861 53705.60449215 19.02 293.561807   7.559423 23.279
 43    31.169 53705.60449279 19.83 293.561077   7.556113 23.279
 43    31.452 53705.60449344 20.87 293.560337   7.552813 23.279
 43    31.591 53705.60449408 20.91 293.559607   7.549503 23.279
 44    29.139 53740.60440479 15.04 293.558612   7.558358 16.548
 44    30.572 53740.60440544 14.23 293.557882   7.555048 16.548
 44    27.813 53740.60440608 15.54 293.557142   7.551748 16.548
 44    31.236 53740.60440673 14.11 293.556412   7.548438 16.548
 44    31.536 53740.60440737 13.14 293.555672   7.545138 16.548
 44    27.392 53740.60440802 30.95 293.554942   7.541828 16.548
 45    27.699 53775.60442566 14.36 293.561653   7.560927 18.210
 45    29.671 53775.60442631 13.76 293.560913   7.557627 18.210
 45    28.432 53775.60442695 14.22 293.560183   7.554317 18.210
 45    28.416 53775.60442760 14.30 293.559443   7.551017 18.210
 45    31.238 53775.60442824 13.89 293.558713   7.547707 18.210
 46    25.506 53810.60440717 17.78 293.557586   7.559211 24.140
 46    25.352 53810.60440782 18.93 293.556856   7.555901 24.140
 46    26.261 53810.60440846 16.80 293.556116   7.552601 24.140
 46    26.527 53810.60440911 15.90 293.555386   7.549291 24.140
 46    26.688 53810.60440975 15.40 293.554656   7.545981 24.140
 46    26.916 53810.60441040 19.00 293.553916   7.542681 24.140
 46    26.950 53810.60441104 23.13 293.553186   7.539371 24.140
 47    26.761 53845.60445363 19.25 293.552504   7.555716  8.710
 47    26.699 53845.60445428 18.48 293.551764   7.552416  8.710
 47    26.810 53845.60445492 17.85 293.551034   7.549106  8.710
 47    26.846 53845.60445557 17.96 293.550294   7.545806  8.710
 47    26.726 53845.60445621 18.83 293.549564   7.542496  8.710
 47    26.807 53845.60445685 17.96 293.548824   7.539196  8.710
 48    31.578 53880.60447864 31.25 293.560100   7.559585 12.415
 48    31.519 53880.60447928 30.73 293.559370   7.556275 12.415
 48    31.423 53880.60447993 30.00 293.558630   7.552975 12.415
 48    31.319 53880.60448057 30.20 293.557900   7.549665 12.415
 48    31.423 53880.60448122 29.75 293.557160   7.546365 12.415
 48    31.801 53880.60448186 31.53 293.556430   7.543055 12.415
 51    35.625 53985.60448212 31.61 293.554595   7.557707 15.667
 51    35.481 53985.60448276 32.86 293.553865   7.554397 15.667
 51    35.505 53985.60448341 35.24 293.553125   7.551097 15.667
 51    35.519 53985.60448405 36.42 293.552395   7.547787 15.667
 51    35.404 53985.60448470 34.42 293.551665   7.544477 15.667
 51    35.577 53985.60448534 34.28 293.550925   7.541177 15.667
 51    35.607 53985.60448599 35.76 293.550195   7.537867 15.667
 52    32.150 54020.60452073 18.94 293.557127   7.558921 20.900
 52    32.385 54020.60452137 19.55 293.556387   7.555621 20.900
 52    32.493 54020.60452202 20.42 293.555657   7.552311 20.900
 52    32.553 54020.60452266 22.61 293.554917   7.549011 20.900
 52    32.709 54020.60452331 23.75 293.554187   7.545701 20.900
 52    32.864 54020.60452395 26.60 293.553447   7.542401 20.900
 52    32.974 54020.60452460 28.75 293.552717   7.539091 20.900
 53    30.768 54055.60451171 20.60 293.564700   7.561829 26.524
 53    31.003 54055.60451236 22.59 293.563970   7.558519 26.524
 53    31.341 54055.60451300 26.24 293.563230   7.555219 26.524
 53    31.766 54055.60451365 29.72 293.562500   7.551909 26.524
 54    29.415 54090.60449944 14.88 293.555886   7.557263 19.597
 54    29.255 54090.60450008 16.61 293.555156   7.553963 19.597
 54    29.292 54090.60450073 16.72 293.554416   7.550653 19.597
 54    29.272 54090.60450137 18.61 293.553686   7.547343 19.597
 54    29.489 54090.60450202 19.36 293.552946   7.544043 19.597
 54    29.695 54090.60450266 18.72 293.552216   7.540733 19.597
 54    29.727 54090.60450331 18.43 293.551476   7.537433 19.597
 55    25.638 54125.60442751 18.99 293.557734   7.559199 10.697
 55    26.700 54125.60442816 17.50 293.556994   7.555889 10.697
 55    26.047 54125.60442880 18.02 293.556264   7.552579 10.697
 55    27.061 54125.60442945 16.50 293.555524   7.549279 10.697
 55    27.579 54125.60443009 14.90 293.554788   7.545973 21.239
 55    27.458 54125.60443074 19.78 293.554058   7.542673 21.239
 55    27.341 54125.60443138 20.92 293.553318   7.539363 21.239
 56    25.477 54160.60446720 18.21 293.553864   7.556169 13.895
 56    26.649 54160.60446785 14.81 293.553124   7.552859 13.895
 56    27.229 54160.60446849 12.52 293.552394   7.549559 13.895
 56    27.394 54160.60446914 13.04 293.551654   7.546249 13.895
 56    27.297 54160.60446978 13.87 293.550924   7.542949 13.895
 56    27.204 54160.60447042 14.62 293.550186   7.539643 17.397
 56    27.244 54160.60447107 13.87 293.549456   7.536343 17.397
 57    25.148 54195.60442980 16.97 293.556523   7.557612 15.326
 57    25.744 54195.60443044 15.60 293.555793   7.554302 15.326
 57    26.820 54195.60443109 14.35 293.555053   7.551002 15.326
 57    26.452 54195.60443173 14.56 293.554323   7.547692 15.326
 57    26.375 54195.60443238 16.44 293.553583   7.544392 15.326
 57    26.124 54195.60443302 21.16 293.552853   7.541082 15.326
 57    25.891 54195.60443367 28.96 293.552113   7.537782 15.326
 58    28.513 54230.60447883 18.10 293.555871   7.557671 15.788
 58    28.380 54230.60447948 18.65 293.555131   7.554361 15.788
 58    28.289 54230.60448012 18.77 293.554401   7.551061 15.788
 58    28.458 54230.60448076 16.77 293.553661   7.547753 27.483
 58    28.878 54230.60448141 16.43 293.552931   7.544453 27.483
 58    28.953 54230.60448205 19.29 293.552191   7.541143 27.483
 58    28.999 54230.60448270 21.28 293.551461   7.537843 27.483
 59    31.980 54265.60449684 19.46 293.556157   7.556534 14.422
 59    32.155 54265.60449748 20.32 293.555417   7.553234 14.422
 59    32.257 54265.60449813 21.72 293.554687   7.549924 14.422
 59    32.379 54265.60449877 23.25 293.553948   7.546618 31.868
 59    32.497 54265.60449942 25.50 293.553218   7.543308 31.868
 59    32.556 54265.60450006 28.85 293.552478   7.540008 31.868
 59    32.621 54265.60450070 31.96 293.551748   7.536698 31.868
 60    35.624 54300.60450126 45.02 293.556995   7.558224 28.835
 60    35.624 54300.60450191 45.94 293.556255   7.554924 28.835
 60    35.639 54300.60450255 45.32 293.555525   7.551614 28.835
 60    35.642 54300.60450320 45.66 293.554785   7.548314 28.835
 60    35.676 54300.60450384 45.55 293.554055   7.545004 28.835
 60    35.722 54300.60450449 47.95 293.553315   7.541704 28.835
 60    35.784 54300.60450513 49.36 293.552585   7.538394 28.835
 61    35.362 54335.60449008 35.15 293.555792   7.556951 16.361
 61    35.397 54335.60449072 35.93 293.555062   7.553641 16.361
 61    35.375 54335.60449137 36.05 293.554322   7.550331 16.361
 61    35.310 54335.60449201 35.60 293.553592   7.547031 16.361
 61    35.289 54335.60449266 33.99 293.552856   7.543723 20.296
 61    35.458 54335.60449330 33.91 293.552126   7.540423 20.296
 61    35.442 54335.60449395 33.51 293.551386   7.537113 20.296
 63    32.436 54405.60443472 21.16 293.554781   7.557530 15.797
 63    32.523 54405.60443537 21.15 293.554041   7.554230 15.797
 63    32.581 54405.60443601 23.57 293.553311   7.550920 15.797
 63    32.620 54405.60443666 24.93 293.552571   7.547620 15.797
 63    32.745 54405.60443730 25.76 293.551841   7.544310 15.797
 63    32.983 54405.60443795 27.26 293.551101   7.541010 15.797
 63    33.053 54405.60443859 27.86 293.550371   7.537700 15.797
 64    30.570 54440.60439222 16.83 293.557064   7.556799 10.694
 64    31.049 54440.60439287 17.66 293.556334   7.553489 10.694
 64    31.304 54440.60439351 17.46 293.555594   7.550189 10.694
 64    31.210 54440.60439416 17.08 293.554864   7.546879 10.694
 64    30.042 54440.60439480 21.70 293.554124   7.543579 10.694
 64    30.382 54440.60439545 22.12 293.553394   7.540269 10.694
 64    30.467 54440.60439609 20.39 293.552654   7.536969 10.694
 65    27.307 54475.60442167 18.44 293.557449   7.558929 17.012
 65    27.512 54475.60442232 17.22 293.556719   7.555619 17.012
 65    30.470 54475.60442296 17.43 293.555979   7.552319 17.012
 65    30.933 54475.60442360 15.55 293.555249   7.549009 17.012
 65    31.336 54475.60442425 14.79 293.554509   7.545709 17.012
 65    27.828 54475.60442489 19.75 293.553779   7.542399 17.012
 65    27.916 54475.60442554 23.19 293.553039   7.539099 17.012
 66    24.892 54510.60440697 18.31 293.557275   7.558875 20.999
 66    26.448 54510.60440762 17.40 293.556545   7.555575 20.999
 66    26.578 54510.60440826 17.28 293.555805   7.552275 20.999
 66    27.505 54510.60440891 13.89 293.555065   7.548965 20.999
 66    30.950 54510.60440955 13.51 293.554335   7.545655 20.999
 66    26.957 54510.60441020 23.63 293.553595   7.542355 20.999
 66    27.087 54510.60441084 25.24 293.552865   7.539045 20.999
 67    25.642 54545.60443574 17.39 293.556161   7.559149  9.385
 67    28.209 54545.60443638 13.96 293.555421   7.555849  9.385
 67    28.069 54545.60443703 13.04 293.554691   7.552539  9.385
 67    27.876 54545.60443767 11.96 293.553951   7.549229  9.385
 67    27.009 54545.60443832 12.69 293.553221   7.545929  9.385
 67    26.353 54545.60443896 23.20 293.552481   7.542619  9.385
 67    26.551 54545.60443960 21.37 293.551751   7.539319  9.385
 67    26.287 54545.60444025 21.25 293.551014   7.536011 19.494
 68    25.367 54580.60440220 29.76 293.557580   7.557371 25.329
 68    25.189 54580.60440285 28.74 293.556840   7.554071 25.329
 68    25.097 54580.60440349 26.27 293.556110   7.550761 25.329
 68    25.909 54580.60440414 23.35 293.555370   7.547461 25.329
 68    26.378 54580.60440478 23.31 293.554640   7.544151 25.329
 68    26.144 54580.60440542 20.85 293.553900   7.540841 25.329
 69    29.187 54615.60442529 17.85 293.556938   7.557847  8.625
 69    29.176 54615.60442593 18.15 293.556198   7.554547  8.625
 69    29.239 54615.60442658 16.64 293.555468   7.551237  8.625
 69    29.182 54615.60442722 18.74 293.554728   7.547937  8.625
 69    29.835 54615.60442787 18.40 293.553998   7.544627  8.625
 69    29.918 54615.60442851 21.67 293.553258   7.541327  8.625
 69    29.794 54615.60442915 19.65 293.552528   7.538017  8.625
 70    33.282 54650.60443818 31.88 293.553516   7.555590 13.031
 70    33.269 54650.60443883 31.77 293.552776   7.552290 13.031
 70    33.324 54650.60443947 33.60 293.552046   7.548980 13.031
 70    33.398 54650.60444012 31.95 293.551306   7.545680 13.031
 70    33.439 54650.60444076 32.24 293.550576   7.542370 13.031
 70    33.564 54650.60444140 32.82 293.549836   7.539070 13.031
 71    35.247 54685.60443102 24.88 293.555079   7.557597  9.773
 71    35.354 54685.60443166 25.76 293.554349   7.554287  9.773
 71    35.472 54685.60443231 27.09 293.553609   7.550987  9.773
 71    35.474 54685.60443295 28.76 293.552879   7.547677  9.773
 71    35.620 54685.60443360 29.21 293.552139   7.544377  9.773
 71    35.701 54685.60443424 31.62 293.551409   7.541067  9.773
 71    35.745 54685.60443489 33.86 293.550679   7.537767  9.773
 72    34.772 54720.60438202 35.48 293.557724   7.557817 17.189
 72    34.776 54720.60438266 37.26 293.556984   7.554517 17.189
 72    34.794 54720.60438331 36.56 293.556254   7.551207 17.189
 72    34.858 54720.60438395 36.32 293.555524   7.547907 17.189
 72    34.950 54720.60438460 37.90 293.554779   7.544602 22.898
 72    35.048 54720.60438524 40.63 293.554049   7.541292 22.898
 72    35.047 54720.60438588 41.12 293.553309   7.537992 22.898
 73    32.033 54755.60440589 21.51 293.555307   7.558614 13.110
 73    32.161 54755.60440654 21.25 293.554577   7.555304 13.110
 73    32.087 54755.60440718 22.09 293.553837   7.552004 13.110
 73    32.279 54755.60440782 22.88 293.553107   7.548694 13.110
 73    32.508 54755.60440847 24.44 293.552367   7.545384 13.110
 73    32.576 54755.60440911 25.34 293.551637   7.542084 13.110
 73    32.594 54755.60440976 27.73 293.550899   7.538779 33.423
 74    31.290 54790.60437616 34.23 293.555015   7.556395 21.370
 74    31.369 54790.60437681 34.50 293.554275   7.553095 21.370
 74    31.299 54790.60437745 37.33 293.553545   7.549785 21.370
 74    31.405 54790.60437810 34.33 293.552805   7.546485 21.370
 74    31.427 54790.60437874 35.64 293.552075   7.543175 21.370
 74    31.431 54790.60437939 37.70 293.551335   7.539875 21.370
 74    31.433 54790.60438003 43.31 293.550605   7.536565 21.370
 75    29.364 54825.60440175 17.25 293.556462   7.558357 11.074
 75    29.409 54825.60440240 18.29 293.555732   7.555047 11.074
 75    30.042 54825.60440304 18.38 293.554992   7.551747 11.074
 75    30.849 54825.60440368 17.53 293.554262   7.548437 11.074
 75    29.766 54825.60440433 19.57 293.553522   7.545137 11.074
 75    29.922 54825.60440497 20.46 293.552792   7.541827 11.074
 75    29.951 54825.60440562 19.75 293.552051   7.538520 27.475
 75    29.796 54825.60440626 26.44 293.551321   7.535220 27.475
 76    28.456 54860.60436918 14.74 293.557494   7.558432 21.583
 76    26.983 54860.60436983 16.77 293.556754   7.555132 21.583
 76    27.556 54860.60437047 15.92 293.556024   7.551822 21.583
 76    30.768 54860.60437112 13.25 293.555284   7.548522 21.583
 76    31.221 54860.60437176 14.53 293.554554   7.545212 21.583
 76    27.475 54860.60437241 23.36 293.553814   7.541912 21.583
 76    27.610 54860.60437305 24.74 293.553084   7.538602 21.583
 77    27.230 54895.60440359 15.08 293.553619   7.556777 11.873
 77    27.066 54895.60440423 14.46 293.552879   7.553467 11.873
 77    27.432 54895.60440488 13.11 293.552149   7.550167 11.873
 77    27.720 54895.60440552 13.75 293.551409   7.546857 11.873
 77    27.168 54895.60440617 20.12 293.550679   7.543557 11.873
 77    27.465 54895.60440681 17.59 293.549943   7.540250 14.459
 77    27.325 54895.60440746 16.38 293.549213   7.536940 14.459
 78    26.678 54930.60436703 14.82 293.554639   7.556573 17.074
 78    26.771 54930.60436768 15.44 293.553909   7.553273 17.074
 78    26.991 54930.60436832 14.22 293.553169   7.549963 17.074
 78    26.984 54930.60436897 14.42 293.552439   7.546653 17.074
 78    27.034 54930.60436961 14.95 293.551699   7.543353 17.074
 78    26.660 54930.60437026 16.77 293.550969   7.540043 17.074
 78    26.769 54930.60437090 20.01 293.550229   7.536743 17.074
 79    28.325 54965.60440292 18.71 293.555393   7.558513 10.606
 79    28.208 54965.60440357 18.72 293.554653   7.555213 10.606
 79    28.245 54965.60440421 18.50 293.553923   7.551903 10.606
 79    28.427 54965.60440486 16.55 293.553183   7.548603 10.606
 79    28.563 54965.60440550 19.14 293.552453   7.545293 10.606
 79    28.715 54965.60440615 19.91 293.551713   7.541993 10.606
 79    28.824 54965.60440679 19.42 293.550983   7.538683 10.606
 80    30.375 55000.60442423 24.72 293.552115   7.555345 16.799
 80    30.410 55000.60442488 24.14 293.551375   7.552045 16.799
 80    30.348 55000.60442552 23.70 293.550645   7.548735 16.799
 80    30.269 55000.60442617 23.67 293.549905   7.545435 16.799
 80    30.407 55000.60442681 24.26 293.549175   7.542125 16.799
 80    30.533 55000.60442746 25.73 293.548436   7.538820 18.361
 81    33.464 55035.60440877 23.18 293.556950   7.557929 15.654
 81    33.775 55035.60440941 23.84 293.556220   7.554629 15.654
 81    33.889 55035.60441006 25.06 293.555480   7.551319 15.654
 81    33.921 55035.60441070 26.44 293.554750   7.548019 15.654
 81    34.006 55035.60441134 28.20 293.554010   7.544712 34.971
 81    34.074 55035.60441199 29.46 293.553280   7.541412 34.971
 81    34.134 55035.60441263 29.74 293.552540   7.538102 34.971
 82    34.869 55070.60439855 40.81 293.554954   7.556564 12.980
 82    34.869 55070.60439919 42.08 293.554224   7.553254 12.980
 82    34.851 55070.60439984 39.95 293.553484   7.549954 12.980
 82    34.819 55070.60440048 39.81 293.552754   7.546644 12.980
 82    34.803 55070.60440113 37.89 293.552014   7.543334 12.980
 82    34.932 55070.60440177 37.97 293.551284   7.540034 12.980
 82    34.982 55070.60440242 39.39 293.550554   7.536724 12.980
 83    32.241 55105.60434149 22.24 293.554902   7.556658 18.163
 83    32.201 55105.60434213 22.57 293.554162   7.553358 18.163
 83    32.157 55105.60434278 23.16 293.553432   7.550048 18.163
 83    32.260 55105.60434342 24.01 293.552692   7.546748 18.163
 83    32.420 55105.60434407 24.82 293.551962   7.543438 18.163
 83    32.566 55105.60434471 26.43 293.551222   7.540138 18.163
 83    32.607 55105.60434536 29.01 293.550492   7.536828 18.163
 84    30.065 55140.60434756 16.16 293.555083   7.558230 14.001
 84    29.952 55140.60434821 17.31 293.554353   7.554920 14.001
 84    29.864 55140.60434885 18.68 293.553613   7.551620 14.001
 84    30.019 55140.60434950 19.89 293.552883   7.548310 14.001
 84    30.028 55140.60435014 18.99 293.552145   7.545003 22.600
 84    30.150 55140.60435079 18.90 293.551415   7.541703 22.600
 84    30.365 55140.60435143 16.77 293.550675   7.538393 22.600
 85    28.901 55175.60430870 14.27 293.557791   7.557464  9.172
 85    27.585 55175.60430935 16.23 293.557061   7.554154  9.172
 85    27.826 55175.60430999 14.97 293.556321   7.550854  9.172
 85    29.164 55175.60431064 13.19 293.555584   7.547547 26.365
 85    27.685 55175.60431128 16.16 293.554854   7.544247 26.365
 85    27.490 55175.60431193 24.82 293.554124   7.540937 26.365
 86    27.604 55210.60434259 12.77 293.555463   7.557696 10.744
 86    29.754 55210.60434323 12.91 293.554733   7.554386 10.744
 86    27.163 55210.60434388 13.75 293.553993   7.551086 10.744
 86    27.421 55210.60434452 13.16 293.553263   7.547776 10.744
 86    27.747 55210.60434517 14.23 293.552523   7.544476 10.744
 86    27.141 55210.60434581 18.09 293.551793   7.541166 10.744
 86    27.147 55210.60434646 18.14 293.551054   7.537860 22.067
 87    23.463 55245.60431489 20.71 293.555584   7.557419 17.770
 87    26.688 55245.60431553 14.86 293.554854   7.554109 17.770
 87    26.362 55245.60431618 14.33 293.554114   7.550809 17.770
 87    29.648 55245.60431682 13.18 293.553384   7.547499 17.770
 87    27.233 55245.60431747 12.43 293.552644   7.544199 17.770
 87    26.985 55245.60431811 12.51 293.551914   7.540889 17.770
 87    27.041 55245.60431875 13.39 293.551174   7.537589 17.770
 88    30.236 55280.60433613 13.22 293.554240   7.556454  9.570
 88    30.266 55280.60433677 13.01 293.553510   7.553144  9.570
 88    26.662 55280.60433742 13.41 293.552770   7.549834  9.570
 88    27.045 55280.60433806 12.21 293.552040   7.546534  9.570
 88    29.103 55280.60433871 12.45 293.551300   7.543224  9.570
 88    26.340 55280.60433935 12.90 293.550570   7.539924  9.570
 88    25.966 55280.60434000 16.81 293.549834   7.536615 17.646
 89    29.314 55315.60430222 21.41 293.554462   7.556044 17.098
 89    29.147 55315.60430286 21.70 293.553732   7.552734 17.098
 89    29.532 55315.60430350 19.43 293.552992   7.549434 17.098
 89    29.678 55315.60430415 18.25 293.552262   7.546124 17.098
 89    29.803 55315.60430479 19.49 293.551522   7.542824 17.098
 89    29.892 55315.60430544 17.26 293.550792   7.539514 17.098
 89    29.929 55315.60430608 16.91 293.550052   7.536214 17.098
 90    32.397 55350.60430760 21.11 293.555535   7.558413 15.539
 90    32.429 55350.60430825 21.95 293.554805   7.555103 15.539
 90    32.188 55350.60430889 22.57 293.554065   7.551793 15.539
 90    32.342 55350.60430954 23.82 293.553335   7.548493 15.539
 90    32.650 55350.60431018 24.50 293.552595   7.545183 15.539
 90    32.776 55350.60431083 25.69 293.551865   7.541883 15.539
 90    32.917 55350.60431147 27.71 293.551129   7.538577 34.353
 91    34.035 55385.60430140 24.14 293.555094   7.558556 21.856
 91    34.354 55385.60430204 24.27 293.554364   7.555246 21.856
 91    34.488 55385.60430269 25.31 293.553624   7.551946 21.856
 91    34.436 55385.60430333 27.13 293.552894   7.548636 21.856
 91    34.511 55385.60430398 28.70 293.552154   7.545336 21.856
 91    34.777 55385.60430462 28.99 293.551424   7.542026 21.856
 91    34.874 55385.60430527 29.29 293.550684   7.538726 21.856
 92    35.366 55420.60432556 27.86 293.556765   7.558513 12.967
 92    35.571 55420.60432621 27.91 293.556025   7.555213 12.967
 92    35.816 55420.60432685 28.80 293.555295   7.551903 12.967
 92    35.907 55420.60432750 29.07 293.554555   7.548593 12.967
 92    35.976 55420.60432814 30.76 293.553825   7.545293 12.967
 92    36.089 55420.60432878 32.52 293.553085   7.541983 12.967
 92    36.078 55420.60432943 33.55 293.552355   7.538683 12.967
 92    36.142 55420.60433007 35.43 293.551616   7.535375 34.702
 93    34.511 55455.60430220 24.24 293.555624   7.558732 12.411
 93    34.593 55455.60430285 24.20 293.554894   7.555422 12.411
 93    34.754 55455.60430349 26.44 293.554154   7.552122 12.411
 93    34.777 55455.60430414 27.78 293.553424   7.548812 12.411
 93    34.922 55455.60430478 28.92 293.552684   7.545512 12.411
 93    34.969 55455.60430543 31.12 293.551954   7.542202 12.411
 93    35.144 55455.60430607 31.22 293.551224   7.538892 12.411
 93    35.224 55455.60430672 37.89 293.550484   7.535592 12.411
 94    31.535 55490.60422061 24.93 293.555906   7.557496 12.981
 94    31.628 55490.60422125 24.42 293.555176   7.554186 12.981
 94    31.827 55490.60422190 23.34 293.554436   7.550886 12.981
 94    32.461 55490.60422254 22.63 293.553706   7.547576 12.981
 94    33.229 55490.60422319 23.48 293.552976   7.544276 12.981
 94    33.835 55490.60422383 22.49 293.552236   7.540966 12.981
 94    34.132 55490.60422448 23.21 293.551506   7.537666 12.981
