# NaN NaN NaN ;Mean Elev.(m), Avg Gradient(m/km), RMS Gradient(m/km) - SRTM1     
#   17.481 -10.595  53.183 ;Mean Elev.(m), Avg Gradient(m/km), RMS Gradient(m/km) - ASTER GDEM
#    8.581 -10.418  52.445 ;Mean Elev.(m), Avg Gradient(m/km), RMS Gradient(m/km) - GMTED2010 
  8    13.350 52499.08569815 40.25 297.878211   8.584751 16.027
  8    12.845 52499.08569879 38.84 297.877471   8.588061 16.027
  8    13.075 52499.08569944 36.27 297.876731   8.591361 16.027
  8    14.068 52499.08570008 31.76 297.875991   8.594671 16.027
  8    13.526 52499.08570073 30.42 297.875261   8.597971 16.027
  8    10.045 52499.08570137 28.26 297.874521   8.601281 16.027
 10    14.044 52569.08571413 38.12 297.877316   8.585974 19.988
 10     6.904 52569.08571477 25.05 297.876576   8.589284 19.988
 10     7.119 52569.08571542 21.78 297.875836   8.592584 19.988
 10     6.482 52569.08571606 21.11 297.875106   8.595894 19.988
 10     6.970 52569.08571671 21.02 297.874366   8.599194 19.988
 10     8.365 52569.08571735 20.02 297.873626   8.602504 19.988
 11     7.120 52604.08570006 22.71 297.875153   8.584268  8.587
 11     6.318 52604.08570071 23.85 297.874416   8.587573 24.838
 11     5.845 52604.08570135 20.20 297.873676   8.590883 24.838
 11     5.568 52604.08570200 19.60 297.872936   8.594183 24.838
 11     5.321 52604.08570264 19.85 297.872196   8.597493 24.838
 11     6.732 52604.08570328 18.93 297.871466   8.600793 24.838
 12     4.770 52639.08567958 19.38 297.873622   8.585470 17.043
 12     5.515 52639.08568022 16.52 297.872882   8.588780 17.043
 12     5.105 52639.08568087 17.00 297.872142   8.592080 17.043
 12     6.524 52639.08568151 15.69 297.871402   8.595390 17.043
 12     5.680 52639.08568216 18.85 297.870672   8.598690 17.043
 13     8.945 52674.08567639 22.22 297.876613   8.585212 21.266
 13     3.771 52674.08567703 15.68 297.875873   8.588512 21.266
 13     3.864 52674.08567767 17.06 297.875133   8.591822 21.266
 13     3.774 52674.08567832 19.77 297.874403   8.595122 21.266
 13     4.767 52674.08567896 19.12 297.873663   8.598432 21.266
 13     6.157 52674.08567961 17.53 297.872923   8.601732 21.266
 14     4.018 52709.08569044 17.22 297.875135   8.586463 15.301
 14     3.249 52709.08569109 17.01 297.874395   8.589763 15.301
 14     3.814 52709.08569173 19.08 297.873655   8.593073 15.301
 15     5.809 52744.08571896 12.43 297.870964   8.583612  7.660
 15     4.280 52744.08571961 12.83 297.870224   8.586912  7.660
 15     4.421 52744.08572025 13.78 297.869484   8.590222  7.660
 15     5.468 52744.08572090 12.96 297.868754   8.593522  7.660
 15     6.527 52744.08572154 13.90 297.868014   8.596832  7.660
 17     7.589 52814.08573919 20.54 297.872425   8.585223 19.347
 17     6.467 52814.08573984 22.34 297.871685   8.588523 19.347
 17     6.431 52814.08574048 20.48 297.870955   8.591833 19.347
 17     5.838 52814.08574177 19.81 297.869475   8.598443 19.347
 18    15.043 52849.08579219 43.88 297.875315   8.585389 32.616
 18    11.098 52849.08579284 41.91 297.874575   8.588699 32.616
 18    10.571 52849.08579348 45.02 297.873835   8.591999 32.616
 18    10.458 52849.08579413 43.89 297.873105   8.595309 32.616
 18     9.390 52849.08579477 44.07 297.872365   8.598609 32.616
 18     8.922 52849.08579541 43.84 297.871625   8.601919 32.616
 19    10.524 52884.08582792 44.24 297.872988   8.586072 29.052
 19    10.830 52884.08582857 43.59 297.872248   8.589382 29.052
 19    10.763 52884.08582921 43.23 297.871508   8.592682 29.052
 19    14.663 52884.08582986 40.00 297.870768   8.595992 29.052
 19    10.130 52884.08583050 34.00 297.870038   8.599292 29.052
 20     8.872 52919.08578388 39.45 297.878100   8.584607 26.547
 20    14.293 52919.08578452 23.84 297.877370   8.587907 26.547
 20     8.301 52919.08578517 22.46 297.876630   8.591217 26.547
 20     8.306 52919.08578581 20.86 297.875890   8.594517 26.547
 20     8.752 52919.08578646 21.36 297.875150   8.597827 26.547
 20     9.185 52919.08578710 21.89 297.874420   8.601127 26.547
 21    14.842 52954.08574711 24.33 297.880644   8.586629 24.342
 21     7.205 52954.08574775 22.79 297.879904   8.589939 24.342
 21     6.227 52954.08574840 21.28 297.879164   8.593239 24.342
 21     6.574 52954.08574904 21.85 297.878424   8.596549 24.342
 21     7.295 52954.08574969 20.21 297.877694   8.599849 24.342
 21     7.890 52954.08575033 20.75 297.876954   8.603159 24.342
 22     5.652 52989.08575470 25.12 297.885673   8.586666 23.507
 22     5.676 52989.08575535 18.19 297.884943   8.589966 23.507
 22     5.924 52989.08575599 18.49 297.884203   8.593276 23.507
 22     6.180 52989.08575664 19.92 297.883463   8.596576 23.507
 22     6.163 52989.08575728 20.59 297.882723   8.599886 23.507
 22     6.715 52989.08575793 19.21 297.881993   8.603186 23.507
 22     6.651 52989.08575857 24.04 297.881253   8.606496 23.507
 23     6.738 53024.08574010 15.79 297.883773   8.585977 22.160
 23     5.135 53024.08574074 17.58 297.883043   8.589277 22.160
 23     4.771 53024.08574139 18.67 297.882303   8.592587 22.160
 23     5.112 53024.08574203 27.71 297.881563   8.595887 22.160
 23     6.937 53024.08574268 35.71 297.880833   8.599197 22.160
 23     7.825 53024.08574332 19.90 297.880093   8.602497 22.160
 23     5.826 53024.08574396 16.74 297.879353   8.605797 22.160
 24     4.894 53059.08573685 15.23 297.884472   8.586828 23.257
 24     4.900 53059.08573750 14.98 297.883742   8.590138 23.257
 24     4.658 53059.08573814 18.96 297.883002   8.593438 23.257
 24     4.480 53059.08573879 25.50 297.882262   8.596748 23.257
 24     8.020 53059.08573943 29.43 297.881522   8.600048 23.257
 24     7.439 53059.08574008 33.60 297.880792   8.603358 23.257
 24     2.609 53059.08574072 23.99 297.880052   8.606658 23.257
 25     5.299 53094.08577430 12.10 297.870530   8.583968 10.737
 25     4.407 53094.08577494 14.19 297.869790   8.587278 10.737
 25     5.490 53094.08577559 13.31 297.869050   8.590578 10.737
 25     5.168 53094.08577623 13.85 297.868310   8.593888 10.737
 25     5.843 53094.08577688 13.84 297.867580   8.597188 10.737
 26     8.929 53129.08574635 17.70 297.880937   8.586190 12.263
 26     7.900 53129.08574699 12.86 297.880207   8.589490 12.263
 26     5.160 53129.08574763 14.66 297.879467   8.592790 12.263
 26     5.428 53129.08574828 19.16 297.878727   8.596100 12.263
 26     7.435 53129.08574892 15.29 297.877987   8.599400 12.263
 26     5.208 53129.08574957 14.29 297.877257   8.602710 12.263
 28     8.213 53199.08581494 36.94 297.876891   8.584226 26.609
 28    12.711 53199.08581558 23.76 297.876151   8.587536 26.609
 28     7.919 53199.08581622 21.83 297.875411   8.590836 26.609
 28     8.236 53199.08581687 20.17 297.874671   8.594146 26.609
 28     9.197 53199.08581751 20.87 297.873941   8.597446 26.609
 28     9.070 53199.08581816 21.68 297.873201   8.600756 26.609
 29     9.716 53234.08578508 30.19 297.885511   8.586038 29.257
 29    12.351 53234.08578573 23.46 297.884771   8.589348 29.257
 29    10.041 53234.08578637 22.24 297.884031   8.592648 29.257
 29    10.453 53234.08578702 25.34 297.883301   8.595948 29.257
 29     9.877 53234.08578766 26.62 297.882561   8.599258 29.257
 29     9.765 53234.08578831 23.38 297.881821   8.602558 29.257
 29    10.164 53234.08578895 24.61 297.881081   8.605868 29.257
 30    15.082 53269.08575260 43.57 297.876850   8.587007 29.947
 30    14.938 53269.08575325 39.99 297.876110   8.590307 29.947
 30    10.212 53269.08575389 41.59 297.875370   8.593617 29.947
 30    10.070 53269.08575453 37.45 297.874640   8.596917 29.947
 30     9.178 53269.08575518 32.28 297.873900   8.600227 29.947
 30     9.533 53269.08575582 31.24 297.873160   8.603527 29.947
 32    12.480 53339.08578143 33.04 297.876487   8.584251 19.810
 32    11.273 53339.08578207 23.01 297.875747   8.587561 19.810
 32     5.687 53339.08578272 19.37 297.875017   8.590861 19.810
 32     5.741 53339.08578336 19.45 297.874277   8.594171 19.810
 32     6.483 53339.08578401 18.19 297.873537   8.597471 19.810
 32     6.823 53339.08578465 19.16 297.872797   8.600781 19.810
 33    11.919 53374.08571369 24.60 297.880286   8.585410 19.309
 33     5.179 53374.08571433 15.39 297.879546   8.588710 19.309
 33     4.429 53374.08571498 15.78 297.878806   8.592020 19.309
 33     4.806 53374.08571562 15.94 297.878066   8.595320 19.309
 33     5.078 53374.08571627 16.98 297.877336   8.598630 19.309
 33     6.257 53374.08571691 16.23 297.876596   8.601930 19.309
 33     7.393 53374.08571756 18.63 297.875856   8.605240 19.309
 35    11.151 53444.08573893 16.68 297.878006   8.585400 19.369
 35     9.296 53444.08573958 16.63 297.877266   8.588700 19.369
 35     4.760 53444.08574022 16.97 297.876526   8.592000 19.369
 35     4.099 53444.08574087 22.23 297.875796   8.595310 19.369
 35     7.601 53444.08574151 24.35 297.875056   8.598610 19.369
 35     6.473 53444.08574216 19.96 297.874316   8.601920 19.369
 36     3.529 53479.08581608 19.02 297.870653   8.582959  8.703
 36     2.492 53479.08581673 21.11 297.869913   8.586269  8.703
 36     4.467 53479.08581737 18.21 297.869173   8.589569  8.703
 36     2.934 53479.08581802 17.56 297.868443   8.592879  8.703
 36     2.583 53479.08581866 17.93 297.867703   8.596179  8.703
 37     6.673 53514.08582526 15.93 297.875950   8.586207 13.668
 37     5.949 53514.08582591 16.30 297.875220   8.589507 13.668
 37     4.736 53514.08582655 16.41 297.874480   8.592817 13.668
 37     5.655 53514.08582719 14.10 297.873740   8.596117 13.668
 37     5.051 53514.08582784 14.39 297.873000   8.599427 13.668
 37     6.620 53514.08582848 14.93 297.872270   8.602727 13.668
 38    14.163 53549.08584377 32.32 297.871597   8.584664 24.652
 38     7.150 53549.08584441 30.78 297.870857   8.587974 24.652
 38     8.308 53549.08584506 22.82 297.870117   8.591274 24.652
 38     8.224 53549.08584570 21.33 297.869377   8.594584 24.652
 38     8.982 53549.08584634 19.24 297.868647   8.597884 24.652
 39    15.058 53584.08580737 38.27 297.878092   8.585776 26.384
 39     8.178 53584.08580801 22.52 297.877352   8.589076 26.384
 39     7.566 53584.08580866 21.62 297.876612   8.592386 26.384
 39     7.753 53584.08580930 20.57 297.875882   8.595686 26.384
 39     8.428 53584.08580995 20.54 297.875142   8.598996 26.384
 39     9.019 53584.08581059 20.46 297.874402   8.602296 26.384
 40     8.296 53619.08576403 36.71 297.874661   8.585669 28.430
 40     9.045 53619.08576467 29.19 297.873921   8.588979 28.430
 40     9.157 53619.08576532 24.87 297.873181   8.592279 28.430
 40     8.828 53619.08576596 23.63 297.872451   8.595589 28.430
 40     9.144 53619.08576661 23.01 297.871711   8.598889 28.430
 41    14.504 53654.08578816 39.82 297.875762   8.584199 30.093
 41    14.555 53654.08578881 42.30 297.875022   8.587499 30.093
 41     8.464 53654.08578945 44.96 297.874282   8.590799 30.093
 41     8.228 53654.08579010 44.38 297.873542   8.594109 30.093
 41     7.903 53654.08579074 45.55 297.872812   8.597409 30.093
 41     7.576 53654.08579139 47.66 297.872072   8.600719 30.093
 42     5.266 53689.08578506 24.55 297.873700   8.585638 24.231
 42     5.485 53689.08578570 25.05 297.872960   8.588948 24.231
 42     4.692 53689.08578635 23.15 297.872230   8.592248 24.231
 42     5.225 53689.08578699 22.07 297.871490   8.595558 24.231
 42     5.622 53689.08578764 21.23 297.870750   8.598858 24.231
 43     5.445 53724.08570988 22.82 297.879832   8.587297 26.629
 43     4.793 53724.08571053 21.47 297.879092   8.590607 26.629
 43     3.899 53724.08571117 22.65 297.878352   8.593907 26.629
 43     4.044 53724.08571182 21.95 297.877622   8.597217 26.629
 43     3.977 53724.08571246 22.27 297.876882   8.600517 26.629
 43     6.679 53724.08571310 20.60 297.876142   8.603827 26.629
 44     9.712 53759.08565006 25.70 297.883401   8.585364 22.764
 44     5.226 53759.08565071 18.24 297.882661   8.588674 22.764
 44     4.875 53759.08565135 17.77 297.881921   8.591974 22.764
 44     5.736 53759.08565200 21.06 297.881181   8.595284 22.764
 44     3.833 53759.08565264 33.11 297.880451   8.598584 22.764
 44     7.676 53759.08565329 27.10 297.879711   8.601894 22.764
 44     7.476 53759.08565393 19.18 297.878971   8.605194 22.764
 45    10.804 53794.08567049 22.09 297.880618   8.586851 22.647
 45     4.296 53794.08567113 16.40 297.879888   8.590151 22.647
 45     4.351 53794.08567178 15.91 297.879148   8.593461 22.647
 45     4.428 53794.08567242 19.23 297.878408   8.596761 22.647
 45     5.292 53794.08567307 16.78 297.877668   8.600071 22.647
 45     6.849 53794.08567371 15.46 297.876938   8.603371 22.647
 46     4.127 53829.08564445 20.23 297.879293   8.586499 18.400
 46     3.374 53829.08564509 16.71 297.878563   8.589809 18.400
 46     3.746 53829.08564574 17.72 297.877823   8.593109 18.400
 46     4.163 53829.08564638 21.49 297.877083   8.596419 18.400
 46     3.322 53829.08564703 25.46 297.876343   8.599719 18.400
 46     5.984 53829.08564767 19.74 297.875603   8.603029 18.400
 47     5.575 53864.08572516 14.47 297.873349   8.584675 11.721
 47     5.347 53864.08572580 13.69 297.872614   8.587990 14.244
 47     4.238 53864.08572645 15.04 297.871874   8.591290 14.244
 47     4.072 53864.08572709 14.15 297.871134   8.594590 14.244
 47     6.234 53864.08572774 11.97 297.870404   8.597900 14.244
 48    13.337 53899.08575028 29.53 297.876015   8.586533 14.698
 48     6.589 53899.08575092 21.11 297.875275   8.589833 14.698
 48     6.078 53899.08575157 19.87 297.874535   8.593143 14.698
 48     5.782 53899.08575221 18.51 297.873805   8.596443 14.698
 48     6.474 53899.08575286 18.35 297.873065   8.599753 14.698
 49    10.359 53934.08579415 33.42 297.867622   8.580533 11.560
 49    12.099 53934.08579480 29.93 297.866882   8.583843 11.560
 49    10.387 53934.08579544 30.80 297.866151   8.587149 37.689
 49     9.408 53934.08579609 29.28 297.865411   8.590449 37.689
 50    12.432 53969.08576520 41.65 297.872151   8.582952 18.424
 50    11.216 53969.08576585 42.30 297.871411   8.586252 18.424
 50    11.086 53969.08576649 39.55 297.870681   8.589552 18.424
 50    10.497 53969.08576714 35.57 297.869942   8.592868 38.618
 50    10.496 53969.08576778 34.06 297.869202   8.596168 38.618
 51    13.130 54004.08573787 35.10 297.878148   8.585686 25.812
 51     9.776 54004.08573851 27.71 297.877408   8.588986 25.812
 51     8.762 54004.08573916 26.26 297.876678   8.592296 25.812
 51     8.002 54004.08573980 27.03 297.875938   8.595596 25.812
 51     8.162 54004.08574045 26.36 297.875198   8.598906 25.812
 51     8.913 54004.08574109 26.12 297.874458   8.602206 25.812
 52     7.072 54039.08577097 29.24 297.879577   8.584858 16.103
 52     7.876 54039.08577162 19.62 297.878837   8.588158 16.103
 52     6.435 54039.08577226 19.11 297.878102   8.591464 26.152
 52     6.007 54039.08577291 19.47 297.877362   8.594774 26.152
 52     6.590 54039.08577355 18.65 297.876622   8.598074 26.152
 52     7.480 54039.08577420 18.74 297.875892   8.601384 26.152
 52     8.535 54039.08577484 27.89 297.875152   8.604684 26.152
 53     6.786 54074.08576522 17.72 297.878121   8.585499 14.363
 53     6.118 54074.08576587 17.84 297.877381   8.588799 14.363
 53     5.145 54074.08576651 19.01 297.876651   8.592114 23.283
 53     5.365 54074.08576716 18.02 297.875911   8.595414 23.283
 53     6.380 54074.08576780 16.34 297.875171   8.598724 23.283
 53     6.657 54074.08576845 16.94 297.874431   8.602024 23.283
 54     9.140 54109.08571138 18.48 297.876693   8.585973 12.931
 54     4.082 54109.08571203 17.21 297.875953   8.589283 12.931
 54     4.410 54109.08571267 16.19 297.875223   8.592583 12.931
 54     5.013 54109.08571332 16.45 297.874480   8.595898 19.154
 54     5.957 54109.08571396 16.13 297.873750   8.599198 19.154
 54     7.359 54109.08571461 16.50 297.873010   8.602508 19.154
 55     4.827 54144.08570332 17.99 297.875690   8.586588 19.901
 55     4.041 54144.08570396 15.90 297.874950   8.589898 19.901
 55     4.046 54144.08570460 18.21 297.874210   8.593198 19.901
 55     3.995 54144.08570525 18.99 297.873480   8.596508 19.901
 55     5.860 54144.08570589 17.84 297.872740   8.599808 19.901
 56    13.021 54179.08569538 34.14 297.877035   8.584042 18.291
 56    10.873 54179.08569603 16.68 297.876295   8.587352 18.291
 56     3.457 54179.08569667 15.08 297.875565   8.590652 18.291
 56     3.675 54179.08569732 16.64 297.874825   8.593962 18.291
 56     3.800 54179.08569796 19.00 297.874085   8.597262 18.291
 56     7.325 54179.08569860 17.42 297.873345   8.600572 18.291
 57     2.820 54214.08571165 19.41 297.873838   8.591472 13.948
 57     3.347 54214.08571230 14.26 297.873098   8.594782 13.948
 57     4.029 54214.08571294 14.03 297.872368   8.598082 13.948
 57     4.790 54214.08571359 15.07 297.871628   8.601392 13.948
 58     6.709 54249.08573897 22.70 297.875550   8.585613 17.868
 58     5.179 54249.08573962 20.82 297.874810   8.588913 17.868
 58     5.074 54249.08574026 19.59 297.874070   8.592223 17.868
 58     3.738 54249.08574155 18.24 297.872600   8.598833 17.868
 58     4.447 54249.08574220 17.55 297.871860   8.602133 17.868
 59     7.515 54284.08574690 25.06 297.877459   8.585985 23.089
 59     7.378 54284.08574755 19.94 297.876719   8.589295 23.089
 59     6.984 54284.08574819 18.64 297.875979   8.592595 23.089
 59     6.455 54284.08574883 18.92 297.875239   8.595905 23.089
 59     6.842 54284.08574948 19.59 297.874509   8.599205 23.089
 59     7.342 54284.08575012 20.84 297.873769   8.602515 23.089
 60    11.295 54319.08574405 42.09 297.878389   8.585735 32.187
 60    10.586 54319.08574470 43.03 297.877659   8.589035 32.187
 60    10.349 54319.08574534 43.60 297.876919   8.592345 32.187
 60    10.116 54319.08574599 44.78 297.876179   8.595645 32.187
 60     9.983 54319.08574663 47.67 297.875439   8.598955 32.187
 60     9.880 54319.08574728 44.72 297.874709   8.602255 32.187
 61     9.854 54354.08570790 32.74 297.878185   8.586165 23.318
 61    13.394 54354.08570855 24.80 297.877455   8.589465 23.318
 61     9.159 54354.08570919 25.55 297.876715   8.592775 23.318
 61     9.205 54354.08570984 24.24 297.875975   8.596075 23.318
 61     9.367 54354.08571048 24.18 297.875235   8.599385 23.318
 61    10.016 54354.08571113 25.67 297.874505   8.602685 23.318
 62    14.898 54389.08568448 24.98 297.877346   8.587179 26.512
 62     7.558 54389.08568512 21.62 297.876616   8.590489 26.512
 62     7.961 54389.08568577 21.04 297.875876   8.593789 26.512
 62     8.087 54389.08568641 21.84 297.875136   8.597099 26.512
 62     8.871 54389.08568706 21.75 297.874396   8.600399 26.512
 62     8.689 54389.08568770 25.60 297.873666   8.603709 26.512
 63     9.920 54424.08565728 36.74 297.877457   8.584744 23.326
 63     8.944 54424.08565792 32.48 297.876717   8.588044 23.326
 63     9.224 54424.08565857 27.49 297.875977   8.591344 23.326
 63     9.263 54424.08565921 25.01 297.875237   8.594654 23.326
 63     8.503 54424.08565986 25.24 297.874507   8.597954 23.326
 63     9.070 54424.08566050 22.68 297.873767   8.601264 23.326
 64    10.826 54459.08565936 36.09 297.877185   8.585711 29.627
 64     6.242 54459.08566000 22.36 297.876455   8.589011 29.627
 64     4.254 54459.08566065 21.79 297.875715   8.592311 29.627
 64     4.851 54459.08566129 20.87 297.874975   8.595621 29.627
 64     5.230 54459.08566194 20.29 297.874235   8.598921 29.627
 64     7.000 54459.08566258 21.18 297.873495   8.602231 29.627
 65     5.927 54494.08566209 21.46 297.878055   8.586604 25.088
 65     3.710 54494.08566273 21.88 297.877325   8.589904 25.088
 65     3.896 54494.08566337 20.04 297.876585   8.593214 25.088
 65     4.066 54494.08566402 21.22 297.875845   8.596514 25.088
 65     4.631 54494.08566466 22.17 297.875105   8.599824 25.088
 65     6.958 54494.08566531 19.16 297.874375   8.603124 25.088
 66     4.520 54529.08567224 18.71 297.878232   8.586972 21.367
 66     4.124 54529.08567289 17.59 297.877492   8.590282 21.367
 66     3.942 54529.08567353 17.14 297.876762   8.593582 21.367
 66     3.988 54529.08567418 21.86 297.876022   8.596892 21.367
 66     4.451 54529.08567482 20.88 297.875282   8.600192 21.367
 66     6.117 54529.08567547 19.47 297.874542   8.603502 21.367
 67     9.891 54564.08566881 22.25 297.877654   8.584178 20.059
 67     4.549 54564.08566945 17.58 297.876924   8.587488 20.059
 67     4.027 54564.08567010 15.15 297.876184   8.590788 20.059
 67     3.758 54564.08567074 18.27 297.875444   8.594098 20.059
 67     4.500 54564.08567139 19.51 297.874714   8.597398 20.059
 67     4.226 54564.08567203 19.48 297.873974   8.600708 20.059
 67     7.255 54564.08567267 17.47 297.873234   8.604008 20.059
 68     9.800 54599.08566826 21.31 297.876312   8.585922 16.099
 68     3.883 54599.08566891 17.32 297.875582   8.589232 16.099
 68     3.900 54599.08566955 17.01 297.874842   8.592532 16.099
 68     4.321 54599.08567020 15.58 297.874102   8.595842 16.099
 68     4.717 54599.08567084 15.37 297.873362   8.599142 16.099
 68     6.619 54599.08567149 15.46 297.872622   8.602452 16.099
 69    12.200 54634.08568042 32.84 297.875588   8.584482 20.042
 69     6.414 54634.08568106 28.67 297.874848   8.587782 20.042
 69     7.948 54634.08568171 23.39 297.874108   8.591092 20.042
 69     5.014 54634.08568235 23.42 297.873378   8.594392 20.042
 69     5.181 54634.08568300 23.14 297.872638   8.597702 20.042
 69     4.974 54634.08568364 19.82 297.871898   8.601002 20.042
 70    11.829 54669.08568528 28.44 297.875864   8.584818 24.698
 70     8.136 54669.08568593 22.73 297.875124   8.588118 24.698
 70     7.532 54669.08568657 21.85 297.874384   8.591428 24.698
 70     7.781 54669.08568721 20.73 297.873654   8.594728 24.698
 70     7.809 54669.08568786 20.21 297.872914   8.598038 24.698
 70     8.341 54669.08568850 21.59 297.872174   8.601338 24.698
 71    10.022 54704.08564960 32.68 297.878690   8.585781 26.889
 71     9.721 54704.08565025 32.70 297.877960   8.589091 26.889
 71    10.067 54704.08565089 31.60 297.877220   8.592391 26.889
 71    10.095 54704.08565154 32.41 297.876480   8.595701 26.889
 71     9.321 54704.08565218 32.32 297.875750   8.599001 26.889
 71     9.864 54704.08565283 29.16 297.875010   8.602311 26.889
 72    15.470 54739.08564784 32.32 297.876572   8.585648 23.626
 72     8.223 54739.08564849 20.48 297.875832   8.588958 23.626
 72     7.026 54739.08564913 21.44 297.875102   8.592258 23.626
 72     8.384 54739.08564978 20.52 297.874362   8.595568 23.626
 72     8.774 54739.08565042 20.85 297.873622   8.598868 23.626
 72     9.749 54739.08565107 23.67 297.872882   8.602178 23.626
 73    12.948 54774.08563015 29.17 297.878608   8.585779 23.369
 73    10.228 54774.08563079 23.77 297.877868   8.589089 23.369
 73     6.886 54774.08563144 21.93 297.877128   8.592389 23.369
 73     6.297 54774.08563208 20.74 297.876388   8.595699 23.369
 73     6.306 54774.08563272 19.69 297.875658   8.598999 23.369
 73     7.269 54774.08563337 19.34 297.874918   8.602309 23.369
 74     7.080 54809.08564054 36.33 297.876121   8.583729 22.323
 74     6.904 54809.08564118 27.98 297.875381   8.587029 22.323
 74     6.719 54809.08564183 23.19 297.874651   8.590339 22.323
 74     6.747 54809.08564247 21.46 297.873911   8.593639 22.323
 74     6.067 54809.08564312 20.00 297.873171   8.596949 22.323
 74     6.242 54809.08564376 20.54 297.872431   8.600249 22.323
 75    14.262 54844.08562882 25.86 297.877186   8.586144 20.511
 75     6.183 54844.08562946 15.33 297.876446   8.589444 20.511
 75     5.740 54844.08563011 15.26 297.875706   8.592754 20.511
 75     6.145 54844.08563075 15.19 297.874976   8.596054 20.511
 75     6.668 54844.08563140 15.85 297.874236   8.599364 20.511
 75     7.618 54844.08563204 16.78 297.873496   8.602664 20.511
 76     4.783 54879.08564411 23.33 297.875402   8.584626 17.491
 76     4.350 54879.08564475 19.65 297.874662   8.587936 17.491
 76     5.154 54879.08564540 18.32 297.873932   8.591236 17.491
 76     5.230 54879.08564604 18.43 297.873192   8.594546 17.491
 76     5.473 54879.08564668 17.98 297.872452   8.597846 17.491
 76     5.853 54879.08564733 18.95 297.871712   8.601156 17.491
 77     4.812 54914.08563239 17.91 297.875669   8.586029 18.294
 77     4.862 54914.08563303 16.85 297.874939   8.589339 18.294
 77     4.792 54914.08563368 16.17 297.874199   8.592639 18.294
 77     3.704 54914.08563432 17.85 297.873459   8.595949 18.294
 77     5.976 54914.08563496 15.92 297.872729   8.599249 18.294
 77     7.191 54914.08563561 19.23 297.871989   8.602559 18.294
 78     5.562 54949.08563711 14.90 297.874581   8.586514 15.202
 78     4.344 54949.08563776 15.53 297.873841   8.589814 15.202
 78     4.278 54949.08563840 15.05 297.873101   8.593124 15.202
 78     4.528 54949.08563905 15.38 297.872371   8.596424 15.202
 78     5.656 54949.08563969 15.33 297.871631   8.599734 15.202
 79    10.473 54984.08566203 21.65 297.874856   8.584644 16.618
 79     3.968 54984.08566268 20.07 297.874116   8.587954 16.618
 79     3.844 54984.08566332 19.80 297.873386   8.591254 16.618
 79     3.341 54984.08566397 18.75 297.872646   8.594564 16.618
 79     3.358 54984.08566461 17.99 297.871906   8.597864 16.618
 79     4.008 54984.08566526 16.74 297.871166   8.601174 16.618
 80    12.371 55019.08565832 41.85 297.877418   8.586669 23.976
 80     7.373 55019.08565896 40.68 297.876678   8.589969 23.976
 80     7.169 55019.08565961 41.45 297.875938   8.593279 23.976
 80     7.578 55019.08566025 40.47 297.875208   8.596579 23.976
 80     7.009 55019.08566090 41.20 297.874468   8.599889 23.976
 80     7.588 55019.08566154 42.94 297.873728   8.603189 23.976
 81    13.816 55054.08565439 39.54 297.878011   8.585567 33.217
 81     8.739 55054.08565504 42.46 297.877271   8.588867 33.217
 81     9.001 55054.08565568 43.99 297.876531   8.592177 33.217
 81     8.864 55054.08565632 44.84 297.875801   8.595477 33.217
 81     9.097 55054.08565697 46.45 297.875061   8.598787 33.217
 81     9.138 55054.08565761 46.74 297.874321   8.602087 33.217
 82    12.668 55089.08561522 33.12 297.876893   8.584850 26.490
 82     7.915 55089.08561586 24.16 297.876163   8.588160 26.490
 82     7.448 55089.08561651 23.10 297.875423   8.591460 26.490
 82     7.652 55089.08561715 21.52 297.874683   8.594770 26.490
 82     7.606 55089.08561780 22.07 297.873953   8.598070 26.490
 82     9.635 55089.08561844 21.76 297.873213   8.601380 26.490
 83    14.503 55124.08559121 22.50 297.877404   8.586812 22.113
 83     6.440 55124.08559185 22.01 297.876674   8.590122 22.113
 83     5.612 55124.08559250 20.06 297.875934   8.593422 22.113
 83     6.206 55124.08559314 19.90 297.875194   8.596732 22.113
 83     7.231 55124.08559379 20.03 297.874454   8.600032 22.113
 83     7.339 55124.08559443 21.12 297.873714   8.603342 22.113
 84     6.619 55159.08557605 20.01 297.876054   8.587156 17.960
 84     4.181 55159.08557670 19.80 297.875314   8.590456 17.960
 84     3.907 55159.08557734 19.14 297.874574   8.593756 17.960
 84     4.895 55159.08557798 19.28 297.873834   8.597066 17.960
 84     5.960 55159.08557863 20.26 297.873104   8.600366 17.960
 85     9.906 55194.08558149 19.56 297.875674   8.586429 14.889
 85     3.855 55194.08558214 17.60 297.874944   8.589739 14.889
 85     4.518 55194.08558278 16.62 297.874204   8.593039 14.889
 85     4.828 55194.08558343 17.35 297.873464   8.596349 14.889
 85     5.329 55194.08558407 18.09 297.872724   8.599649 14.889
 87     3.909 55264.08557583 19.50 297.877760   8.584356 18.392
 87     3.519 55264.08557647 16.44 297.877020   8.587656 18.392
 87     2.772 55264.08557712 17.28 297.876280   8.590966 18.392
 87     3.576 55264.08557776 18.07 297.875550   8.594266 18.392
 87     3.554 55264.08557841 23.63 297.874810   8.597576 18.392
 87     4.708 55264.08557905 21.16 297.874070   8.600876 18.392
 88     3.747 55299.08556125 17.46 297.877881   8.585730 15.949
 88     3.169 55299.08556189 14.72 297.877141   8.589040 15.949
 88     3.441 55299.08556254 16.39 297.876401   8.592340 15.949
 88     3.797 55299.08556318 18.55 297.875661   8.595650 15.949
 88     3.757 55299.08556383 20.00 297.874931   8.598950 15.949
 88     3.230 55299.08556447 18.65 297.874191   8.602260 15.949
 89    11.614 55334.08555441 29.44 297.876070   8.583880 16.873
 89     9.533 55334.08555505 21.91 297.875330   8.587180 16.873
 89     5.300 55334.08555569 19.97 297.874590   8.590490 16.873
 89     4.973 55334.08555634 16.75 297.873860   8.593790 16.873
 89     3.921 55334.08555698 17.12 297.873120   8.597100 16.873
 89     4.741 55334.08555763 15.50 297.872380   8.600400 16.873
 90    13.386 55369.08554558 22.17 297.877550   8.586079 24.115
 90     7.296 55369.08554623 19.30 297.876810   8.589379 24.115
 90     6.201 55369.08554687 20.43 297.876070   8.592689 24.115
 90     6.816 55369.08554752 19.53 297.875340   8.595989 24.115
 90     7.727 55369.08554816 19.09 297.874600   8.599299 24.115
 90     8.122 55369.08554881 21.83 297.873860   8.602599 24.115
 91    14.692 55404.08556201 38.54 297.877241   8.584898 26.870
 91     9.587 55404.08556265 30.16 297.876501   8.588198 26.870
 91     9.530 55404.08556329 28.67 297.875771   8.591508 26.870
 91     8.685 55404.08556394 27.99 297.875031   8.594808 26.870
 91     8.763 55404.08556458 26.02 297.874291   8.598118 26.870
 91     9.188 55404.08556523 26.13 297.873551   8.601418 26.870
 92    16.174 55439.08556408 30.32 297.878315   8.585929 25.276
 92     9.246 55439.08556472 28.05 297.877575   8.589229 25.276
 92     9.289 55439.08556537 25.99 297.876835   8.592539 25.276
 92     9.136 55439.08556601 24.59 297.876105   8.595839 25.276
 92     9.365 55439.08556666 23.45 297.875365   8.599149 25.276
 92     9.897 55439.08556730 25.46 297.874625   8.602449 25.276
 93    13.328 55474.08551038 34.86 297.878576   8.585408 27.297
 93     9.167 55474.08551102 25.62 297.877836   8.588708 27.297
 93     8.436 55474.08551167 23.93 297.877106   8.592018 27.297
 93     7.654 55474.08551231 22.74 297.876366   8.595318 27.297
 93     8.618 55474.08551296 22.88 297.875626   8.598628 27.297
 93     8.936 55474.08551360 25.07 297.874896   8.601928 27.297
