-257286.972    61.867     0.00    3.17
-256910.782    61.350    -1.38    2.88
-256534.589    61.598     0.66    4.29
-256158.395    62.187     1.57    4.54
-255782.198    64.213     5.38    6.13
-255406.000    64.993     2.07    6.40
-255029.800    63.977    -2.70    6.30
-254653.597    62.700    -3.39    6.20
-254277.393    61.957    -1.98    7.30
-253901.187    61.512    -1.18    5.76
-253524.978    61.845     0.89    5.24
-253148.768    61.987     0.38    4.43
-252772.555    64.160     5.78    8.14
-252396.341    66.777     6.96   14.50
-252020.124    66.809     0.08   13.72
-251643.906    65.431    -3.66    6.74
-251267.685    66.566     3.02    5.83
-250891.462    67.702     3.02    4.81
-250515.238    69.828     5.65    3.04
-250139.011    68.987    -2.24    5.14
-249762.782    68.214    -2.05    5.91
-249386.552    66.762    -3.86    6.89
-249010.319    64.266    -6.63    7.97
-248634.084    64.444     0.47    7.97
-248257.847    66.372     5.12    7.95
-247881.608    68.845     6.57    7.42
-247505.367    70.660     4.82    4.89
-247129.124    69.793    -2.30    4.19
-246752.879    67.111    -7.13    4.38
-246376.632    63.687    -9.10    4.32
-246000.383    60.675    -8.01    5.26
-245624.132    57.931    -7.29    5.09
-245247.879    56.377    -4.13    3.54
-244871.623    55.944    -1.15    1.86
-244495.366    56.404     1.22    2.02
-244119.106    56.854     1.20    2.40
-243742.845    57.008     0.41    2.46
-243366.581    57.674     1.77    2.50
-242990.316    57.462    -0.56    2.41
-242614.048    57.845     1.02    2.30
-242237.778    58.793     2.52    2.49
-241861.506    60.079     3.42    4.14
-241485.232    62.034     5.19    5.48
-241108.956    63.135     2.93    5.82
-240732.678    64.160     2.72    6.01
-240356.398    64.393     0.62    5.54
-239980.116    64.604     0.56    5.33
-239603.832    64.341    -0.70    4.52
-239227.545    63.521    -2.18    4.17
-238851.257    63.570     0.13    4.31
-238474.966    64.593     2.72    4.79
-238098.674    65.971     3.66    5.37
-237722.379    68.025     5.46    5.33
-237346.082    69.812     4.75    4.76
-236969.783    70.917     2.94    4.13
-236593.482    70.316    -1.60    4.20
-236217.179    69.316    -2.66    4.24
-235840.874    69.187    -0.34    4.54
-235464.566    69.106    -0.22    5.24
-235088.257    69.418     0.83    6.19
-234711.945    69.556     0.37    6.04
-234335.632    69.882     0.87    5.85
-233959.316    71.034     3.06    4.61
-233582.998    73.382     6.24    7.54
-233206.678    78.793    14.38   11.34
-232830.356    85.828    18.70   12.12
-232454.032    95.125    24.70   12.96
-232077.706    97.503     6.32   12.43
-231701.377    99.135     4.34   12.81
-231325.047    99.674     1.43   13.06
-230948.714   108.187    22.62   27.06
-230572.379   115.620    19.75   26.94
-230196.042   118.085     6.55   25.46
-229819.703   122.880    12.74   25.66
-229443.362   126.854    10.56   30.14
-229067.019   134.701    20.85   37.48
-228690.779   151.341    44.23   38.88
-228314.860   149.700    -4.37   37.65
-227938.939   147.132    -6.83   38.57
-227563.016   141.266   -15.60   36.01
-227187.091   134.836   -17.10   37.50
-226811.164   136.944     5.61   39.14
-226435.234   131.187   -15.31   36.60
-226059.303   123.937   -19.28   34.93
-225683.369   109.393   -38.69   27.44
-225307.433   106.854    -6.75   26.08
-224931.495   107.243     1.03   27.01
-224555.555   105.239    -5.33   24.85
-224179.613   105.971     1.95   25.16
-223803.668   102.752    -8.56   20.68
-223427.722   100.372    -6.33   21.92
-223051.773   102.108     4.62   20.90
-222675.822   100.161    -5.18   12.51
-222299.869   100.726     1.50   12.38
-221923.914    97.187    -9.41    9.64
-221547.956    95.882    -3.47    9.80
-221171.997    96.890     2.68   10.04
-220796.035    95.701    -3.16   13.48
-220420.071    91.350   -11.57    9.42
-220044.105    88.079    -8.70    9.42
-219668.137    86.482    -4.25    8.85
-219292.167    87.212     1.94    7.02
-218916.194    90.059     7.57    7.92
-218540.219    91.382     3.52    7.53
-218164.243    89.649    -4.61    7.38
-217788.264    86.404    -8.63    6.88
-217412.282    84.108    -6.10    7.26
-217036.299    84.319     0.56    8.90
-216660.313    88.162    10.22    8.64
-216284.325    92.593    11.78   10.68
-215908.336    98.398    15.44    8.74
-215532.343   106.137    20.58   10.13
-215156.349   109.073     7.81   11.07
-214780.353   116.728    20.36   18.47
-214404.354   119.133     6.40   18.73
-214028.353   125.701    17.47   21.88
-213652.350   142.241    43.99   22.30
-213276.344   152.771    28.00   27.84
-212900.337   171.612    50.11   27.13
-212524.327   191.495    52.88   25.91
-212148.315   213.377    58.19   37.13
-211772.301   254.931   110.51   62.01
-211396.285   299.898   119.58   79.07
-211020.266   355.687   148.36   89.61
-210644.246   421.503   175.03   93.95
-210268.223   484.931   168.68  106.43
-209892.198   571.566   230.39  126.72
-209516.170   638.635   178.36  103.77
-209140.141   661.087    59.71   72.97
-208764.109   626.387   -92.28   98.28
-208388.075   561.161  -173.45  105.29
-208012.038   487.782  -195.13   85.53
-207636.000   436.890  -135.33   71.43
-207259.959   414.863   -58.57   59.71
-206883.916   407.771   -18.86   45.67
-206507.871   401.444   -16.82   25.91
-206131.824   408.059    17.59   26.70
-205755.774   432.003    63.67   49.97
-205379.722   500.828   183.01  101.96
-205003.668   572.854   191.52  119.74
-204627.612   653.367   214.09  111.62
-204251.553   736.160   220.15  100.45
-203875.493   820.085   223.16  118.00
-203499.430   909.215   237.00  116.00
-203123.364   984.503   200.19   89.52
-202747.297  1034.546   133.07   74.89
-202371.227  1085.570   135.67   93.69
-201995.155  1121.931    96.68   99.76
-201619.081  1170.025   127.88   90.64
-201243.004  1196.160    69.49   69.80
-200866.925  1219.052    60.87   50.16
-200490.844  1230.521    30.49   41.54
-200114.761  1258.598    74.65   41.83
-199738.676  1287.919    77.96   42.98
-199362.588  1296.755    23.49   40.16
-198986.498  1291.521   -13.92   35.81
-198610.405  1276.977   -38.67   27.22
-198234.311  1271.905   -13.48   21.04
-197858.214  1275.755    10.24   22.95
-197482.115  1273.572    -5.80   24.37
-197106.013  1279.674    16.22   26.87
-196729.910  1274.377   -14.08   26.70
-196353.804  1258.323   -42.68   26.70
-195977.695  1257.187    -3.02   27.03
-195601.585  1262.880    15.13   28.63
-195225.472  1261.726    -3.07   32.23
-194849.357  1249.326   -32.97   43.15
-194473.240  1234.160   -40.32   42.41
-194097.120  1219.521   -38.92   42.45
-193720.998  1208.898   -28.24   53.13
-193344.874  1183.737   -66.89   84.38
-192968.747  1148.890   -92.64   99.78
-192592.618  1095.803  -141.14   99.95
-192216.487  1057.240  -102.52   99.67
-191840.354  1019.635   -99.98   98.24
-191464.218   986.971   -86.84   96.05
-191088.080   996.912    26.43  104.54
-190711.940  1022.872    69.01  121.51
-190335.797  1069.214   123.20  121.05
-189959.652  1102.674    88.95   74.31
-189583.505  1107.387    12.53   44.02
-189207.356  1077.726   -78.85   70.36
-188831.204  1011.803  -175.25  105.74
-188455.050   963.354  -128.80  113.74
-188078.893   903.323  -159.59   95.66
-187702.735   872.728   -81.33   53.41
-187326.574   873.687     2.55   47.85
-186950.410   884.562    28.91   46.49
-186574.244   896.809    32.56   45.04
-186198.076   914.503    47.04   35.09
-185821.906   926.135    30.92   43.58
-185445.733   949.239    61.42   48.14
-185069.558   996.160   124.73   92.04
-184693.381  1081.487   226.82  158.15
-184317.201  1202.661   322.11  176.67
-183941.019  1290.993   234.80  118.61
-183564.835  1308.512    46.57   77.46
-183188.648  1264.076  -118.12   84.42
-182812.459  1211.700  -139.22   74.13
-182436.268  1134.726  -204.61  102.60
-182060.074  1051.159  -222.13  156.22
-181683.878   900.752  -399.80  185.78
-181307.680   765.458  -359.62  141.16
-180931.479   669.687  -254.56   94.75
-180555.276   629.393  -107.11   50.48
-180179.071   635.056    15.05   57.27
-179802.863   698.931   169.78   99.86
-179426.653   783.977   226.05  121.15
-179050.440   900.162   308.82  155.88
-178674.226  1027.431   338.28  150.84
-178298.008  1126.944   264.50  130.22
-177921.789  1220.880   249.68   99.15
-177545.567  1293.826   193.89   94.61
-177169.343  1369.620   201.45  109.33
-176793.116  1427.647   154.23   89.59
-176416.887  1461.323    89.51   55.44
-176040.656  1462.982     4.41   53.22
-175664.422  1449.959   -34.61   46.67
-175288.186  1434.367   -41.44   40.09
-174911.947  1426.398   -21.18   44.52
-174535.706  1408.049   -48.77   47.63
-174159.463  1388.367   -52.31   40.95
-173783.218  1377.512   -28.85   35.66
-173406.970  1371.239   -16.67   39.06
-173030.719  1362.687   -22.73   65.70
-172654.466  1330.034   -86.78   72.17
-172278.211  1272.296  -153.45   74.90
-171901.954  1182.982  -237.37  117.64
-171525.694  1112.587  -187.09  119.23
-171149.432  1079.687   -87.44  113.97
-170773.167  1117.917   101.60  120.04
-170396.900  1211.755   249.38   90.70
-170020.630  1269.863   154.43   68.10
-169644.358  1310.872   108.98   72.88
-169268.084  1344.702    89.91   59.61
-168891.807  1369.912    67.00   55.15
-168515.528  1363.477   -17.10   56.83
-168139.247  1319.539  -116.77   95.18
-167762.963  1257.111  -165.90  107.79
-167386.677  1188.635  -181.97   81.15
-167010.388  1110.661  -207.21   90.35
-166634.097  1072.372  -101.75   93.84
-166257.803  1062.572   -26.04  103.28
-165881.507  1059.917    -7.06  112.67
-165505.209  1055.240   -12.43  123.48
-165128.908  1032.087   -61.53  118.21
-164752.605  1006.987   -66.70  103.89
-164376.299  1056.593   131.82  127.64
-163999.991  1152.079   253.74  110.90
-163623.681  1231.809   211.87   71.64
-163247.368  1278.539   124.17   51.57
-162871.052  1301.299    60.48   43.87
-162494.735  1320.662    51.45   37.01
-162118.414  1331.714    29.37   34.97
-161742.092  1333.106     3.70   38.62
-161365.767  1308.111   -66.42   55.98
-160989.439  1281.530   -70.63   59.51
-160613.109  1254.598   -71.56   52.58
-160236.777  1237.106   -46.48   37.37
-159860.442  1238.495     3.69   41.19
-159484.105  1226.743   -31.23   50.21
-159107.765  1184.635  -111.89   83.73
-158731.423  1129.085  -147.60   94.67
-158355.078  1092.070   -98.35   70.06
-157978.731  1107.008    39.69   71.32
-157602.382  1158.458   136.70   76.20
-157226.030  1223.133   171.84   68.62
-156849.675  1280.241   151.74   64.85
-156473.318  1323.243   114.25   68.82
-156096.959  1384.444   162.61   74.27
-155720.597  1422.065    99.96   53.98
-155344.233  1435.079    34.58   45.90
-154967.866  1454.262    50.97   36.43
-154591.497  1466.477    32.45   40.57
-154215.125  1471.598    13.61   34.34
-153838.751  1461.266   -27.45   44.75
-153462.645  1436.290   -66.41   52.00
-153086.760  1420.104   -43.06   62.68
-152710.873  1413.898   -16.51   60.64
-152334.984  1408.521   -14.30   58.95
-151959.091  1418.445    26.40   55.60
-151583.197  1400.598   -47.48   49.50
-151207.300  1372.008   -76.06   62.54
-150831.400  1348.299   -63.07   61.43
-150455.498  1340.404   -21.00   56.99
-150079.593  1347.826    19.75   65.33
-149703.686  1359.872    32.04   62.42
-149327.777  1357.285    -6.88   62.94
-148951.865  1335.890   -56.91   57.08
-148575.950  1324.700   -29.77   46.36
-148200.033  1336.266    30.77   56.32
-147824.114  1348.264    31.92   47.95
-147448.192  1366.539    48.61   38.99
-147072.267  1375.537    23.94   29.85
-146696.340  1369.404   -16.32   34.68
-146320.411  1361.809   -20.20   44.56
-145944.479  1335.512   -69.95   54.78
-145568.544  1298.834   -97.56   65.39
-145192.608  1258.675  -106.82   74.09
-144816.668  1213.239  -120.86   82.37
-144440.726  1173.910  -104.61   84.82
-144064.782  1120.836  -141.17   96.20
-143688.835  1070.993  -132.58  102.32
-143312.885   998.766  -192.11  115.44
-142936.933   941.062  -153.48   97.23
-142560.978   924.187   -44.88   94.87
-142185.021   948.752    65.34  114.71
-141809.062   971.951    61.70  111.67
-141433.100   957.398   -38.71   84.35
-141057.135   916.485  -108.82   63.99
-140681.168   892.037   -65.02   56.72
-140305.198   873.890   -48.27   46.63
-139929.226   870.701    -8.48   43.10
-139553.251   864.025   -17.76   36.83
-139177.274   855.587   -22.44   26.25
-138801.294   857.469     5.01   26.10
-138425.312   860.803     8.87   25.53
-138049.327   869.215    22.37   33.11
-137673.340   893.319    64.11   62.02
-137297.350   928.271    92.96   80.77
-136921.357   981.293   141.02   98.77
-136545.362  1040.662   157.90  106.25
-136169.365  1095.377   145.51   98.55
-135793.365  1118.845    62.42   98.08
-135417.362  1099.187   -52.28  119.15
-135041.357  1047.367  -137.82  126.21
-134665.349   998.025  -131.22   87.63
-134289.339   982.087   -42.39   48.48
-133913.326   992.424    27.49   37.48
-133537.310  1020.458    74.55   51.98
-133161.292  1045.106    65.55   58.32
-132785.272  1081.882    97.80   61.79
-132409.249  1118.341    96.96   58.11
-132033.223  1148.034    78.96   48.05
-131657.195  1171.493    62.39   37.10
-131281.164  1185.661    37.68   27.82
-130905.130  1192.160    17.28   21.35
-130529.094  1186.766   -14.34   24.14
-130153.056  1170.587   -43.02   32.19
-129777.015  1148.539   -58.63   39.79
-129400.971  1105.530  -114.37   69.80
-129024.925  1050.924  -145.21   92.50
-128648.876   966.337  -224.93  134.18
-128272.825   858.674  -286.29  132.10
-127896.771   776.362  -218.88  135.39
-127520.714   714.085  -165.60  123.65
-127144.655   700.187   -36.95  155.35
-126768.593   757.485   152.36  174.05
-126392.529   832.106   198.42  146.81
-126016.462   824.957   -19.01  140.58
-125640.392   814.495   -27.82  112.25
-125264.320   791.910   -60.05   99.95
-124888.245   732.239  -158.66  104.83
-124512.168   684.030  -128.19   99.64
-124136.088   621.299  -166.80  101.44
-123760.006   554.444  -177.76   96.12
-123383.920   492.623  -164.38   72.53
-123007.833   422.675  -185.99   71.83
-122631.742   368.845  -143.13   67.22
-122255.649   319.237  -131.90   63.70
-121879.554   268.917  -133.79   45.48
-121503.456   243.287   -68.14   35.18
-121127.355   214.444   -76.69   34.91
-120751.251   190.271   -64.27   27.02
-120375.145   176.917   -35.50   20.27
-119999.037   170.539   -16.96   15.17
-119622.925   178.296    20.62   30.61
-119246.811   186.957    23.03   40.80
-118870.695   185.485    -3.91   38.35
-118494.576   181.752    -9.93   39.12
-118118.454   173.898   -20.88   20.37
-117742.330   170.458    -9.15   12.78
-117366.202   170.854     1.05   13.53
-116990.073   175.546    12.47   14.10
-116613.940   175.398    -0.39   14.66
-116237.806   172.052    -8.89   14.41
-115861.668   170.187    -4.96   13.51
-115485.528   164.782   -14.37   16.22
-115109.385   159.862   -13.08   15.19
-114733.239   161.462     4.25   15.85
-114357.091   162.216     2.00   15.60
-113980.940   171.079    23.56   18.45
-113604.787   178.809    20.55   24.85
-113228.631   197.187    48.86   35.47
-112852.472   223.372    69.61   45.01
-112476.311   243.882    54.52   44.09
-112100.146   264.137    53.85   31.88
-111723.980   272.598    22.49   28.40
-111347.810   271.160    -3.82   25.47
-110971.638   260.418   -28.56   39.10
-110595.464   253.635   -18.03   42.55
-110219.286   248.214   -14.41   33.27
-109843.106   252.771    12.11   32.69
-109466.923   267.444    39.00   26.63
-109090.738   267.539     0.25   29.96
-108714.550   266.726    -2.16   32.07
-108338.359   252.537   -37.72   39.21
-107962.166   234.645   -47.56   43.59
-107585.970   230.755   -10.34   52.06
-107209.771   209.620   -56.18   54.19
-106833.569   184.728   -66.17   43.23
-106457.365   171.458   -35.27   45.08
-106081.158   157.271   -37.71   40.84
-105704.949   148.037   -24.54   32.69
-105328.737   147.649    -1.03   31.62
-104952.522   167.377    52.44   39.50
-104576.304   203.393    95.73   66.43
-104200.084   237.766    91.36   75.97
-103823.861   276.034   101.71   73.40
-103447.635   296.593    54.64   52.27
-103071.407   274.931   -57.58   64.43
-102695.176   242.299   -86.73   75.72
-102318.942   218.341   -63.68   63.32
-101942.706   200.393   -47.71   51.14
-101566.467   199.187    -3.20   48.05
-101190.225   194.782   -11.71   40.64
-100813.980   189.620   -13.72   33.02
-100437.733   191.687     5.50   33.29
-100061.483   213.512    58.00   51.45
 -99685.230   231.799    48.60   59.65
 -99308.975   260.393    75.99   65.55
 -98932.716   291.828    83.55   73.77
 -98556.456   331.030   104.18   67.49
 -98180.192   364.240    88.26   56.69
 -97803.926   385.546    56.62   47.67
 -97427.657   394.341    23.37   36.54
 -97051.385   382.296   -32.01   45.79
 -96675.110   372.187   -26.86   46.12
 -96298.833   367.771   -11.74   39.62
 -95922.553   372.444    12.42   41.27
 -95546.270   375.424     7.92   43.30
 -95169.985   380.937    14.65   47.38
 -94793.697   387.418    17.22   52.68
 -94417.406   394.187    17.99   57.13
 -94041.112   415.809    57.46   71.61
 -93664.816   444.998    77.57   77.28
 -93288.517   450.299    14.09   83.81
 -92912.215   466.424    42.85   86.28
 -92535.910   480.341    36.98   91.81
 -92159.603   506.944    70.69   87.18
 -91783.293   540.316    88.68   74.32
 -91406.980   570.931    81.35   50.07
 -91030.664   582.598    31.00   19.20
 -90654.346   578.836   -10.00   21.50
 -90278.025   564.726   -37.49   29.28
 -89901.701   550.133   -38.78   33.35
 -89525.374   535.890   -37.85   36.98
 -89149.045   537.135     3.31   41.20
 -88772.712   529.344   -20.70   42.58
 -88396.377   536.085    17.91   43.91
 -88020.040   547.108    29.29   39.76
 -87643.699   539.782   -19.47   40.62
 -87267.356   529.998   -26.00   43.80
 -86891.010   506.243   -63.12   44.82
 -86514.661   483.477   -60.49   45.34
 -86138.309   458.587   -66.13   60.22
 -85761.955   417.512  -109.14   90.59
 -85385.598   340.264  -205.25  128.39
 -85009.238   255.398  -225.49  129.60
 -84632.875   188.161  -178.65   81.78
 -84256.510   172.431   -41.79   77.88
 -83880.141   180.112    20.41   86.18
 -83503.770   180.133     0.06   91.64
 -83127.396   163.674   -43.73   94.07
 -82751.020   136.728   -71.59   56.18
 -82374.640   118.187   -49.26   30.76
 -81998.258   121.598     9.06   33.31
 -81621.873   116.803   -12.74   34.17
 -81245.485   107.021   -25.99   28.99
 -80869.094   105.512    -4.01   26.93
 -80492.701   109.890    11.63   28.91
 -80116.305   129.503    52.11   41.58
 -79739.906   136.212    17.82   37.19
 -79363.504   138.674     6.54   40.25
 -78987.099   127.187   -30.52   42.76
 -78610.692   113.030   -37.61   34.00
 -78234.755   105.649   -19.63   29.62
 -77858.902    91.566   -37.47   25.81
 -77483.046    82.987   -22.82   22.65
 -77107.187    78.766   -11.23   20.46
 -76731.326    77.214    -4.13   19.36
 -76355.462    86.323    24.23   25.40
 -75979.595    96.410    26.84   26.28
 -75603.725   104.880    22.53   29.46
 -75227.852   112.085    19.17   34.43
 -74851.977   112.687     1.60   35.38
 -74476.098   119.398    17.85   36.12
 -74100.217   123.512    10.94   34.96
 -73724.333   122.079    -3.81   32.01
 -73348.446   130.587    22.63   37.07
 -72972.557   145.890    40.71   44.78
 -72596.664   159.161    35.30   44.95
 -72220.769   168.477    24.78   50.32
 -71844.871   152.367   -42.86   47.24
 -71468.970   141.971   -27.66   41.37
 -71093.066   127.431   -38.68   31.96
 -70717.159   127.162    -0.72   29.70
 -70341.250   145.728    49.39   40.75
 -69965.338   172.890    72.26   49.89
 -69589.422   217.404   118.41   41.00
 -69213.504   253.008    94.71   43.50
 -68837.584   296.290   115.13   51.07
 -68461.660   333.416    98.76   52.34
 -68085.733   382.556   130.71   50.76
 -67709.804   440.620   154.45   79.60
 -67333.871   510.632   186.23   96.18
 -66957.936   569.837   157.49   84.39
 -66581.998   594.566    65.78   56.79
 -66206.057   571.393   -61.64   57.04
 -65830.114   539.398   -85.10   42.31
 -65454.167   523.537   -42.19   25.64
 -65078.218   515.269   -21.99   18.12
 -64702.265   513.462    -4.80   18.98
 -64326.310   516.316     7.59   20.51
 -63950.352   515.133    -3.14   19.96
 -63574.391   515.350     0.58   19.38
 -63198.427   522.458    18.91   22.02
 -62822.461   531.266    23.43   27.54
 -62446.491   546.521    40.57   29.77
 -62070.519   556.410    26.30   26.32
 -61694.543   561.598    13.80   21.71
 -61318.565   555.003   -17.54   26.72
 -60942.584   537.576   -46.35   26.70
 -60566.600   520.367   -45.77   30.21
 -60190.613   509.880   -27.89   27.15
 -59814.623   502.162   -20.53   20.91
 -59438.631   498.766    -9.03   21.84
 -59062.635   506.687    21.07   19.06
 -58686.637   505.647    -2.77   17.42
 -58310.635   508.287     7.02   21.55
 -57934.631   515.777    19.92   32.74
 -57558.624   525.437    25.69   36.58
 -57182.614   518.863   -17.48   44.56
 -56806.601   487.133   -84.38   84.52
 -56430.585   440.944  -122.84  112.70
 -56054.566   360.546  -213.81  128.93
 -55678.544   283.728  -204.29  103.65
 -55302.520   233.828  -132.70   68.56
 -54926.492   206.266   -73.30   44.62
 -54550.462   204.863    -3.73   46.88
 -54174.428   203.726    -3.02   47.60
 -53798.392   200.649    -8.18   43.09
 -53422.353   192.393   -21.96   29.74
 -53046.311   184.503   -20.98   26.92
 -52670.266   186.854     6.25   29.03
 -52294.218   194.593    20.58   36.72
 -51918.167   216.437    58.09   60.82
 -51542.113   262.062   121.32   72.55
 -51166.056   310.702   129.34   60.76
 -50789.997   336.566    68.78   54.71
 -50413.934   337.971     3.74   59.18
 -50037.869   312.836   -66.84   58.30
 -49661.800   288.111   -65.75   56.05
 -49285.729   278.755   -24.88   53.54
 -48909.654   257.012   -57.81   59.50
 -48533.577   218.872  -101.42   32.31
 -48157.497   199.674   -51.05   24.59
 -47781.413   174.803   -66.13   46.56
 -47405.327   152.598   -59.04   56.23
 -47029.238   130.582   -58.54   58.99
 -46653.146   111.755   -50.06   53.79
 -46277.051    96.649   -40.17   47.08
 -45900.953    84.431   -32.49   42.36
 -45524.852    70.828   -36.17   33.86
 -45148.748    59.237   -30.82   26.81
 -44772.641    48.959   -27.33    7.58
 -44396.532    48.431    -1.40    8.08
 -44020.419    50.052     4.31    9.03
 -43644.303    56.025    15.88   21.83
 -43268.184    84.977    76.97   59.98
 -42892.063   117.549    86.60   79.74
 -42515.938   144.261    71.02   83.47
 -42139.810   170.469    69.68   75.89
 -41763.680   177.214    17.93   69.19
 -41387.546   171.521   -15.14   66.27
 -41011.410   171.556     0.09   61.38
 -40635.270   174.213     7.06   47.69
 -40259.128   175.647     3.81   30.45
 -39882.982   177.572     5.12   20.26
 -39506.834   167.485   -26.82   19.10
 -39130.682   161.136   -16.88   15.84
 -38754.528   164.912    10.04   24.93
 -38378.370   161.187    -9.90   29.57
 -38002.210   151.512   -25.72   44.49
 -37626.046   139.431   -32.12   51.28
 -37249.880   121.241   -48.35   46.82
 -36873.710   119.782    -3.88   52.12
 -36497.538   119.826     0.12   54.62
 -36121.363   120.537     1.89   58.31
 -35745.184   131.469    29.06   59.81
 -35369.003   117.079   -38.25   56.99
 -34992.818   104.905   -32.36   56.77
 -34616.631    91.845   -34.72   61.93
 -34240.440    72.367   -51.78   49.82
 -33864.247    56.214   -42.94   35.09
 -33488.050    48.777   -19.77   19.64
 -33111.851    48.243    -1.42    5.78
 -32735.648    45.957    -6.08    5.98
 -32359.443    40.111   -15.54    8.54
 -31983.234    33.805   -16.76   10.25
 -31607.022    29.269   -12.06    8.69
 -31230.808    26.350    -7.76    5.00
 -30854.590    26.793     1.18    5.08
 -30478.369    27.917     2.99    5.04
 -30102.146    30.549     6.99    6.14
 -29725.919    36.905    16.90    9.26
 -29349.689    41.572    12.40    8.51
 -28973.456    43.793     5.90    7.12
 -28597.221    41.003    -7.41    8.84
 -28220.982    36.239   -12.66    8.59
 -27844.740    30.726   -14.65    6.90
 -27468.495    26.701   -10.70    5.71
 -27092.247    24.444    -6.00    5.55
 -26715.996    23.076    -3.63    5.14
 -26339.742    24.111     2.75    5.85
 -25963.484    24.905     2.11    5.55
 -25587.224    27.344     6.48    6.78
 -25210.961    32.726    14.30   15.06
 -24834.695    41.809    24.14   28.25
 -24458.425    45.687    10.31   28.71
 -24082.153    57.593    31.64   38.61
 -23705.877    61.937    11.55   41.91
 -23329.599    55.213   -17.87   38.19
 -22953.317    45.931   -24.67   30.60
 -22577.032    41.809   -10.95   27.14
 -22200.745    32.444   -24.89   10.88
 -21824.454    33.803     3.61    9.35
 -21448.160    35.700     5.04    9.05
 -21071.863    36.106     1.08    4.55
 -20695.563    37.444     3.55    4.58
 -20319.260    38.755     3.48    4.83
 -19942.954    39.345     1.57    4.62
 -19566.644    41.187     4.90    4.56
 -19190.332    41.812     1.66    4.84
 -18814.017    44.598     7.40    5.57
 -18437.698    50.687    16.18   12.08
 -18061.377    59.271    22.81   16.57
 -17685.052    63.890    12.27   15.89
 -17308.724    60.993    -7.70   16.75
 -16932.393    53.240   -20.60   16.16
 -16556.059    44.431   -23.41    8.58
 -16179.722    40.539   -10.34    6.83
 -15803.382    37.546    -7.95    4.05
 -15427.039    37.766     0.58   10.51
 -15050.692    38.880     2.96   13.11
 -14674.343    37.079    -4.78   14.46
 -14297.990    33.598    -9.25   15.27
 -13921.635    26.890   -17.82    6.52
 -13545.276    25.647    -3.30    5.22
 -13168.914    32.566    18.38   19.20
 -12792.549    39.187    17.59   21.34
 -12416.181    41.623     6.47   19.92
 -12039.810    41.880     0.68   18.50
 -11663.435    37.771   -10.92   14.12
 -11287.058    32.214   -14.76    3.75
 -10910.677    31.382    -2.21    4.07
 -10534.294    29.872    -4.01    3.75
 -10157.907    28.012    -4.94    3.65
  -9781.517    27.458    -1.47    3.32
  -9405.124    26.213    -3.31    3.15
  -9028.727    25.582    -1.68    3.37
  -8652.328    24.687    -2.38    4.03
  -8275.926    24.296    -1.04    4.73
  -7899.520    24.012    -0.75    4.92
  -7523.111    23.661    -0.93    4.97
  -7146.699    22.052    -4.27    5.26
  -6770.284    21.269    -2.08    3.60
  -6393.866    19.299    -5.23    4.66
  -6017.445    18.469    -2.20    4.55
  -5641.020    17.008    -3.88    4.80
  -5264.593    15.673    -3.55    4.22
  -4888.162    16.079     1.08    3.55
  -4511.728    14.971    -2.94    3.74
  -4135.291    13.323    -4.38    4.40
  -3758.851    11.087    -5.94    3.48
  -3382.495    10.025    -2.82    3.24
  -3006.676     9.345    -1.81    2.11
  -2630.853     8.793    -1.47    1.62
  -2255.027     9.803     2.69    1.68
  -1879.198     8.187    -4.30    5.95
  -1503.366     5.887    -6.12    7.20
  -1127.531     2.793    -8.23    7.13
   -751.693    -0.924    -9.89    3.84
   -375.851    -1.813    -2.37    0.00
     -0.006    -1.674     0.37    0.59
    375.841    -0.377     3.45    3.95
    751.692     3.059     9.14    6.94
   1127.547     6.130     8.17    7.61
   1503.404     9.323     8.49    6.26
   1879.265    11.863     6.76    5.39
   2255.128    11.566    -0.79    5.18
   2630.995    10.812    -2.00    4.42
   3006.865    11.431     1.64    3.96
   3382.739    11.740     0.82    4.55
   3758.615    13.135     3.71    5.60
   4134.495    13.777     1.71    5.32
   4510.377    13.187    -1.57    5.28
   4886.263    13.512     0.86    4.84
   5262.152    11.819    -4.51    2.95
   5638.045    12.021     0.54    2.96
   6013.940    12.269     0.66    3.17
   6389.839    12.132    -0.36    3.01
   6765.741    11.957    -0.47    3.03
   7141.646    12.059     0.27    3.00
   7517.554    12.187     0.34    2.91
   7893.466    12.106    -0.22    3.00
   8269.380    11.836    -0.72    2.81
   8645.298    11.620    -0.58    2.87
   9021.219    12.112     1.31    2.58
   9397.144    12.701     1.57    2.29
   9773.071    13.187     1.29    2.04
  10149.002    12.793    -1.05    1.95
  10524.936    11.931    -2.29    2.19
  10900.873    11.079    -2.27    2.65
  11276.813     9.529    -4.12    3.21
  11652.757     9.398    -0.35    4.04
  12028.704    11.243     4.91    6.13
  12404.654    13.701     6.54    6.09
  12780.607    14.410     1.89    5.73
  13156.563    13.469    -2.50    5.41
  13532.523    12.111    -3.61    4.09
  13908.486    12.616     1.34    3.61
  14284.452    14.293     4.46    3.38
  14660.421    15.214     2.45    3.64
  15036.394    15.728     1.37    3.65
  15412.370    16.387     1.75    3.98
  15788.349    16.269    -0.32    2.88
  16164.331    16.367     0.26    2.33
  16540.317    16.503     0.36    2.03
  16916.305    16.649     0.39    1.50
  17292.297    17.025     1.00    1.64
  17668.293    17.163     0.37    1.72
  18044.291    17.623     1.22    1.74
  18420.293    17.910     0.76    1.94
  18796.298    18.052     0.38    1.90
  19172.306    17.674    -1.01    1.69
  19548.318    17.495    -0.48    2.12
  19924.332    17.469    -0.07    2.05
  20300.350    17.302    -0.45    1.89
  20676.372    17.649     0.92    2.08
  21052.396    17.503    -0.39    1.44
  21428.424    17.701     0.53    1.50
  21804.455    18.034     0.88    1.57
  22180.489    18.161     0.34    1.52
  22556.527    18.393     0.62    1.73
  22932.568    18.687     0.78    1.87
  23308.612    18.962     0.73    1.98
  23684.659    19.593     1.68    2.05
  24060.710    19.895     0.80    2.05
  24436.764    20.393     1.32    2.13
  24812.821    20.326    -0.18    2.34
  25188.881    20.214    -0.30    2.17
  25564.945    19.998    -0.57    1.94
  25941.012    19.266    -1.95    2.53
  26317.083    17.854    -3.76    3.67
  26693.156    17.243    -1.62    4.38
  27069.233    14.726    -6.69    5.53
  27445.313    13.319    -3.74    5.31
  27821.397    11.549    -4.71    4.96
  28197.484     9.880    -4.44    3.24
  28573.574     9.872    -0.02    3.11
  28949.667    10.341     1.25    3.51
  29325.764    11.214     2.32    3.60
  29701.864    11.262     0.13    4.28
  30077.967    10.079    -3.15    5.35
  30454.074    10.724     1.71    4.27
  30830.183    10.393    -0.88    3.97
  31206.297    10.354    -0.10    3.78
  31582.413    11.106     2.00    2.96
  31958.533    10.674    -1.15    2.98
  32334.656    10.377    -0.79    3.26
  32710.782    10.469     0.25    3.26
  33086.912    10.673     0.54    3.79
  33463.045    12.393     4.57    4.31
  33839.182    14.740     6.24    3.88
  34215.321    16.854     5.62    3.76
  34591.464    19.290     6.48    3.42
  34967.611    20.566     3.39    3.14
  35343.761    21.700     3.02    2.69
  35719.914    21.854     0.41    2.83
  36096.070    22.162     0.82    2.99
  36472.230    21.793    -0.98    3.43
  36848.393    22.112     0.85    3.28
  37224.559    22.675     1.49    3.18
  37600.729    23.937     3.36    2.71
  37976.902    24.944     2.68    2.69
  38353.078    25.944     2.66    2.58
  38729.258    26.890     2.51    2.39
  39105.441    27.367     1.27    2.36
  39481.627    28.359     2.64    1.48
  39857.817    28.987     1.67    2.03
  40234.010    29.345     0.95    2.05
  40610.207    29.271    -0.20    2.18
  40986.406    29.444     0.46    2.11
  41362.610    29.556     0.30    1.68
  41738.816    29.187    -0.98    2.13
  42115.026    28.819    -0.98    2.15
  42491.239    28.213    -1.61    2.47
  42867.456    28.269     0.15    3.54
  43243.676    28.880     1.62    4.94
  43619.899    28.812    -0.18    5.17
  43996.126    30.354     4.10    5.27
  44372.356    28.809    -4.11    5.14
  44748.589    27.971    -2.23    4.34
  45124.826    27.971     0.00    3.51
  45501.066    28.898     2.46    3.65
  45877.310    29.816     2.44    2.56
  46253.557    30.012     0.52    2.33
  46629.807    29.451    -1.49    2.26
  47006.061    28.998    -1.20    2.17
  47382.318    29.213     0.57    2.47
  47758.579    28.845    -0.98    2.53
  48134.842    29.034     0.50    2.53
  48511.110    29.003    -0.08    2.19
  48887.380    29.162     0.42    1.93
  49263.654    30.269     2.94    3.13
  49639.932    29.752    -1.37    3.68
  50016.213    28.612    -3.03    4.56
  50392.497    26.215    -6.37    5.37
  50768.785    24.187    -5.39    3.53
  51145.076    21.971    -5.89    2.82
  51521.370    20.998    -2.59    2.96
  51897.668    20.323    -1.80    3.30
  52273.969    19.245    -2.86    2.88
  52650.274    19.237    -0.02    2.28
  53026.582    19.752     1.37    2.33
  53402.893    20.647     2.38    1.94
  53779.208    21.726     2.87    2.26
  54155.527    22.872     3.04    1.86
  54531.848    23.495     1.66    2.34
  54908.174    23.766     0.72    2.37
  55284.502    24.341     1.53    2.62
  55660.834    24.647     0.81    2.32
  56037.170    25.239     1.57    2.09
  56413.508    25.387     0.40    2.02
  56789.851    25.521     0.35    1.93
  57166.196    25.214    -0.82    1.95
  57542.546    24.863    -0.93    1.80
  57918.898    24.566    -0.79    1.66
  58295.254    24.106    -1.22    1.40
  58671.614    23.387    -1.91    2.10
  59047.977    22.637    -1.99    2.25
  59424.343    22.264    -0.99    2.12
  59800.713    22.160    -0.28    2.07
  60177.086    22.726     1.50    2.40
  60553.463    23.410     1.82    2.19
  60929.843    23.714     0.81    2.23
  61306.226    24.085     0.99    1.86
  61682.613    24.495     1.09    2.12
  62059.004    24.485    -0.03    2.11
  62435.398    25.111     1.66    2.12
  62811.795    25.262     0.40    1.99
  63188.196    24.917    -0.92    2.22
  63564.600    24.931     0.04    1.87
  63941.008    24.477    -1.21    1.96
  64317.419    23.863    -1.63    1.92
  64693.834    23.755    -0.29    1.98
  65070.252    23.330    -1.13    1.94
  65446.674    22.675    -1.74    2.38
  65823.099    21.387    -3.42    2.20
  66199.527    21.539     0.40    2.64
  66575.959    21.034    -1.34    3.29
  66952.395    21.243     0.56    3.55
  67328.834    20.687    -1.48    3.57
  67705.277    19.085    -4.26    2.62
  68081.722    18.582    -1.34    2.60
  68458.172    18.161    -1.12    2.80
  68834.625    16.957    -3.20    3.33
  69211.081    14.687    -6.03    3.93
  69587.541    12.836    -4.92    3.61
  69964.005    11.312    -4.05    3.00
  70340.472    10.752    -1.49    2.68
  70716.942    10.326    -1.13    2.02
  71093.416    10.458     0.35    1.88
  71469.893    10.410    -0.13    2.31
  71846.072    11.008     1.59    2.76
  72221.855    12.637     4.34    3.59
  72597.642    13.826     3.16    3.80
  72973.432    15.512     4.49    2.81
  73349.225    16.458     2.52    2.36
  73725.022    17.319     2.29    2.27
  74100.822    17.341     0.06    2.87
  74476.626    17.424     0.22    2.68
  74852.434    17.977     1.47    2.06
  75228.245    17.319    -1.75    2.56
  75604.059    16.837    -1.28    2.68
  75979.877    16.214    -1.66    2.99
  76355.699    15.412    -2.13    3.09
  76731.523    14.752    -1.76    2.44
  77107.352    15.021     0.72    2.65
  77483.184    14.836    -0.49    2.37
  77859.019    14.910     0.20    2.24
  78234.858    15.777     2.31    2.72
  78610.701    16.162     1.03    2.72
  78986.547    16.243     0.21    2.62
  79362.397    16.862     1.65    2.56
  79738.250    17.056     0.51    2.08
  80114.106    17.341     0.76    2.02
  80489.967    17.854     1.36    2.07
  80865.830    18.135     0.75    1.96
  81241.698    18.108    -0.07    1.95
  81617.568    17.726    -1.02    2.47
  81993.443    17.287    -1.17    2.70
  82369.320    17.296     0.02    3.22
  82745.202    16.262    -2.75    3.26
  83121.087    15.469    -2.11    2.79
  83496.975    14.917    -1.47    2.85
  83872.867    14.674    -0.65    2.41
  84248.763    13.965    -1.89    2.73
  84624.662    13.462    -1.34    2.24
  85000.564    13.187    -0.73    1.97
  85376.471    13.755     1.51    2.34
  85752.380    13.212    -1.44    2.40
  86128.294    13.345     0.35    2.83
  86504.210    12.828    -1.37    2.96
  86880.131    11.444    -3.68    3.86
  87256.055    10.372    -2.85    4.09
  87631.982    11.503     3.01    5.26
  88007.914    13.162     4.41    5.88
  88383.848    16.112     7.85    5.07
  88759.786    18.269     5.74    3.33
  89135.728    17.037    -3.27    4.02
  89511.674    15.398    -4.36    4.49
  89887.623    14.052    -3.58    4.39
  90263.575    12.755    -3.45    3.61
  90639.531    12.521    -0.62    3.30
  91015.491    12.854     0.89    2.92
  91391.454    13.337     1.29    2.39
  91767.421    13.512     0.46    2.38
  92143.391    13.012    -1.33    2.51
  92519.365    12.951    -0.16    2.43
  92895.343    13.264     0.83    2.51
  93271.324    13.469     0.55    2.57
  93647.309    13.319    -0.40    1.96
  94023.297    12.477    -2.24    2.44
  94399.289    12.008    -1.25    2.21
  94775.285    12.087     0.21    2.45
  95151.284    11.701    -1.03    2.64
  95527.287    11.412    -0.77    2.48
  95903.293    11.451     0.10    2.36
  96279.303    11.404    -0.12    2.35
  96655.316    11.323    -0.22    2.47
  97031.334    11.854     1.41    2.39
  97407.354    12.162     0.82    2.17
  97783.379    12.412     0.67    1.94
  98159.407    12.809     1.05    1.74
  98535.438    13.037     0.61    1.73
  98911.474    12.819    -0.58    1.76
  99287.512    12.726    -0.25    1.96
  99663.555    12.341    -1.02    1.87
 100039.601    12.240    -0.27    1.92
 100415.651    11.924    -0.84    1.98
 100791.704    11.635    -0.77    2.30
 101167.761    10.662    -2.59    2.36
 101543.822     9.106    -4.14    2.64
 101919.886     9.012    -0.25    2.55
 102295.954     9.135     0.33    2.38
 102672.025     9.326     0.51    2.73
 103048.100     9.620     0.78    2.22
 103424.179     9.021    -1.59    1.78
 103800.261     8.931    -0.24    1.63
 104176.347     8.887    -0.12    2.43
 104552.437     8.890     0.01    2.72
 104928.530     8.912     0.06    2.90
 105304.627     9.740     2.20    2.92
 105680.728     9.793     0.14    2.44
 106056.832     9.951     0.42    1.87
 106432.940    10.034     0.22    2.05
 106809.052     9.661    -0.99    1.81
 107185.167     9.530    -0.35    1.98
 107561.286     9.287    -0.64    2.42
 107937.408     9.647     0.96    2.80
 108313.535     9.737     0.24    2.72
 108689.664    10.085     0.92    2.59
 109065.798    10.715     1.68    2.10
 109441.935    10.214    -1.33    2.54
 109818.076    10.687     1.26    2.91
 110194.220    11.264     1.53    3.17
 110570.369    11.937     1.79    2.92
 110946.521    12.323     1.02    3.03
 111322.676    13.587     3.36    2.92
 111698.835    14.635     2.78    2.84
 112074.998    15.477     2.24    2.29
 112451.165    15.530     0.14    2.54
 112827.335    14.752    -2.07    3.05
 113203.509    14.162    -1.57    3.51
 113579.687    14.108    -0.14    3.87
 113955.868    14.162     0.14    3.79
 114332.053    13.701    -1.23    3.66
 114708.242    12.037    -4.42    3.25
 115084.434    11.136    -2.40    2.65
 115460.630    10.354    -2.08    2.09
 115836.830    10.214    -0.37    1.86
 116213.034    11.160     2.51    2.03
 116589.241    11.372     0.56    2.18
 116965.452    12.112     1.97    2.25
 117341.666    11.863    -0.66    2.17
 117717.885    12.637     2.06    3.09
 118094.107    12.059    -1.54    2.91
 118470.332    11.323    -1.96    2.90
 118846.562    11.214    -0.29    2.90
 119222.795    10.444    -2.05    2.57
 119599.032     9.957    -1.29    2.41
 119975.272     9.608    -0.93    2.52
 120351.517     8.737    -2.32    1.97
 120727.765     8.793     0.15    2.11
 121104.016     8.962     0.45    1.89
 121480.272     9.112     0.40    1.83
 121856.531     9.530     1.11    1.55
 122232.794     9.890     0.96    1.82
 122609.060     9.782    -0.29    2.23
 122985.331     9.863     0.22    2.40
 123361.605     9.418    -1.18    2.44
 123737.883     9.998     1.54    2.15
 124114.164     9.687    -0.83    2.59
 124490.450    10.319     1.68    2.90
 124866.739    10.701     1.02    2.80
 125243.032    10.393    -0.82    3.00
 125619.328    10.136    -0.68    3.03
 125995.628     9.700    -1.16    3.52
 126371.932     9.161    -1.43    3.96
 126748.240     9.649     1.30    4.23
 127124.552     9.944     0.78    3.57
 127500.867     9.962     0.05    3.34
 127877.186     9.312    -1.73    2.88
 128253.509     9.715     1.07    2.82
 128629.835     9.674    -0.11    2.81
 129006.166     9.863     0.50    3.08
 129382.500    10.701     2.23    3.21
 129758.838    10.957     0.68    3.18
 130135.179    11.326     0.98    3.38
 130511.525    11.837     1.36    3.28
 130887.874    11.214    -1.66    3.89
 131264.227    10.674    -1.43    3.97
 131640.583    10.752     0.21    3.67
 132016.944    10.266    -1.29    3.39
 132393.308    10.495     0.61    3.10
 132769.676    11.030     1.42    3.41
 133146.048    10.982    -0.13    3.45
 133522.423    11.404     1.12    3.60
 133898.803    11.469     0.17    3.57
 134275.186    11.837     0.98    3.42
 134651.573    11.243    -1.58    3.15
 135027.964    10.133    -2.95    4.02
 135404.358    10.539     1.08    4.09
 135780.756    10.269    -0.72    3.74
 136157.159     9.977    -0.77    3.42
 136533.564    10.416     1.17    2.59
 136909.974    10.662     0.65    2.64
 137286.388    10.266    -1.05    2.69
 137662.805    10.458     0.51    2.58
 138039.226    10.828     0.98    2.03
 138415.651    10.924     0.25    1.80
 138792.080    11.495     1.52    1.79
 139168.512    11.793     0.79    1.57
 139544.949    11.828     0.10    1.58
 139921.389    12.187     0.95    1.81
 140297.833    12.316     0.34    1.59
 140674.280    11.737    -1.54    1.78
 141050.732    11.743     0.01    2.21
 141427.187    11.350    -1.05    2.19
 141803.647    10.998    -0.93    2.03
 142180.110    10.620    -1.01    1.68
 142556.577    10.620     0.00    1.94
 142933.047    10.730     0.29    1.98
 143309.522    10.237    -1.31    1.87
 143686.000    10.136    -0.27    1.61
 144062.482    10.214     0.21    1.42
 144438.968    10.136    -0.21    1.19
 144815.458     9.971    -0.44    1.08
 145191.952     9.880    -0.24    1.20
 145568.450     9.924     0.12    1.22
 145944.951    10.008     0.22    1.34
 146321.456    10.269     0.69    1.30
 146697.965    10.598     0.87    1.45
 147073.932    10.846     0.66    1.41
 147449.684    10.910     0.17    1.39
 147825.441    11.133     0.60    1.25
 148201.201    11.266     0.35    1.15
 148576.965    11.917     1.73    2.29
 148952.733    12.782     2.30    2.62
 149328.504    13.159     1.00    2.75
 149704.280    13.187     0.08    2.46
 150080.059    12.546    -1.71    2.21
 150455.842    12.458    -0.24    2.22
 150831.629    11.982    -1.27    2.31
 151207.420    12.377     1.05    2.55
 151583.215    12.059    -0.84    2.08
 151959.014    11.687    -0.99    2.13
 152334.816    11.469    -0.58    2.08
 152710.622    11.377    -0.25    2.40
 153086.432    11.931     1.48    2.70
 153462.246    12.512     1.55    2.67
 153838.064    13.079     1.51    2.34
 154213.886    12.944    -0.36    2.44
 154589.712    12.296    -1.73    3.11
 154965.541    11.863    -1.15    3.32
 155341.375    12.133     0.72    3.66
 155717.212    12.302     0.45    3.60
 156093.053    12.887     1.56    3.52
 156468.898    12.777    -0.29    2.84
 156844.747    12.052    -1.93    2.15
 157220.599    12.059     0.02    2.09
 157596.456    12.728     1.78    2.16
 157972.317    12.777     0.13    2.15
 158348.181    12.608    -0.45    2.00
 158724.049    12.085    -1.39    2.11
 159099.921    11.647    -1.17    2.39
 159475.797    11.136    -1.36    2.06
 159851.677    10.887    -0.66    1.87
 160227.561    10.187    -1.86    1.22
 160603.449    10.241     0.14    1.49
 160979.341    10.241     0.00    1.53
 161355.236    11.377     3.02    2.59
 161731.136    12.755     3.67    3.75
 162107.039    14.073     3.51    3.88
 162482.946    14.537     1.24    3.58
 162858.857    14.136    -1.07    3.52
 163234.772    14.160     0.06    3.03
 163610.691    14.495     0.89    3.40
 163986.614    14.431    -0.17    3.46
 164362.541    14.239    -0.51    2.87
 164738.472    13.898    -0.91    3.10
 165114.406    14.598     1.86    3.28
 165490.345    15.345     1.99    3.33
 165866.287    16.469     2.99    3.58
 166242.234    17.887     3.77    3.55
 166618.184    18.299     1.09    3.89
 166994.138    18.998     1.86    3.65
 167370.096    18.674    -0.86    3.50
 167746.059    18.269    -1.08    3.05
 168122.025    16.872    -3.72    3.00
 168497.995    16.423    -1.19    3.00
 168873.969    15.387    -2.75    2.59
 169249.946    16.264     2.33    3.28
 169625.928    16.965     1.86    3.41
 170001.914    17.162     0.52    3.56
 170377.904    17.350     0.50    2.76
 170753.897    16.187    -3.09    2.46
 171129.895    16.085    -0.27    3.06
 171505.896    16.264     0.48    3.30
 171881.902    15.793    -1.25    3.32
 172257.911    15.367    -1.13    3.50
 172633.924    14.337    -2.74    2.80
 173009.942    13.660    -1.80    1.96
 173385.963    13.674     0.04    2.16
 173761.988    13.766     0.25    2.20
 174138.017    14.025     0.69    2.52
 174514.051    14.240     0.57    2.67
 174890.088    14.334     0.25    2.39
 175266.129    15.062     1.94    2.75
 175642.174    15.034    -0.08    2.84
 176018.223    15.993     2.55    2.61
 176394.276    16.059     0.18    2.64
 176770.333    15.701    -0.95    2.50
 177146.394    15.752     0.13    2.72
 177522.459    15.162    -1.57    2.70
 177898.528    14.572    -1.57    2.62
 178274.601    14.530    -0.11    2.56
 178650.677    14.341    -0.50    2.60
 179026.758    14.512     0.46    2.12
 179402.843    14.854     0.91    2.10
 179778.932    14.647    -0.55    2.23
 180155.025    15.030     1.02    3.12
 180531.122    15.079     0.13    3.14
 180907.222    14.898    -0.48    3.30
 181283.327    14.746    -0.40    2.97
 181659.436    14.418    -0.87    2.84
 182035.549    13.905    -1.36    2.72
 182411.666    13.743    -0.43    2.47
 182787.786    13.803     0.16    2.20
 183163.911    13.431    -0.99    2.03
 183540.040    13.777     0.92    2.22
 183916.173    14.649     2.32    2.64
 184292.310    14.845     0.52    3.07
 184668.451    15.766     2.45    3.50
 185044.595    15.393    -0.99    3.88
 185420.744    15.587     0.52    3.29
 185796.897    15.593     0.01    3.39
 186173.054    16.003     1.09    2.87
 186549.215    16.951     2.52    2.88
 186925.380    16.404    -1.45    3.12
 187301.549    16.714     0.82    3.53
 187677.722    16.687    -0.07    3.48
 188053.899    17.085     1.06    3.73
 188430.080    17.444     0.95    3.55
 188806.265    16.836    -1.62    4.19
 189182.454    16.264    -1.52    4.29
 189558.648    16.350     0.23    4.30
 189934.845    17.059     1.89    4.40
 190311.046    17.598     1.43    3.97
 190687.251    16.728    -2.31    3.77
 191063.461    15.240    -3.96    3.76
 191439.674    13.700    -4.09    2.51
 191815.891    13.495    -0.55    2.09
 192192.113    14.917     3.78    2.97
 192568.339    15.367     1.20    3.45
 192944.568    15.269    -0.26    3.40
 193320.802    14.898    -0.98    3.13
 193697.039    14.556    -0.91    2.69
 194073.281    14.656     0.27    2.40
 194449.527    15.239     1.55    2.96
 194825.777    15.393     0.41    2.68
 195202.031    15.241    -0.40    2.83
 195578.289    14.034    -3.21    3.28
 195954.551    12.965    -2.84    2.79
 196330.817    12.216    -1.99    3.06
 196707.087    11.111    -2.94    2.50
