-223780.575   388.345     0.00   57.89
-223404.017   365.484   -60.72   59.27
-223027.464   336.044   -78.19   45.13
-222650.917   310.787   -67.08   31.52
-222274.374   295.816   -39.76   22.65
-221897.836   284.711   -29.50   29.13
-221521.304   283.654    -2.81   34.73
-221144.777   289.420    15.31   46.52
-220768.255   288.862    -1.48   51.69
-220391.738   294.848    15.90   52.79
-220015.226   274.582   -53.83   54.70
-219638.719   244.519   -79.86   34.82
-219262.218   228.437   -42.72   26.44
-218885.721   213.762   -38.98   21.17
-218509.230   201.345   -32.98   14.84
-218132.743   197.137   -11.18   13.16
-217756.262   192.962   -11.09   10.46
-217379.786   189.972    -7.94    8.33
-217003.315   189.146    -2.19    6.31
-216626.849   185.787    -8.92    5.80
-216250.388   182.890    -7.70    4.31
-215873.933   182.920     0.08    5.04
-215497.482   183.172     0.67    5.75
-215121.037   186.627     9.18    5.89
-214744.596   189.172     6.76    6.66
-214368.161   190.212     2.76    6.76
-213991.731   188.901    -3.48    7.78
-213615.306   186.967    -5.14    8.50
-213238.886   183.051   -10.40    8.61
-212862.471   180.437    -6.94    6.30
-212486.061   177.248    -8.47    5.99
-212109.656   177.219    -0.08    6.93
-211733.256   180.712     9.28    8.38
-211356.861   181.044     0.88    8.89
-210980.472   178.519    -6.71   11.54
-210604.087   170.121   -22.31   11.85
-210227.708   163.790   -16.82    7.49
-209851.333   165.787     5.31    8.92
-209474.964   170.839    13.42   11.23
-209098.600   178.814    21.19   10.53
-208722.240   186.967    21.66    8.36
-208345.886   191.505    12.06    8.69
-207969.537   196.201    12.48    9.32
-207593.193   202.897    17.79    9.17
-207216.854   209.387    17.25   11.81
-206840.520   218.420    24.00   16.36
-206464.191   223.972    14.76   15.04
-206087.867   226.519     6.77   13.86
-205711.549   228.590     5.51   14.95
-205335.235   227.711    -2.34   12.67
-204958.926   228.762     2.79   11.68
-204582.622   231.708     7.83   10.76
-204206.324   237.403    15.14   15.69
-203830.030   245.706    22.07   15.91
-203453.742   253.104    19.66   13.34
-203077.458   258.937    15.50   10.64
-202701.180   262.951    10.67   10.07
-202324.906   269.505    17.42    8.74
-201948.638   272.223     7.22   10.30
-201572.374   273.962     4.62   10.18
-201196.116   277.209     8.63   11.11
-200819.862   278.037     2.20    9.58
-200443.614   280.410     6.31    7.55
-200067.371   283.472     8.14    6.73
-199691.132   285.480     5.34    6.87
-199314.899   285.701     0.59    9.31
-198938.671   284.711    -2.63   10.09
-198562.447   283.578    -3.01   10.67
-198186.229   281.183    -6.37   11.54
-197810.016   280.248    -2.48   12.82
-197433.807   282.928     7.12   12.88
-197057.604   285.967     8.08   13.53
-196681.406   289.957    10.61   11.66
-196305.212   292.924     7.89    8.88
-195929.024   288.412   -12.00   13.34
-195552.841   283.657   -12.64   16.48
-195176.662   279.941    -9.88   16.65
-194800.489   270.428   -25.29   19.56
-194424.321   265.762   -12.41   18.95
-194048.157   255.113   -28.31   17.77
-193671.999   241.393   -36.48   15.42
-193295.846   231.095   -27.38   14.55
-192919.697   219.734   -30.21   12.66
-192543.554   210.762   -23.85   13.96
-192167.415   198.867   -31.63   13.28
-191791.282   188.032   -28.81   11.70
-191415.153   180.140   -20.98    7.04
-191039.030   176.845    -8.76    3.37
-190662.911   177.712     2.30    5.08
-190286.797   183.176    14.53   10.23
-189910.689   190.262    18.84   12.66
-189534.585   202.037    31.31   13.78
-189158.486   210.999    23.83   13.31
-188782.393   217.762    17.98   13.40
-188406.304   226.890    24.27   12.77
-188030.220   234.352    19.84   14.41
-187654.141   249.546    40.40   20.53
-187278.067   265.505    42.44   21.52
-186901.998   276.837    30.13   17.92
-186525.934   286.540    25.80    6.04
-186149.875   286.967     1.14    3.71
-185773.821   285.492    -3.92    4.07
-185397.771   283.492    -5.32    3.41
-185021.727   283.005    -1.29    2.93
-184645.688   283.151     0.39    2.73
-184269.653   283.587     1.16    3.31
-183893.624   284.890     3.47    3.38
-183517.599   286.167     3.40    3.01
-183141.580   287.634     3.90    3.40
-182765.565   289.519     5.01    3.81
-182389.555   290.916     3.72    4.23
-182013.551   291.472     1.48    3.59
-181637.551   290.018    -3.87    4.62
-181261.556   286.383    -9.67    5.55
-180885.566   281.198   -13.79    5.87
-180509.580   275.079   -16.28    7.87
-180133.600   268.623   -17.17    7.41
-179757.625   264.890    -9.93    5.33
-179381.654   263.604    -3.42    3.45
-179005.689   264.762     3.08    3.70
-178629.728   266.113     3.59    2.70
-178253.773   266.448     0.89    1.95
-177877.822   265.069    -3.67    2.76
-177501.876   263.300    -4.71    2.32
-177125.935   261.928    -3.65    2.14
-176749.999   259.864    -5.49    2.79
-176374.068   256.845    -8.03    4.95
-175998.141   251.454   -14.34    9.37
-175622.220   245.839   -14.94   10.28
-175246.303   239.130   -17.85   10.86
-174870.392   229.608   -25.33   11.80
-174494.485   221.685   -21.08   11.54
-174118.583   214.884   -18.09   11.06
-173742.686   209.708   -13.77    7.01
-173366.794   215.377    15.08   13.33
-172990.907   224.051    23.08   15.11
-172615.025   231.121    18.81   11.77
-172239.147   235.604    11.93    5.14
-171863.274   232.856    -7.31    8.44
-171487.407   226.249   -17.58   11.83
-171111.544   217.300   -23.81   13.28
-170735.686   210.708   -17.54   10.56
-170359.833   210.916     0.55    9.90
-169983.985   217.345    17.11   14.21
-169608.141   226.454    24.24   16.52
-169232.303   236.582    26.95   14.22
-168856.469   244.972    22.33   13.41
-168480.640   252.223    19.29    9.24
-168104.816   256.993    12.69    4.80
-167728.997   259.172     5.80    2.28
-167353.183   259.816     1.71    2.26
-166977.373   260.095     0.74    2.67
-166601.569   259.789    -0.82    2.72
-166225.769   259.608    -0.48    2.70
-165849.974   259.223    -1.02    2.77
-165474.184   258.793    -1.15    2.24
-165098.399   258.608    -0.49    2.18
-164722.619   258.420    -0.50    2.00
-164346.843   258.604     0.49    1.90
-163971.073   258.428    -0.47    2.26
-163595.307   258.248    -0.48    2.62
-163219.546   252.591   -15.06   11.25
-162843.789   243.377   -24.52   15.75
-162468.038   231.683   -31.12   16.24
-162092.292   222.403   -24.70   12.39
-161716.550   215.223   -19.11   11.26
-161340.813   215.505     0.75   10.53
-160965.081   218.595     8.22   13.51
-160589.354   228.249    25.70   18.82
-160213.631   240.654    33.02   17.43
-159837.913   249.326    23.08   14.42
-159462.201   256.121    18.09    8.13
-159086.493   259.819     9.84    1.76
-158710.789   260.086     0.71    1.83
-158335.091   260.248     0.43    2.22
-157959.397   260.735     1.30    2.45
-157583.709   260.685    -0.13    2.80
-157208.025   257.817    -7.63    7.52
-156832.345   248.469   -24.88   18.54
-156456.671   235.864   -33.55   22.25
-156081.001   219.032   -44.81   20.87
-155705.337   207.841   -29.79   11.37
-155329.677   201.018   -18.16   11.76
-154954.021   196.018   -13.31    9.91
-154578.371   195.519    -1.33    9.06
-154202.725   197.377     4.95    9.70
-153827.084   205.708    22.18   10.78
-153451.448   210.037    11.53   10.09
-153075.817   212.087     5.46    9.67
-152700.190   213.933     4.92   11.65
-152324.569   205.546   -22.33    9.75
-151948.791   200.951   -12.23   10.10
-151572.220   200.709    -0.64    8.92
-151195.654   204.212     9.30   10.89
-150819.092   211.005    18.04   14.36
-150442.536   220.912    26.31   14.12
-150065.984   228.839    21.05   11.36
-149689.437   233.735    13.00   11.01
-149312.894   231.762    -5.24   10.00
-148936.357   228.172    -9.53   11.96
-148559.824   219.890   -22.00   14.09
-148183.296   210.657   -24.52    9.00
-147806.773   206.562   -10.88    8.59
-147430.254   204.078    -6.60    8.71
-147053.741   201.864    -5.88    9.39
-146677.232   198.712    -8.37    8.61
-146300.728   194.484   -11.23    9.80
-145924.228   190.167   -11.47    9.93
-145547.734   183.546   -17.59    9.03
-145171.244   179.167   -11.63    6.87
-144794.759   176.685    -6.59    5.77
-144418.278   175.512    -3.12    5.46
-144041.803   177.198     4.48    5.68
-143665.332   177.314     0.31    5.41
-143288.866   176.978    -0.89    5.51
-142912.405   174.505    -6.57    5.90
-142535.948   173.235    -3.37    7.34
-142159.497   173.249     0.04    7.49
-141783.050   170.787    -6.54    6.80
-141406.607   168.662    -5.65    4.94
-141030.170   167.762    -2.39    2.61
-140653.737   167.146    -1.63    2.21
-140277.309   167.428     0.75    2.12
-139900.886   168.512     2.88    2.51
-139524.467   169.627     2.96    2.90
-139148.053   171.025     3.71    3.13
-138771.644   172.814     4.75    3.83
-138395.240   174.813     5.31    3.78
-138018.840   176.489     4.45    3.57
-137642.445   178.480     5.29    3.04
-137266.055   180.480     5.31    2.91
-136889.670   182.519     5.42    3.57
-136513.289   184.275     4.67    3.64
-136136.913   186.464     5.82    3.89
-135760.542   188.967     6.65    5.14
-135384.175   192.890    10.42    7.48
-135007.813   199.172    16.69    9.10
-134631.456   204.630    14.50    9.78
-134255.103   207.121     6.62    9.38
-133878.756   205.454    -4.43    9.50
-133502.413   201.734    -9.89    8.38
-133126.074   200.223    -4.01    4.22
-132749.741   202.329     5.60    4.90
-132373.412   203.659     3.53    5.79
-131997.088   205.352     4.50    5.15
-131620.768   205.824     1.26    4.33
-131244.453   203.864    -5.21    4.57
-130868.143   202.275    -4.22    4.32
-130491.838   200.762    -4.02    3.97
-130115.537   200.480    -0.75    2.91
-129739.241   200.492     0.03    2.68
-129362.949   200.312    -0.48    2.70
-128986.663   200.095    -0.58    2.34
-128610.381   200.446     0.93    2.61
-128234.103   202.051     4.27    3.42
-127857.831   203.275     3.25    3.15
-127481.563   203.326     0.14    3.15
-127105.299   202.762    -1.50    3.29
-126729.041   201.198    -4.16    3.89
-126352.787   198.762    -6.47    2.73
-125976.538   197.172    -4.23    2.50
-125600.293   196.018    -3.07    2.56
-125224.053   196.791     2.05    3.35
-124847.818   199.634     7.56    5.06
-124471.587   202.248     6.95    5.76
-124095.361   203.025     2.06    5.59
-123719.140   201.086    -5.15    6.28
-123342.923   198.762    -6.18    4.37
-122966.711   199.137     1.00    3.35
-122590.504   199.890     2.00    2.86
-122214.301   200.446     1.48    2.55
-121838.103   198.839    -4.27    3.56
-121461.910   196.993    -4.91    3.34
-121085.721   195.146    -4.91    2.90
-120709.537   193.604    -4.10    3.42
-120333.357   191.916    -4.49    3.86
-119957.182   189.762    -5.73    3.92
-119581.012   189.941     0.48    3.99
-119204.847   192.362     6.43    5.21
-118828.686   195.248     7.67    4.68
-118452.529   196.573     3.52    3.13
-118076.378   196.464    -0.29    2.92
-117700.231   196.437    -0.07    3.01
-117324.088   196.437     0.00    2.98
-116947.950   195.734    -1.87    3.80
-116571.817   193.487    -5.97    4.83
-116195.689   190.480    -8.00    4.57
-115819.565   188.627    -4.93    2.94
-115443.445   189.018     1.04    2.96
-115067.331   191.130     5.62    3.95
-114691.221   194.659     9.38    5.55
-114315.115   198.946    11.40    5.89
-113939.014   202.326     8.99    4.98
-113562.918   205.167     7.55    3.16
-113186.826   206.025     2.28    2.68
-112810.739   205.862    -0.43    2.77
-112434.657   205.928     0.18    2.24
-112058.579   205.816    -0.30    2.56
-111682.506   205.735    -0.22    3.13
-111306.437   204.897    -2.23    3.69
-110930.373   201.816    -8.19    6.24
-110554.313   198.590    -8.58    6.18
-110178.259   196.012    -6.86    5.16
-109802.208   195.814    -0.52    4.95
-109426.163   198.708     7.69    5.89
-109050.121   203.352    12.35    6.94
-108674.085   206.867     9.35    4.16
-108298.053   208.813     5.18    3.63
-107922.025   211.025     5.88    2.89
-107546.003   212.787     4.69    2.72
-107169.984   214.314     4.06    2.09
-106793.971   214.531     0.58    1.58
-106417.962   213.887    -1.71    1.94
-106041.957   212.095    -4.77    2.35
-105665.957   209.762    -6.21    3.32
-105289.962   206.383    -8.99    4.28
-104913.971   203.140    -8.63    4.70
-104537.985   201.198    -5.17    3.83
-104162.003   200.762    -1.16    4.33
-103786.026   202.962     5.85    5.06
-103410.053   205.403     6.49    3.61
-103034.085   206.627     3.26    2.83
-102658.122   208.198     4.18    2.94
-102282.163   210.059     4.95    2.77
-101906.209   212.736     7.12    3.50
-101530.259   215.711     7.91    3.30
-101154.313   217.839     5.66    3.10
-100778.373   219.814     5.26    2.25
-100402.437   220.890     2.86    2.07
-100026.505   221.412     1.39    1.66
 -99650.578   222.067     1.74    1.67
 -99274.655   222.275     0.55    1.54
 -98898.737   222.157    -0.32    2.22
 -98522.824   221.814    -0.91    2.46
 -98146.915   221.916     0.27    2.56
 -97771.010   221.556    -0.96    2.64
 -97395.110   220.212    -3.58    3.33
 -97019.215   217.454    -7.34    5.12
 -96643.324   213.059   -11.69    6.59
 -96267.438   206.557   -17.30    8.96
 -95891.556   198.708   -20.88    9.43
 -95515.678   192.634   -16.16    8.69
 -95139.806   189.095    -9.41    5.48
 -94763.937   191.198     5.59    6.94
 -94388.074   197.709    17.32    8.74
 -94012.214   202.403    12.49    7.52
 -93636.359   207.326    13.10    5.94
 -93260.509   211.067     9.95    5.75
 -92884.663   214.420     8.92    6.56
 -92508.822   219.446    13.37    5.89
 -92132.985   221.525     5.53    4.83
 -91757.153   221.505    -0.05    4.26
 -91381.325   219.949    -4.14    3.35
 -91005.502   218.209    -4.63    2.00
 -90629.683   218.146    -0.17    1.98
 -90253.869   219.275     3.00    2.83
 -89878.059   221.095     4.84    3.21
 -89502.254   222.546     3.86    2.42
 -89126.453   223.762     3.24    2.13
 -88750.657   224.659     2.39    2.36
 -88374.865   224.787     0.34    2.45
 -87999.078   223.356    -3.81    3.15
 -87623.295   221.249    -5.61    3.68
 -87247.516   219.525    -4.59    3.32
 -86871.743   218.401    -2.99    2.31
 -86495.973   219.069     1.78    2.57
 -86120.208   219.059    -0.03    2.71
 -85744.448   218.657    -1.07    2.98
 -85368.692   216.352    -6.13    4.05
 -84992.940   212.641    -9.88    4.47
 -84617.193   209.262    -8.99    3.98
 -84241.450   207.924    -3.56    3.17
 -83865.712   209.086     3.09    4.32
 -83489.978   212.362     8.72    5.64
 -83114.249   216.654    11.42    6.09
 -82738.524   221.112    11.87    6.18
 -82362.804   224.787     9.78    5.91
 -81987.088   226.146     3.62    4.80
 -81611.376   225.708    -1.17    4.86
 -81235.669   224.300    -3.75    3.84
 -80859.967   223.367    -2.48    2.63
 -80484.268   222.984    -1.02    2.51
 -80108.575   222.867    -0.31    2.58
 -79732.886   223.206     0.90    2.90
 -79357.201   221.864    -3.57    4.64
 -78981.520   218.069   -10.10    8.21
 -78605.844   213.067   -13.32   10.65
 -78230.173   204.843   -21.89   11.25
 -77854.506   194.816   -26.69   13.07
 -77478.843   186.814   -21.30   13.09
 -77103.185   183.187    -9.66   10.42
 -76727.115   184.059     2.32    9.64
 -76350.582   192.962    23.64   12.92
 -75974.054   201.735    23.30    9.83
 -75597.530   208.659    18.39    8.40
 -75221.011   214.627    15.85    5.82
 -74844.496   216.659     5.40    4.07
 -74467.986   218.657     5.30    2.86
 -74091.480   219.373     1.90    2.48
 -73714.978   219.659     0.76    2.10
 -73338.481   220.206     1.45    1.81
 -72961.989   219.062    -3.04    2.81
 -72585.500   216.582    -6.59    3.97
 -72209.017   213.762    -7.49    4.16
 -71832.537   209.897   -10.27    4.98
 -71456.062   205.183   -12.52    5.38
 -71079.592   200.920   -11.32    6.23
 -70703.126   195.787   -13.63    6.84
 -70326.664   191.519   -11.34    6.83
 -69950.207   185.908   -14.90    7.24
 -69573.754   182.377    -9.38    6.71
 -69197.305   179.972    -6.39    8.23
 -68820.861   178.893    -2.87   11.01
 -68444.421   177.736    -3.07   11.29
 -68067.986   177.454    -0.75   10.46
 -67691.555   176.901    -1.47    9.95
 -67315.129   172.993   -10.38   10.35
 -66938.707   166.951   -16.05   12.62
 -66562.289   158.172   -23.32   13.48
 -66185.876   146.662   -30.58   15.84
 -65809.467   132.448   -37.76   16.54
 -65433.063   119.546   -34.28   13.34
 -65056.662   110.356   -24.41    6.65
 -64680.267   108.356    -5.31    4.11
 -64303.875   108.867     1.36    4.01
 -63927.488   110.401     4.07    6.23
 -63551.106   117.287    18.30    9.09
 -63174.728   122.659    14.27    9.36
 -62798.354   126.681    10.69    8.52
 -62421.984   129.762     8.19    8.83
 -62045.619   130.920     3.08    7.29
 -61669.259   132.972     5.45    7.33
 -61292.902   136.472     9.30    7.48
 -60916.550   140.736    11.33    8.54
 -60540.203   147.519    18.02   10.42
 -60163.860   152.916    14.34   10.59
 -59787.521   158.112    13.81    9.60
 -59411.186   162.512    11.69    7.78
 -59034.856   167.329    12.80    7.27
 -58658.530   172.627    14.08    6.77
 -58282.209   175.437     7.47    5.83
 -57905.892   178.262     7.51    4.65
 -57529.579   180.390     5.66    2.58
 -57153.271   179.987    -1.07    2.28
 -56776.967   179.341    -1.72    2.49
 -56400.667   177.978    -3.62    2.17
 -56024.372   176.300    -4.46    2.27
 -55648.081   175.078    -3.25    2.53
 -55271.794   173.198    -5.00    2.77
 -54895.512   171.104    -5.56    2.15
 -54519.234   170.069    -2.75    1.88
 -54142.960   169.735    -0.89    1.67
 -53766.691   170.044     0.82    1.70
 -53390.426   170.487     1.18    1.74
 -53014.165   171.595     2.95    1.44
 -52637.909   172.221     1.66    1.73
 -52261.657   172.870     1.72    2.08
 -51885.410   173.464     1.58    1.84
 -51509.166   173.403    -0.16    1.81
 -51132.927   172.676    -1.93    2.24
 -50756.692   171.137    -4.09    2.84
 -50380.462   169.993    -3.04    2.40
 -50004.236   169.464    -1.40    1.91
 -49628.014   169.095    -0.98    1.68
 -49251.797   167.924    -3.11    3.71
 -48875.584   163.762   -11.06    7.36
 -48499.375   157.146   -17.58   10.14
 -48123.170   147.557   -25.49   12.98
 -47746.970   135.867   -31.07   13.42
 -47370.774   124.531   -30.13   12.29
 -46994.583   115.387   -24.31   10.42
 -46618.395   110.567   -12.81    6.45
 -46242.212   112.870     6.12    8.70
 -45866.034   122.078    24.48   11.35
 -45489.859   131.032    23.80   10.28
 -45113.689   139.920    23.63    9.08
 -44737.523   146.909    18.58    8.91
 -44361.362   154.137    19.22    9.85
 -43985.204   160.018    15.64    6.41
 -43609.051   162.095     5.52    4.15
 -43232.903   162.993     2.39    2.83
 -42856.758   162.113    -2.34    2.72
 -42480.618   161.198    -2.43    2.09
 -42104.482   161.018    -0.48    1.71
 -41728.351   161.223     0.55    1.76
 -41352.223   161.341     0.31    1.85
 -40976.100   161.146    -0.52    2.40
 -40599.981   160.537    -1.62    2.48
 -40223.867   159.546    -2.64    2.31
 -39847.757   158.393    -3.06    1.99
 -39471.651   157.446    -2.52    1.65
 -39095.549   156.221    -3.26    2.30
 -38719.451   155.044    -3.13    2.80
 -38343.358   153.387    -4.41    2.31
 -37967.269   151.864    -4.05    1.73
 -37591.184   151.018    -2.25    1.25
 -37215.104   150.708    -0.83    1.27
 -36839.028   150.069    -1.70    1.54
 -36462.956   149.086    -2.61    1.93
 -36086.888   147.685    -3.73    2.60
 -35710.825   145.993    -4.50    2.57
 -35334.765   144.472    -4.04    2.94
 -34958.710   142.972    -3.99    3.05
 -34582.660   139.916    -8.13    5.70
 -34206.613   135.993   -10.43    9.81
 -33830.571   128.464   -20.02   14.23
 -33454.533   119.505   -23.83   17.17
 -33078.499   111.221   -22.03   15.66
 -32702.469   103.314   -21.03   14.18
 -32326.444    94.377   -23.77   11.38
 -31950.423    86.512   -20.92   10.66
 -31574.406    78.762   -20.61    8.57
 -31198.393    75.275    -9.27    6.06
 -30822.385    74.113    -3.09    5.30
 -30446.381    78.505    11.68   12.46
 -30070.381    82.248     9.95   14.97
 -29694.385    83.018     2.05   13.79
 -29318.393    82.993    -0.07   13.50
 -28942.406    83.157     0.44   12.55
 -28566.423    85.893     7.28   13.89
 -28190.444    95.146    24.61   16.90
 -27814.469   102.121    18.55   14.93
 -27438.498   106.492    11.63   16.96
 -27062.532   104.352    -5.69   17.83
 -26686.570    98.492   -15.59   16.06
 -26310.612    94.223   -11.35   15.49
 -25934.658    86.326   -21.01   13.82
 -25558.709    78.481   -20.87    7.45
 -25182.763    76.916    -4.16    5.97
 -24806.822    78.864     5.18    7.28
 -24430.885    82.546     9.79    8.17
 -24054.952    85.505     7.87    7.55
 -23679.024    86.248     1.98    7.79
 -23303.099    89.813     9.48   10.47
 -22927.179    94.531    12.55   13.18
 -22551.263    98.130     9.57   11.26
 -22175.351    97.223    -2.41   11.82
 -21799.443    92.890   -11.53   13.33
 -21423.540    86.454   -17.12   11.10
 -21047.640    81.924   -12.05    8.51
 -20671.745    79.275    -7.05    9.32
 -20295.854    75.897    -8.99    8.85
 -19919.967    72.864    -8.07    7.13
 -19544.085    71.428    -3.82    6.71
 -19168.206    71.699     0.72    7.62
 -18792.332    72.300     1.60    8.59
 -18416.461    73.051     2.00    8.13
 -18040.595    70.464    -6.88    6.97
 -17664.734    65.377   -13.54    6.33
 -17288.876    63.086    -6.10    5.82
 -16913.022    62.762    -0.86    6.68
 -16537.173    65.198     6.48    8.91
 -16161.327    70.946    15.29   10.54
 -15785.486    77.209    16.66    7.58
 -15409.649    78.762     4.13    5.08
 -15033.816    75.967    -7.44    7.49
 -14657.988    70.356   -14.93    8.35
 -14282.163    66.762    -9.56    6.75
 -13906.343    65.627    -3.02    4.84
 -13530.526    67.839     5.89    4.99
 -13154.714    70.890     8.12    4.34
 -12778.906    73.449     6.81    3.90
 -12403.102    75.762     6.15    4.14
 -12027.303    78.735     7.91    3.90
 -11651.507    80.946     5.88    3.65
 -11275.715    81.326     1.01    4.61
 -10899.928    76.410   -13.08   11.64
 -10524.145    63.591   -34.11   21.02
 -10148.366    49.864   -36.53   23.05
  -9772.591    38.104   -31.30   21.58
  -9396.820    26.248   -31.55   14.50
  -9021.053    18.762   -19.92   10.09
  -8645.290    13.198   -14.81    6.72
  -8269.532     9.567    -9.66    4.37
  -7893.777     8.172    -3.71    2.21
  -7518.027     7.928    -0.65    1.95
  -7142.280     8.685     2.01    2.11
  -6766.538     8.505    -0.48    2.55
  -6390.800     8.821     0.84    3.03
  -6015.066     8.870     0.13    2.86
  -5639.336     9.708     2.23    3.29
  -5263.611    10.078     0.98    3.41
  -4887.889    10.403     0.87    3.57
  -4512.171    11.012     1.62    3.45
  -4136.458    11.420     1.09    3.16
  -3760.749    11.839     1.11    3.24
  -3385.043    11.121    -1.91    5.08
  -3009.342     8.735    -6.35    6.87
  -2633.645     6.314    -6.44    6.64
  -2257.952     4.377    -5.16    5.24
  -1882.263     3.401    -2.60    3.25
  -1505.944     2.967    -1.15    3.01
  -1129.450     1.873    -2.91    2.80
   -752.960     0.685    -3.16    1.83
   -376.474     0.018    -1.77    1.14
      0.008    -0.238    -0.68    0.00
    376.486    -0.238     0.00    0.00
    752.960     0.573     2.15    2.77
   1129.430     2.446     4.98    4.38
   1505.896     4.683     5.94    4.66
   1882.357     6.484     4.78    4.19
   2258.815     8.323     4.88    2.46
   2635.268     8.813     1.30    1.26
   3011.717     8.604    -0.56    1.46
   3388.163     8.249    -0.94    1.65
   3764.604     8.130    -0.32    1.76
   4141.041     8.762     1.68    2.12
   4517.474    10.410     4.38    2.87
   4893.903    12.146     4.61    3.21
   5270.328    14.262     5.62    2.40
   5646.749    15.505     3.30    2.16
   6023.166    15.762     0.68    2.18
   6399.579    14.556    -3.20    4.04
   6775.988    11.356    -8.50    6.31
   7152.392     8.410    -7.83    5.99
   7528.793     7.924    -1.29    6.14
   7905.189     8.221     0.79    5.97
   8281.582    10.262     5.42    7.16
   8657.970    12.537     6.04    9.57
   9034.355    10.993    -4.10    8.87
   9410.735     8.262    -7.26    5.79
   9787.112     7.993    -0.72    2.80
  10163.484     8.341     0.93    3.04
  10539.852     9.454     2.96    3.15
  10916.216     9.525     0.19    2.75
  11292.577    10.018     1.31    2.48
  11668.933     9.978    -0.11    3.12
  12045.285    10.341     0.96    3.83
  12421.633    12.662     6.17    5.58
  12797.977    15.790     8.31    6.63
  13174.317    20.867    13.49    8.18
  13550.653    27.627    17.96    8.92
  13926.985    34.762    18.96   10.27
  14303.313    45.600    28.80   15.21
  14679.637    55.262    25.68   18.22
  15055.957    64.287    23.98   18.12
  15432.273    75.209    29.02   19.20
  15808.585    84.978    25.96   18.96
  16184.893    94.941    26.48   14.03
  16561.197    99.946    13.30    8.27
  16937.497   100.634     1.83    5.31
  17313.793   100.551    -0.22    6.80
  17690.085   102.249     4.51    8.45
  18066.373   105.924     9.77    9.02
  18442.656   109.078     8.38    8.78
  18818.936   111.887     7.47    8.77
  19195.212   113.762     4.98    7.09
  19571.484   116.762     7.97    6.60
  19947.752   119.789     8.04    4.77
  20324.016   122.870     8.19    5.56
  20700.276   127.464    12.21    6.13
  21076.532   131.401    10.46    5.30
  21452.784   133.212     4.81    4.09
  21829.032   134.172     2.55    2.90
  22205.276   134.005    -0.44    2.52
  22581.516   133.454    -1.46    2.83
  22957.752   132.735    -1.91    3.23
  23333.984   133.352     1.64    3.07
  23710.212   132.657    -1.85    3.17
  24086.436   131.352    -3.47    5.23
  24462.657   129.059    -6.09    8.11
  24838.873   123.864   -13.81   11.24
  25215.085   119.287   -12.17   12.33
  25591.293   111.428   -20.89   12.43
  25967.498   103.993   -19.77   11.87
  26343.698    92.735   -29.92   15.25
  26719.894    81.194   -30.68   16.74
  27096.087    67.627   -36.07   15.24
  27472.275    58.567   -24.08   12.85
  27848.460    54.362   -11.18   11.92
  28224.640    54.146    -0.57   12.60
  28600.817    54.492     0.92   12.15
  28976.990    51.352    -8.35   11.74
  29353.158    45.843   -14.64   12.05
  29729.323    38.657   -19.10    9.08
  30105.484    32.121   -17.37    8.53
  30481.641    28.967    -8.38    6.39
  30857.794    27.140    -4.86    6.63
  31233.943    28.967     4.86   10.36
  31610.088    31.462     6.63   12.89
  31986.229    34.302     7.55   15.12
  32362.366    33.062    -3.30   12.22
  32738.500    35.005     5.17   11.74
  33114.629    39.221    11.21   13.44
  33490.754    46.032    18.11   17.36
  33866.876    55.448    25.03   23.56
  34242.993    51.612   -10.20   18.75
  34619.107    47.262   -11.57   12.22
  34995.217    47.356     0.25    9.89
  35371.323    51.582    11.24   15.30
  35747.425    59.005    19.74   21.35
  36123.523    62.709     9.85   22.42
  36499.617    66.916    11.18   21.84
  36875.707    68.946     5.40   17.92
  37251.793    73.059    10.94   15.73
  37627.875    87.736    39.03   25.04
  38003.954   108.437    55.04   39.73
  38380.029   126.843    48.94   38.49
  38756.099   134.987    21.66   34.29
  39132.166   133.814    -3.12   24.29
  39508.229   133.654    -0.43   15.78
  39884.288   135.492     4.89   13.64
  40260.343   140.648    13.71   17.93
  40636.394   148.121    19.87   27.77
  41012.441   163.162    40.00   40.42
  41388.485   186.843    62.97   66.42
  41764.524   239.864   141.00   89.81
  42140.560   275.845    95.68   78.40
  42516.592   276.249     1.07   69.35
  42892.619   248.736   -73.17   67.89
  43268.643   210.920  -100.57   59.15
  43644.664   178.893   -85.17   48.93
  44020.680   156.736   -58.93   48.18
  44396.692   136.012   -55.12   39.46
  44772.701   131.708   -11.45   32.83
  45148.705   158.737    71.88   68.16
  45524.706   190.946    85.66   73.49
  45900.703   204.843    36.96   64.28
  46276.696   191.735   -34.86   55.05
  46652.685   161.590   -80.17   41.81
  47028.670   140.352   -56.49    9.54
  47404.652   135.687   -12.41    8.59
  47780.629   133.113    -6.85    8.57
  48156.603   129.736    -8.98    8.88
  48532.573   124.595   -13.67    9.42
  48908.539   120.223   -11.63    7.43
  49284.501   116.531    -9.82    6.78
  49660.460   113.051    -9.26    6.65
  50036.414   111.288    -4.69    5.39
  50412.365   110.480    -2.15    6.36
  50788.311   110.537     0.15    9.10
  51164.254   107.140    -9.03   10.85
  51540.194   105.454    -4.48   10.53
  51916.129   106.946     3.97   11.81
  52292.060   110.356     9.07   14.27
  52667.988   109.816    -1.44   13.55
  53043.912   107.048    -7.36   15.54
  53419.832   102.685   -11.61   12.46
  53795.748    99.837    -7.58    7.12
  54171.660   104.492    12.38   13.29
  54547.568   124.095    52.15   32.41
  54923.473   143.178    50.77   34.11
  55299.374   145.198     5.37   33.84
  55675.271   136.736   -22.51   33.13
  56051.164   118.499   -48.52   22.09
  56427.053   108.235   -27.30    8.97
  56802.939   107.608    -1.67    7.75
  57178.821   110.187     6.86   11.71
  57554.699   112.654     6.56   12.83
  57930.573   116.582    10.45   15.15
  58306.443   121.367    12.73   16.70
  58682.310   125.113     9.97   20.85
  59058.172   129.627    12.01   23.53
  59434.031   138.648    24.00   29.95
  59809.886   152.377    36.53   34.73
  60185.738   176.437    64.01   40.83
  60561.585   192.627    43.07   37.17
  60937.429   194.326     4.52   43.15
  61313.269   173.012   -56.71   52.23
  61689.105   140.352   -86.90   35.89
  62064.937   118.121   -59.15   13.62
  62440.766   113.604   -12.02    9.61
  62816.591   114.735     3.01    8.27
  63192.412   117.557     7.51    6.49
  63568.229   119.812     6.00    4.92
  63944.042   119.302    -1.36    5.11
  64319.852   116.659    -7.03    6.59
  64695.658   112.841   -10.16    7.73
  65071.460   110.978    -4.96    7.40
  65447.258   110.275    -1.87    7.32
  65823.053   111.019     1.98    7.89
  66198.844   114.428     9.07    7.33
  66574.631   117.480     8.12    9.64
  66950.414   119.735     6.00    9.69
  67326.194   118.454    -3.41   11.06
  67701.969   115.984    -6.57   10.78
  68077.741   113.711    -6.05    8.77
  68453.510   112.300    -3.75    5.46
  68829.274   118.209    15.72    9.76
  69205.035   121.843     9.67    9.40
  69580.792   124.352     6.68    9.74
  69956.545   121.981    -6.31   11.28
  70332.294   116.484   -14.63   11.06
  70708.040   112.249   -11.27   10.13
  71083.782   107.709   -12.08    5.83
  71459.520   106.843    -2.31    6.66
  71835.255   105.221    -4.32    6.85
  72210.986   106.019     2.12    7.22
  72586.713   118.403    32.96   27.65
  72962.436   141.916    62.58   53.51
  73338.222   169.681    73.88   67.15
  73714.685   188.685    50.48   67.29
  74091.144   195.345    17.69   70.43
  74467.600   173.352   -58.42   58.42
  74844.052   160.685   -33.65   36.78
  75220.500   162.288     4.26   30.37
  75596.945   168.627    16.84   29.86
  75973.385   177.711    24.13   29.44
  76349.822   178.542     2.21   26.24
  76726.256   182.978    11.78   25.23
  77102.685   185.685     7.19   21.47
  77479.111   174.130   -30.70   22.32
  77855.533   166.897   -19.22   22.56
  78231.951   158.329   -22.76   22.29
  78608.366   157.476    -2.27   22.96
  78984.777   166.146    23.03   29.13
  79361.184   163.212    -7.80   34.06
  79737.587   161.627    -4.21   36.43
  80113.987   153.326   -22.05   36.38
  80490.383   141.151   -32.35   26.89
  80866.776   137.044   -10.91   21.26
  81243.164   133.300    -9.95   15.50
  81619.549   134.051     2.00   16.41
  81995.930   134.814     2.03   18.81
  82372.308   135.095     0.75   18.98
  82748.681   129.437   -15.03   12.12
  83125.051   126.140    -8.76    3.82
  83501.418   126.237     0.26    4.78
  83877.780   128.377     5.69   10.40
  84254.139   128.681     0.81   10.62
  84630.495   129.789     2.94   10.74
  85006.846   129.356    -1.15    6.33
  85383.194   131.736     6.32    6.73
  85759.538   139.454    20.51   16.74
  86135.879   152.897    35.72   28.46
  86512.216   168.198    40.66   28.54
  86888.549   177.956    25.93   24.99
  87264.878   193.183    40.46   29.22
  87641.204   204.018    28.79   28.52
  88017.526   221.221    45.71   23.39
  88393.845   226.578    14.23   19.81
  88770.159   229.025     6.50   20.54
  89146.470   232.737     9.86   22.76
  89522.778   235.302     6.82   23.28
  89899.081   235.323     0.05   25.64
  90275.381   234.967    -0.95   26.69
  90651.678   230.897   -10.82   27.55
  91027.971   221.654   -24.56   28.56
  91404.260   213.924   -20.54   24.94
  91780.545   214.890     2.57   24.23
  92156.827   218.762    10.29   25.85
  92533.105   223.040    11.37   26.79
  92909.379   228.352    14.12   25.81
  93285.650   224.183   -11.08   21.38
  93661.917   222.681    -3.99   23.26
  94038.181   228.813    16.30   33.79
  94414.440   233.789    13.22   40.08
  94790.697   239.839    16.08   45.06
  95166.949   240.735     2.38   49.21
  95543.198   249.662    23.72   46.26
  95919.443   252.735     8.17   43.11
  96295.685   261.981    24.58   34.20
  96671.923   273.428    30.42   23.41
  97048.157   280.290    18.24   12.75
  97424.388   279.546    -1.98   15.17
  97800.615   289.573    26.65   27.11
  98176.838   293.813    11.27   33.68
  98553.058   299.608    15.40   38.45
  98929.274   303.651    10.75   42.05
  99305.487   295.377   -21.99   45.66
  99681.696   294.393    -2.61   39.96
 100057.901   290.924    -9.22   38.13
 100434.103   257.428   -89.03   46.27
 100810.301   235.867   -57.31   40.29
 101186.495   216.121   -52.49   31.65
 101562.686   203.551   -33.41   26.38
 101938.873   200.262    -8.74   20.73
 102315.057   188.627   -30.93   21.93
 102691.237   173.518   -40.16   26.20
 103067.413   156.890   -44.20   25.73
 103443.586   142.456   -38.37   23.38
 103819.755   136.032   -17.08   19.29
 104195.921   135.924    -0.29   15.99
 104572.083   144.893    23.84   26.18
 104948.241   160.916    42.59   33.94
 105324.396   174.648    36.50   33.09
 105700.547   186.146    30.57   30.30
 106076.695   194.946    23.39   26.01
 106452.839   198.706    10.00   22.65
 106828.979   206.172    19.85   25.84
 107205.116   219.356    35.05   30.47
 107581.249   234.403    40.00   32.10
 107957.379   252.608    48.40   27.05
 108333.505   257.362    12.64   23.26
 108709.627   247.157   -27.13   32.18
 109085.746   230.300   -44.82   30.53
 109461.862   229.839    -1.23   33.31
 109837.973   248.456    49.50   50.13
 110214.082   282.897    91.57   58.30
 110590.186   315.897    87.74   45.48
 110966.287   330.464    38.73   38.89
 111342.385   322.531   -21.09   41.19
 111718.479   299.379   -61.56   18.43
 112094.569   297.839    -4.10   17.57
 112470.656   299.893     5.46   17.33
 112846.739   299.762    -0.35   21.33
 113222.819   287.608   -32.32   31.18
 113598.895   272.248   -40.84   36.36
 113974.967   260.223   -31.97   35.45
 114351.036   254.249   -15.89   41.39
 114727.102   259.687    14.46   43.58
 115103.164   271.446    31.27   40.77
 115479.222   279.531    21.50   38.57
 115855.277   292.864    35.45   34.58
 116231.328   303.484    28.24   23.36
 116607.376   307.221     9.94   21.14
 116983.420   307.059    -0.43   17.18
 117359.461   304.410    -7.04   12.06
 117735.498   302.916    -3.98    8.40
 118111.531   304.615     4.52    7.29
 118487.561   303.862    -2.00    7.73
 118863.588   300.393    -9.22    8.85
 119239.611   298.428    -5.23    8.73
 119615.630   298.685     0.68    8.59
 119991.646   299.735     2.79    7.80
 120367.659   299.095    -1.70    7.93
 120743.667   297.326    -4.71    7.38
 121119.673   294.121    -8.52    6.70
 121495.675   294.209     0.24    7.30
 121871.673   295.249     2.77    7.42
 122247.668   297.428     5.80    7.07
 122623.659   300.595     8.42    5.08
 122999.647   301.708     2.96    4.18
 123375.631   303.464     4.67    5.17
 123751.612   304.627     3.09    4.76
 124127.589   304.839     0.56    5.74
 124503.563   303.590    -3.32    6.56
 124879.533   301.937    -4.40    6.75
 125255.500   301.525    -1.10    6.66
 125631.463   302.067     1.44    5.24
 126007.423   303.557     3.96    6.03
 126383.379   305.870     6.15    6.30
 126759.332   307.659     4.76    7.04
 127135.281   309.428     4.71    8.81
 127511.227   311.198     4.71    9.10
 127887.169   311.709     1.36    6.99
 128263.108   309.993    -4.57    8.56
 128639.043   307.223    -7.37   10.05
 129014.975   305.151    -5.51    9.25
 129390.903   303.113    -5.42   10.17
 129766.828   302.113    -2.66   10.59
 130142.750   305.167     8.12   13.52
 130518.667   303.864    -3.47   14.09
 130894.582   298.590   -14.03   14.63
 131270.493   296.237    -6.26   15.11
 131646.400   293.420    -7.49   10.68
 132022.304   299.901    17.24   16.31
 132398.205   304.685    12.73   14.48
 132774.102   309.032    11.56   15.47
 133149.996   314.428    14.36   15.87
 133525.886   326.018    30.83   32.96
 133901.772   342.198    43.04   40.71
 134277.656   348.762    17.46   43.47
 134653.535   340.249   -22.65   47.65
 135029.412   311.587   -76.25   41.11
 135405.285   287.678   -63.61   22.46
 135781.154   281.275   -17.04   17.51
 136157.020   279.383    -5.03   13.49
 136532.883   279.059    -0.86   12.31
 136908.742   278.377    -1.81   13.74
 137284.597   275.848    -6.73   14.55
 137660.449   271.637   -11.20   15.36
 138036.298   269.657    -5.27   16.04
 138412.143   269.151    -1.35   14.51
 138787.985   276.223    18.82   13.80
 139163.824   280.262    10.74   14.10
 139539.659   284.993    12.59   13.71
 139915.490   289.630    12.34   13.08
 140291.319   293.069     9.15   11.67
 140667.143   297.157    10.87    9.20
 141042.965   297.249     0.25    7.37
 141418.782   296.312    -2.49    7.45
 141794.597   295.095    -3.24    7.45
 142170.408   294.519    -1.53    8.06
 142546.215   294.005    -1.37    8.62
 142922.020   293.437    -1.51    8.98
 143297.820   292.608    -2.21    9.63
 143673.618   292.933     0.87   11.22
 144049.412   294.237     3.47   11.73
 144425.202   299.262    13.37   11.83
 144800.989   300.113     2.27   10.54
 145176.773   299.146    -2.57    9.30
 145552.553   296.051    -8.24    8.52
 145928.330   293.813    -5.96    7.91
 146304.104   290.604    -8.54    6.98
 146679.874   289.428    -3.13    6.52
 147055.641   289.275    -0.41    5.67
 147431.404   287.146    -5.67    5.86
 147807.164   284.787    -6.28    6.30
 148182.920   283.401    -3.69    5.29
 148558.948   281.410    -5.29    6.21
 148935.377   279.248    -5.74    5.86
 149311.802   279.464     0.57    4.78
 149688.225   280.999     4.08    5.35
 150064.643   284.305     8.78    5.59
 150441.059   286.462     5.73    7.45
 150817.471   286.788     0.87    9.25
 151193.879   285.464    -3.52   11.38
 151570.284   284.018    -3.84   15.71
 151946.686   285.893     4.98   18.05
 152323.085   291.146    13.96   15.72
 152699.480   296.499    14.22   11.43
 153075.871   299.813     8.81    6.10
 153452.260   300.086     0.73    5.98
 153828.645   299.183    -2.40    6.48
 154205.026   297.462    -4.57    7.88
 154581.404   296.428    -2.75    7.68
 154957.779   295.546    -2.35    8.61
 155334.150   292.464    -8.19    7.82
 155710.519   289.600    -7.61    6.94
 156086.883   289.546    -0.14    7.76
 156463.245   290.333     2.09    7.70
 156839.602   291.687     3.60    7.72
 157215.957   293.659     5.24    6.97
 157592.308   296.302     7.02    6.78
 157968.656   298.864     6.81    6.67
 158345.001   300.999     5.67    5.80
 158721.342   300.735    -0.70    5.62
 159097.680   299.262    -3.92    6.94
 159474.014   295.659    -9.57    6.85
 159850.345   293.383    -6.05    6.33
 160226.673   290.104    -8.71    5.83
 160602.997   288.112    -5.29    5.14
 160979.318   287.790    -0.86    5.33
 161355.636   286.920    -2.31    4.18
 161731.950   286.897    -0.06    4.61
 162108.261   286.843    -0.14    5.49
 162484.569   285.978    -2.30    4.66
 162860.873   284.928    -2.79    4.71
 163237.174   286.262     3.54    5.83
 163613.472   285.890    -0.99    5.19
 163989.766   284.762    -3.00    4.50
 164366.057   284.813     0.14    3.94
 164742.345   283.627    -3.15    3.82
 165118.630   283.288    -0.90    3.33
 165494.911   285.069     4.73    4.09
 165871.188   287.428     6.27    4.23
 166247.463   290.032     6.92    4.84
 166623.734   291.762     4.60    4.11
 167000.002   292.095     0.89    3.47
 167376.266   294.005     5.08    4.29
 167752.527   295.403     3.71    5.00
 168128.785   296.735     3.54    4.54
 168505.040   298.086     3.59    5.23
 168881.291   298.843     2.01    5.61
 169257.539   299.733     2.37    5.54
 169633.783   302.687     7.85    6.67
 170010.025   303.887     3.19    5.91
 170386.263   305.897     5.34    9.43
 170762.497   305.582    -0.84    9.22
 171138.729   304.393    -3.16    9.16
 171514.957   303.711    -1.81    9.69
 171891.182   301.941    -4.70    5.39
 172267.403   302.025     0.22    5.62
 172643.622   303.600     4.19    7.47
 173019.836   304.235     1.69    6.80
 173396.048   304.512     0.73    6.57
 173772.257   305.194     1.81    6.44
 174148.462   305.137    -0.15    4.89
 174524.663   307.288     5.72    7.30
 174900.862   308.654     3.63    7.25
 175277.057   310.654     5.32    6.73
 175653.249   313.956     8.78    6.96
 176029.438   314.505     1.46    6.04
 176405.623   314.812     0.81    6.81
 176781.806   316.059     3.32    7.91
 177157.985   317.812     4.66    9.25
 177534.160   317.393    -1.11    8.74
 177910.333   315.659    -4.61    7.48
 178286.502   312.762    -7.70    7.60
 178662.668   311.814    -2.52    7.47
 179038.830   311.393    -1.12    7.27
 179414.989   312.472     2.87    8.07
 179791.146   314.462     5.29    8.30
 180167.298   314.167    -0.78   10.17
 180543.448   314.287     0.32   11.23
 180919.594   312.999    -3.42   10.54
 181295.737   310.095    -7.72   10.63
 181671.877   309.410    -1.82   11.24
 182048.014   308.151    -3.35   11.54
 182424.147   301.993   -16.37   13.18
 182800.277   298.212   -10.05   13.63
 183176.404   296.492    -4.57   13.45
 183552.528   296.487    -0.01   14.21
 183928.648   297.920     3.81   16.72
 184304.765   295.183    -7.28   18.36
 184680.879   290.104   -13.50   21.52
 185056.990   289.044    -2.82   20.18
 185433.097   284.604   -11.80   21.13
 185809.202   274.194   -27.68   24.90
 186185.303   264.687   -25.28   24.67
 186561.400   254.540   -26.98   17.14
 186937.495   247.062   -19.88   16.09
 187313.586   242.839   -11.23   18.46
 187689.674   225.790   -45.33   37.50
 188065.759   195.410   -80.77   65.01
 188441.841   166.290   -77.43   76.23
 188817.919   144.993   -56.63   77.97
 189193.995   137.112   -20.95   71.57
 189570.067   135.978    -3.01   63.56
 189946.136   118.987   -45.18   63.22
 190322.201    99.352   -52.21   60.06
 190698.264    78.788   -54.68   54.88
 191074.323    66.551   -32.54   36.49
 191450.379    75.326    23.33   45.57
 191826.432    91.893    44.05   48.93
 192202.481   105.928    37.32   53.56
 192578.528   101.146   -12.72   48.69
 192954.571   105.681    12.06   43.89
 193330.611   105.087    -1.58   36.58
 193706.648   114.352    24.64   41.32
 194082.682   132.956    49.47   50.95
 194458.712   168.464    94.43   60.28
 194834.739   207.790   104.58   38.31
 195210.764   227.235    51.71   24.81
 195586.785   236.993    25.95   20.08
 195962.802   239.951     7.87   14.71
 196338.817   238.362    -4.23   15.31
 196714.828   232.275   -16.19   15.54
 197090.837   228.341   -10.46   13.16
 197466.842   228.157    -0.49   12.40
 197842.844   229.069     2.43   11.22
 198218.842   228.582    -1.30   10.31
 198594.838   229.151     1.51    9.97
 198970.830   232.941    10.08   12.42
 199346.819   240.234    19.40   14.97
 199722.805   245.612    14.30   12.64
 200098.788   251.249    14.99   11.01
 200474.768   253.219     5.24    9.69
 200850.745   253.329     0.29    9.41
 201226.718   252.437    -2.37   10.53
 201602.688   244.472   -21.18   14.48
 201978.656   238.557   -15.73   16.88
 202354.620   233.275   -14.05   16.42
 202730.580   226.912   -16.93   14.74
 203106.538   222.608   -11.45   12.05
 203482.493   219.525    -8.20   11.07
 203858.444   216.113    -9.07   10.49
 204234.392   214.608    -4.00   10.19
 204610.337   211.044    -9.48    9.25
 204986.279   212.873     4.87    9.61
 205362.218   214.762     5.02   14.99
 205738.154   217.928     8.42   18.55
 206114.087   222.300    11.63   19.09
 206490.016   225.069     7.37   16.47
 206865.942   224.762    -0.82   15.32
 207241.866   227.410     7.05   13.86
 207617.786   231.683    11.36   15.18
 207993.703   236.472    12.74   16.75
 208369.616   238.362     5.03   17.41
 208745.527   239.437     2.86   17.45
 209121.435   239.591     0.41   13.59
 209497.339   241.890     6.12   13.53
 209873.241   241.025    -2.30   14.61
 210249.139   243.708     7.14   14.91
 210625.034   248.198    11.94   16.63
 211000.926   248.505     0.82   12.84
 211376.815   251.623     8.29   10.97
 211752.701   253.352     4.60    8.75
 212128.584   257.984    12.32    7.30
 212504.463   258.967     2.61    7.43
 212880.340   262.069     8.25    5.91
 213256.213   264.556     6.61    7.23
 213632.083   266.762     5.87    7.02
 214007.951   268.410     4.39    6.73
 214383.815   266.546    -4.96    9.98
 214759.676   261.437   -13.59   12.51
 215135.534   256.627   -12.80   13.34
 215511.389   256.162    -1.24   15.14
 215887.240   259.172     8.01   18.69
 216263.089   267.531    22.24   20.44
 216638.935   275.654    21.61   20.12
 217014.777   277.377     4.59   19.37
 217390.617   278.814     3.82   19.19
 217766.453   276.595    -5.90   13.80
 218142.286   277.630     2.75    9.81
 218518.117   280.401     7.37    9.39
 218893.944   285.130    12.58   10.18
 219269.768   290.480    14.23   15.20
 219645.589   293.368     7.68   16.01
 220021.407   290.654    -7.22   18.83
 220397.222   284.383   -16.68   10.15
 220773.034   281.681    -7.19   10.48
 221148.842   278.582    -8.24    9.79
 221524.648   278.681     0.26   11.36
 221900.451   281.300     6.97   11.87
 222276.250   283.505     5.87   10.74
 222652.047   287.557    10.78    9.63
 223027.840   289.978     6.44    9.11
 223403.631   287.659    -6.17    9.89
 223779.861   287.578    -0.22   10.42
 224156.257   288.373     2.11   10.17
 224532.651   288.573     0.53    9.47
 224909.041   288.492    -0.22    8.69
 225285.428   285.972    -6.69    8.68
 225661.812   284.736    -3.28    7.82
 226038.194   283.262    -3.92    5.32
 226414.572   282.920    -0.91    4.58
 226790.947   285.302     6.33    4.99
 227167.319   287.410     5.60    5.47
 227543.688   287.813     1.07    6.13
 227920.054   287.843     0.08    6.07
 228296.416   286.685    -3.08    6.93
 228672.776   284.608    -5.52    5.77
 229049.133   284.121    -1.29    5.67
 229425.487   284.492     0.99    8.80
 229801.838   284.223    -0.71    9.34
 230178.185   283.472    -2.00    9.23
 230554.530   286.234     7.34   11.20
 230930.872   288.051     4.83    9.70
 231307.210   288.492     1.17    8.44
 231683.546   288.551     0.16    8.76
 232059.879   287.685    -2.30    8.77
 232436.208   287.293    -1.04    8.68
 232812.535   285.505    -4.75    8.32
 233188.858   284.993    -1.36    7.73
 233565.179   284.978    -0.04    6.24
 233941.496   286.223     3.31    5.03
 234317.811   287.275     2.80    4.59
 234694.122   288.762     3.95    4.19
 235070.431   289.916     3.07    4.74
 235446.736   290.393     1.27    5.04
 235823.039   290.025    -0.98    5.91
 236199.338   289.121    -2.40    6.03
 236575.635   287.480    -4.36    5.25
 236951.928   287.248    -0.62    5.01
 237328.219   287.814     1.50    4.07
 237704.507   288.762     2.52    3.70
 238080.791   290.221     3.88    2.98
 238457.073   290.130    -0.24    2.94
 238833.351   289.481    -1.73    2.90
 239209.627   288.069    -3.75    2.82
 239585.899   287.095    -2.59    2.56
 239962.169   286.567    -1.40    3.03
 240338.435   284.916    -4.39    3.17
 240714.699   284.290    -1.66    2.92
 241090.960   285.403     2.96    3.08
 241467.217   287.051     4.38    3.78
 241843.472   288.978     5.12    4.58
 242219.724   290.446     3.90    4.42
 242595.972   291.839     3.70    4.33
 242972.218   292.347     1.35    3.62
 243348.461   292.623     0.73    3.47
 243724.701   292.446    -0.47    2.64
 244100.938   291.630    -2.17    2.99
 244477.172   290.519    -2.95    3.17
 244853.403   289.302    -3.23    2.71
 245229.631   288.026    -3.39    2.85
 245605.856   287.352    -1.79    2.80
 245982.078   286.941    -1.09    2.72
 246358.297   286.595    -0.92    2.96
 246734.513   286.685     0.24    3.30
 247110.726   286.651    -0.09    3.48
 247486.937   285.993    -1.75    3.72
 247863.144   284.531    -3.88    3.07
 248239.348   283.978    -1.47    2.94
 248615.550   283.130    -2.25    2.76
 248991.748   282.967    -0.43    2.66
 249367.944   283.152     0.49    2.48
 249744.137   282.086    -2.83    2.47
 250120.326   281.890    -0.52    2.73
 250496.513   281.025    -2.30    2.73
 250872.697   280.519    -1.35    2.47
 251248.878   279.627    -2.37    3.15
 251625.056   279.562    -0.17    2.90
 252001.231   279.967     1.08    3.74
 252377.403   279.912    -0.15    4.89
 252753.572   279.428    -1.28    5.12
 253129.738   279.275    -0.41    4.99
 253505.902   278.067    -3.21    4.73
 253882.062   278.403     0.89    5.12
 254258.220   280.121     4.57    5.70
 254634.374   281.051     2.47    5.68
 255010.526   282.999     5.18    5.06
 255386.675   285.480     6.60    4.42
 255762.821   286.487     2.68    3.16
 256138.964   286.519     0.08    3.40
 256515.104   286.403    -0.31    3.33
 256891.241   284.659    -4.64    3.31
 257267.375   284.956     0.79    4.08
 257643.506   285.897     2.50    4.18
 258019.635   286.262     0.97    4.25
 258395.760   288.634     6.31    4.80
 258771.883   289.237     1.60    4.11
 259148.003   289.032    -0.54    4.90
 259524.120   287.403    -4.33    5.69
 259900.234   285.456    -5.18    5.54
 260276.345   286.630     3.12    5.71
 260652.453   287.198     1.51    5.78
 261028.558   289.446     5.98    5.89
 261404.661   291.183     4.62    5.01
 261780.760   292.393     3.22    5.81
 262156.857   294.662     6.03    6.31
 262532.951   297.383     7.24   10.52
 262909.042   297.337    -0.12   10.08
 263285.130   297.198    -0.37    9.90
 263661.215   296.928    -0.72    9.55
 264037.297   296.546    -1.02    5.19
 264413.377   297.928     3.68    4.99
 264789.453   298.946     2.71    6.91
 265165.527   299.262     0.84    7.34
 265541.598   302.221     7.87   10.85
 265917.666   303.562     3.56   11.81
 266293.731   303.870     0.82   12.30
 266669.793   299.551   -11.48    6.34
 267045.853   299.972     1.12    6.09
 267421.909   300.839     2.30    5.73
 267797.963   301.121     0.75    4.86
 268174.014   302.078     2.54    5.21
 268550.062   302.537     1.22    6.27
 268926.107   301.206    -3.54    6.69
 269302.149   300.987    -0.58    6.35
 269678.189   300.709    -0.74    6.78
 270054.225   300.262    -1.19    6.96
 270430.259   298.708    -4.13    7.64
 270806.290   296.546    -5.75    6.04
 271182.318   293.941    -6.93    4.66
 271558.343   294.137     0.52    4.04
 271934.366   295.464     3.53    4.77
 272310.385   297.887     6.44    6.98
 272686.402   300.813     7.78    7.07
 273062.416   301.920     2.94    7.64
 273438.427   300.446    -3.92    7.59
 273814.435   297.582    -7.62    8.08
 274190.441   296.367    -3.23    6.19
 274566.443   296.095    -0.72    5.42
 274942.443   298.813     7.23    5.97
 275318.440   301.897     8.20    6.13
 275694.434   304.037     5.69    8.10
 276070.426   304.916     2.34    8.58
 276446.414   302.928    -5.28    8.88
 276822.400   300.789    -5.69    9.81
 277198.383   297.302    -9.27   10.07
 277574.363   295.341    -5.22    9.14
 277950.341   294.403    -2.49    8.04
 278326.315   294.194    -0.55    7.64
 278702.287   297.962    10.02    6.88
 279078.256   299.993     5.40    6.95
 279454.222   303.578     9.53    8.39
 279830.185   306.762     8.47    7.44
 280206.146   309.044     6.07    7.86
 280582.103   314.403    14.25    9.13
 280958.058   319.345    13.15   10.63
 281334.010   326.454    18.91   11.38
 281709.960   332.373    15.74    6.16
 282085.906   333.612     3.30    5.43
 282461.850   331.146    -6.56    6.09
 282837.791   328.676    -6.57    6.51
 283213.729   325.978    -7.18    7.33
 283589.665   323.356    -6.97    8.03
 283965.597   321.104    -5.99    8.28
 284341.527   319.352    -4.66    7.64
 284717.454   318.681    -1.78    7.57
 285093.379   317.537    -3.04    7.01
 285469.300   317.377    -0.42    6.52
 285845.219   315.893    -3.95    6.32
 286221.135   313.032    -7.61    6.43
 286597.048   310.582    -6.52    4.51
 286972.959   308.403    -5.80    4.21
 287348.867   307.845    -1.48    4.26
 287724.772   307.069    -2.06    4.28
 288100.674   306.678    -1.04    4.66
 288476.573   306.531    -0.39    4.64
 288852.470   305.608    -2.46    6.66
 289228.364   302.580    -8.05    5.99
 289604.255   301.329    -3.33    5.43
 289980.144   301.897     1.51    5.95
 290356.029   303.383     3.95    7.51
 290731.912   307.237    10.25    7.34
 291107.793   309.329     5.57    6.47
 291483.670   311.787     6.54    7.03
 291859.545   314.275     6.62    6.82
 292235.417   316.839     6.82    7.11
 292611.286   317.356     1.38    5.41
 292987.152   316.300    -2.81    5.64
 293363.016   315.683    -1.64    5.88
 293738.877   315.734     0.14    4.51
 294114.736   316.788     2.80    5.84
 294490.591   316.373    -1.10    4.03
 294866.444   316.814     1.17    4.29
 295242.294   316.813    -0.00    4.54
 295618.142   318.543     4.60    5.01
 295993.986   319.870     3.53    4.69
 296369.828   319.681    -0.50    5.02
 296745.668   320.627     2.52    5.20
 297121.504   319.146    -3.94    5.19
 297497.338   317.654    -3.97    4.72
 297873.169   317.813     0.42    5.48
 298248.997   318.095     0.75    5.10
 298624.849   320.198     5.59    4.40
 299001.216   322.627     6.45    7.37
 299377.580   327.326    12.49   10.91
 299753.942   334.288    18.50   20.59
 300130.301   354.401    53.44   41.43
 300506.657   372.708    48.64   47.33
 300883.010   391.492    49.91   45.01
 301259.361   406.183    39.03   46.10
 301635.709   418.095    31.65   46.53
 302012.054   437.887    52.59   56.68
 302388.397   460.788    60.85   75.91
 302764.737   468.428    20.30   76.76
 303141.074   493.059    65.44   77.15
 303517.409   526.275    88.26  103.20
 303893.741   553.113    71.31  115.86
 304270.070   561.480    22.23  110.22
 304646.396   563.480     5.31  115.26
 305022.720   528.709   -92.39   95.79
 305399.041   498.420   -80.48  102.33
 305775.360   466.044   -86.03   94.58
 306151.675   428.709   -99.21   85.86
 306527.988   390.428  -101.72   68.51
 306904.299   359.437   -82.35   45.47
 307280.606   334.546   -66.14   25.12
 307656.911   323.951   -28.15   17.69
 308033.214   313.762   -27.08   11.70
 308409.513   311.887    -4.98   12.02
 308785.810   312.941     2.80   11.46
 309162.105   316.275     8.86   13.24
 309538.396   318.734     6.54   11.64
 309914.685   318.121    -1.63   11.36
 310290.972   316.897    -3.25   10.51
 310667.255   314.813    -5.54   11.32
 311043.536   315.735     2.45   11.83
 311419.815   313.446    -6.08   11.12
 311796.090   314.762     3.50   11.38
 312172.363   317.634     7.63   12.62
 312548.634   318.079     1.18   14.01
 312924.902   317.600    -1.27   10.38
 313301.167   316.920    -1.81    9.80
 313677.429   318.262     3.57   10.55
 314053.689   318.978     1.90    8.91
 314429.946   321.032     5.46    9.66
 314806.200   323.585     6.79    8.83
 315182.452   325.121     4.08    9.99
 315558.702   323.890    -3.27    9.08
 315934.948   323.567    -0.86    9.04
 316311.192   322.762    -2.14    9.83
 316687.433   323.262     1.33   10.62
 317063.672   324.352     2.90    9.77
 317439.908   323.893    -1.22    9.10
 317816.142   322.657    -3.29    8.18
 318192.372   321.600    -2.81    8.83
 318568.600   321.711     0.29    9.56
 318944.826   322.445     1.95   10.25
 319321.049   324.317     4.98   10.68
 319697.269   326.069     4.66    8.92
 320073.487   327.288     3.24    8.66
 320449.702   326.654    -1.69    8.59
 320825.914   323.978    -7.11    8.63
 321202.124   323.276    -1.87    8.32
 321578.331   326.275     7.97    8.95
 321954.536   327.437     3.09    8.66
 322330.738   330.248     7.47    8.11
 322706.937   333.377     8.32    8.30
 323083.134   335.928     6.78    8.68
 323459.328   338.946     8.02    8.68
 323835.520   340.993     5.44    9.92
 324211.709   342.735     4.63   11.49
 324587.895   344.681     5.17   11.96
 324964.079   346.069     3.69   11.75
 325340.260   347.312     3.30   11.27
 325716.439   351.654    11.54   15.54
 326092.615   354.487     7.53   18.82
 326468.788   353.393    -2.91   19.59
 326844.959   352.546    -2.25   19.39
 327221.127   344.951   -20.19   22.37
 327597.293   330.373   -38.75   16.64
 327973.456   323.967   -17.03   13.42
 328349.617   319.812   -11.05    7.79
 328725.775   320.678     2.30    7.59
 329101.930   327.637    18.50    8.93
 329478.083   332.025    11.67   10.82
 329854.233   336.993    13.21   11.47
 330230.381   342.341    14.22    7.27
 330606.526   344.420     5.53    7.27
 330982.668   343.735    -1.82    9.82
 331358.808   346.843     8.26   16.04
 331734.945   346.712    -0.35   16.61
 332111.080   346.734     0.06   12.31
 332487.213   349.362     6.99   13.01
 332863.342   349.341    -0.06   12.72
 333239.469   346.623    -7.23   10.89
 333615.594   343.005    -9.62    9.92
 333991.716   339.595    -9.07    5.77
 334367.835   339.890     0.78    6.32
 334743.952   340.062     0.46    6.75
 335120.067   341.113     2.80    6.90
 335496.178   341.437     0.86    8.99
 335872.288   340.893    -1.44    9.65
 336248.394   339.867    -2.73    9.90
 336624.499   339.788    -0.21    9.66
 337000.600   339.557    -0.62   10.29
 337376.699   342.920     8.94   12.42
 337752.796   348.734    15.46   12.52
 338128.890   359.198    27.82   18.10
 338504.981   366.928    20.55   21.63
 338881.070   381.941    39.92   34.06
 339257.157   397.249    40.70   38.54
 339633.241   412.623    40.88   44.40
 340009.322   431.870    51.17   44.42
 340385.401   454.012    58.87   45.34
 340761.477   480.604    70.71   43.28
 341137.551   500.659    53.32   38.05
 341513.622   513.086    33.04   31.36
 341889.691   522.962    26.26   27.00
 342265.757   531.736    23.33   23.26
 342641.821   551.972    53.81   37.73
 343017.882   571.248    51.25   49.45
 343393.941   583.762    33.27   53.45
 343769.997   593.417    25.67   58.83
