# NaN NaN NaN ;Mean Elev.(m), Avg Gradient(m/km), RMS Gradient(m/km) - SRTM1     
#   42.940  -1.205  22.608 ;Mean Elev.(m), Avg Gradient(m/km), RMS Gradient(m/km) - ASTER GDEM
#   53.537  -0.906  20.819 ;Mean Elev.(m), Avg Gradient(m/km), RMS Gradient(m/km) - GMTED2010 
  8    65.830 52499.60684125 34.65 292.393339   5.557570 14.074
  8    65.598 52499.60684190 36.37 292.392609   5.554260 14.074
  8    65.706 52499.60684254 38.99 292.391879   5.550960 14.074
  9    64.780 52534.60682861 38.95 292.391375   5.559342 19.210
  9    64.861 52534.60682925 41.37 292.390645   5.556032 19.210
  9    64.802 52534.60682990 45.22 292.389915   5.552722 19.210
 10    61.066 52569.60685852 45.95 292.393883   5.558720 14.609
 10    61.664 52569.60685917 46.34 292.393153   5.555410 14.609
 10    61.118 52569.60685981 46.37 292.392423   5.552110 14.609
 11    63.096 52604.60683994 40.64 292.391287   5.558560 14.009
 11    62.643 52604.60684059 40.47 292.390557   5.555260 14.009
 11    62.459 52604.60684123 42.64 292.389827   5.551950 14.009
 12    58.919 52639.60682204 24.81 292.391733   5.559542 21.050
 12    58.699 52639.60682268 24.58 292.391003   5.556232 21.050
 12    58.196 52639.60682333 27.14 292.390273   5.552922 21.050
 13    55.817 52674.60681756 29.83 292.392600   5.557403 11.395
 13    54.959 52674.60681820 30.80 292.391870   5.554093 11.395
 13    54.914 52674.60681884 34.62 292.391134   5.550788 33.118
 14    54.691 52709.60683355 41.34 292.393012   5.559908 23.254
 14    54.748 52709.60683419 49.82 292.392282   5.556608 23.254
 14    54.509 52709.60683484 43.80 292.391552   5.553298 23.254
 16    63.912 52779.60679806 39.65 292.392370   5.558845 20.037
 16    62.960 52779.60679870 33.66 292.391630   5.555545 20.037
 16    62.723 52779.60679935 31.17 292.390900   5.552235 20.037
 17    64.391 52814.60688165 34.94 292.390941   5.559790 18.647
 17    64.374 52814.60688230 34.42 292.390211   5.556490 18.647
 17    64.460 52814.60688294 33.36 292.389481   5.553180 18.647
 18    65.830 52849.60693465 39.56 292.393170   5.557630 22.579
 18    65.751 52849.60693530 43.19 292.392440   5.554320 22.579
 18    65.756 52849.60693594 45.02 292.391710   5.551010 22.579
 19    65.328 52884.60696909 39.18 292.390636   5.562990 25.056
 19    65.371 52884.60696974 40.62 292.389906   5.559680 25.056
 19    65.399 52884.60697038 42.17 292.389176   5.556380 25.056
 19    65.467 52884.60697103 47.16 292.388446   5.553070 25.056
 20    63.957 52919.60692634 45.13 292.393275   5.557842 19.579
 20    63.937 52919.60692698 46.13 292.392545   5.554542 19.579
 20    63.845 52919.60692763 46.22 292.391815   5.551232 19.579
 21    62.684 52954.60689021 31.45 292.398267   5.555384 20.959
 21    62.701 52954.60689086 35.70 292.397537   5.552084 20.959
 21    62.662 52954.60689150 36.88 292.396807   5.548774 20.959
 21    62.742 52954.60689215 39.19 292.396077   5.545464 20.959
 21    62.552 52954.60689279 37.40 292.395347   5.542164 20.959
 21    62.724 52954.60689344 36.45 292.394607   5.538854 20.959
 21    62.856 52954.60689408 38.40 292.393877   5.535554 20.959
 22    61.541 52989.60690103 39.58 292.400258   5.551924 24.402
 22    60.999 52989.60690168 39.29 292.399528   5.548614 24.402
 22    60.907 52989.60690232 38.80 292.398798   5.545314 24.402
 22    60.736 52989.60690296 40.33 292.398058   5.542004 24.402
 22    60.704 52989.60690361 42.31 292.397328   5.538704 24.402
 22    60.721 52989.60690425 43.48 292.396598   5.535394 24.402
 23    58.759 53024.60688062 44.52 292.399376   5.554018 16.346
 23    57.471 53024.60688127 37.02 292.398646   5.550718 16.346
 23    57.508 53024.60688191 46.90 292.397916   5.547408 16.346
 23    57.625 53024.60688256 44.17 292.397186   5.544098 16.346
 23    57.521 53024.60688320 49.26 292.396451   5.540792 25.728
 23    57.587 53024.60688385 45.10 292.395721   5.537492 25.728
 23    57.734 53024.60688449 44.51 292.394991   5.534182 25.728
 24    56.042 53059.60687931 42.23 292.401026   5.553161 35.486
 24    54.202 53059.60687996 48.19 292.400296   5.549851 35.486
 24    54.102 53059.60688060 51.05 292.399566   5.546551 35.486
 24    54.263 53059.60688125 53.90 292.398836   5.543241 35.486
 24    54.179 53059.60688189 50.06 292.398106   5.539941 35.486
 24    54.157 53059.60688254 51.27 292.397376   5.536631 35.486
 25    54.956 53094.60691482 52.42 292.387048   5.564214 18.825
 25    54.885 53094.60691547 52.41 292.386318   5.560904 18.825
 25    54.939 53094.60691611 50.36 292.385588   5.557594 18.825
 26    59.977 53129.60688816 33.76 292.398196   5.553087 30.484
 26    59.949 53129.60688881 42.28 292.397466   5.549777 30.484
 26    59.874 53129.60688945 46.54 292.396736   5.546467 30.484
 26    59.957 53129.60689010 47.94 292.396006   5.543167 30.484
 26    60.036 53129.60689074 46.06 292.395276   5.539857 30.484
 26    60.200 53129.60689139 46.96 292.394546   5.536557 30.484
 28    65.201 53199.60695804 40.34 292.393124   5.557801 20.513
 28    65.201 53199.60695869 40.14 292.392394   5.554491 20.513
 28    65.144 53199.60695933 43.03 292.391664   5.551191 20.513
 29    65.950 53234.60692883 39.25 292.400080   5.552084 20.887
 29    65.396 53234.60692948 40.55 292.399350   5.548784 20.887
 29    65.284 53234.60693012 38.62 292.398620   5.545474 20.887
 29    65.325 53234.60693077 36.78 292.397890   5.542174 20.887
 29    65.342 53234.60693141 35.26 292.397160   5.538864 20.887
 29    65.484 53234.60693206 34.77 292.396430   5.535564 20.887
 30    65.148 53269.60689248 33.83 292.393608   5.559943 10.348
 30    64.190 53269.60689313 34.68 292.392878   5.556643 10.348
 30    64.182 53269.60689377 34.32 292.392138   5.553333 10.348
 30    64.167 53269.60689442 33.06 292.391408   5.550033 10.348
 31    62.311 53304.60695344 28.79 292.387568   5.565178 10.567
 31    62.290 53304.60695409 26.08 292.386828   5.561868 10.567
 31    62.104 53304.60695473 24.63 292.386098   5.558568 10.567
 31    64.017 53304.60695538 24.83 292.385368   5.555258 10.567
 32    62.227 53339.60692312 42.72 292.392449   5.559362 14.465
 32    61.060 53339.60692376 39.50 292.391719   5.556062 14.465
 32    60.895 53339.60692441 42.26 292.390989   5.552752 14.465
 33    57.491 53374.60685522 26.26 292.394790   5.555719 11.711
 33    57.932 53374.60685586 27.50 292.394060   5.552419 11.711
 33    58.222 53374.60685651 31.74 292.393330   5.549109 11.711
 34    58.120 53409.60689744 45.66 292.396010   5.557189 16.962
 34    55.683 53409.60689809 34.50 292.395280   5.553879 16.962
 34    55.789 53409.60689873 27.24 292.394550   5.550579 16.962
 34    55.961 53409.60689938 32.95 292.393820   5.547269 16.962
 35    56.197 53444.60688046 39.93 292.392875   5.558539 16.185
 35    56.359 53444.60688111 47.34 292.392145   5.555239 16.185
 35    57.093 53444.60688175 45.68 292.391415   5.551929 16.185
 36    60.738 53479.60695849 47.38 292.388676   5.564282 16.108
 36    61.119 53479.60695914 49.79 292.387946   5.560972 16.108
 36    60.827 53479.60695978 51.13 292.387216   5.557662 16.108
 36    61.404 53479.60696043 43.54 292.386486   5.554362 16.108
 37    63.492 53514.60696620 37.92 292.393439   5.559865 11.877
 37    63.342 53514.60696685 37.61 292.392709   5.556565 11.877
 37    63.417 53514.60696749 38.95 292.391979   5.553255 11.877
 38    64.200 53549.60698528 44.51 292.388414   5.562051 16.561
 38    64.330 53549.60698593 47.37 292.387684   5.558741 16.561
 38    64.276 53549.60698657 48.22 292.386954   5.555441 16.561
 39    64.874 53584.60694852 42.19 292.394100   5.556311 17.231
 39    64.731 53584.60694917 45.29 292.393370   5.553011 17.231
 39    64.734 53584.60694981 42.88 292.392640   5.549701 17.231
 40    64.494 53619.60690406 43.46 292.390463   5.562505 17.056
 40    64.516 53619.60690471 47.50 292.389733   5.559205 17.056
 40    64.374 53619.60690535 48.13 292.389003   5.555895 17.056
 40    64.405 53619.60690600 46.80 292.388273   5.552595 17.056
 41    61.277 53654.60693123 44.47 292.392712   5.559214 14.117
 41    61.139 53654.60693187 36.81 292.391982   5.555914 14.117
 41    61.100 53654.60693252 33.55 292.391252   5.552604 14.117
 42    61.746 53689.60692574 48.57 292.391034   5.561768 16.466
 42    61.701 53689.60692638 49.57 292.390294   5.558458 16.466
 42    61.822 53689.60692703 45.86 292.389564   5.555158 16.466
 42    61.738 53689.60692767 46.52 292.388834   5.551848 16.466
 43    61.007 53724.60685090 27.44 292.394772   5.556978 12.373
 43    59.608 53724.60685155 29.78 292.394042   5.553678 12.373
 43    59.801 53724.60685219 34.37 292.393312   5.550368 12.373
 44    59.078 53759.60679398 49.38 292.400380   5.554633 20.026
 44    59.421 53759.60679462 50.18 292.399650   5.551333 20.026
 44    58.084 53759.60679527 50.83 292.398920   5.548023 20.026
 44    58.074 53759.60679591 45.91 292.398190   5.544723 20.026
 44    58.194 53759.60679656 47.62 292.397460   5.541413 20.026
 44    58.146 53759.60679720 44.07 292.396720   5.538113 20.026
 44    58.331 53759.60679785 44.52 292.395996   5.534800 30.976
 45    56.676 53794.60681244 35.54 292.396443   5.556913 19.591
 45    57.395 53794.60681309 30.39 292.395713   5.553603 19.591
 45    56.953 53794.60681373 38.96 292.394983   5.550293 19.591
 45    56.750 53794.60681438 47.11 292.394253   5.546993 19.591
 46    58.665 53829.60678861 55.02 292.397102   5.556086 21.449
 46    58.646 53829.60678925 54.77 292.396372   5.552776 21.449
 46    58.507 53829.60678990 51.85 292.395632   5.549476 21.449
 46    58.533 53829.60679054 49.08 292.394902   5.546166 21.449
 47    61.539 53864.60686682 32.38 292.391562   5.561896 14.578
 47    61.463 53864.60686746 36.68 292.390832   5.558596 14.578
 47    61.462 53864.60686811 33.65 292.390102   5.555286 14.578
 47    61.359 53864.60686875 33.82 292.389372   5.551986 14.578
 48    64.111 53899.60689265 41.52 292.393455   5.559860 14.132
 48    64.031 53899.60689329 45.75 292.392725   5.556550 14.132
 48    63.979 53899.60689393 46.96 292.391995   5.553250 14.132
 48    64.050 53899.60689458 45.21 292.391265   5.549940 14.132
 49    65.153 53934.60693461 47.43 292.385636   5.569200 22.621
 49    65.306 53934.60693525 39.93 292.384906   5.565890 22.621
 49    65.376 53934.60693589 40.43 292.384176   5.562580 22.621
 49    65.400 53934.60693654 46.08 292.383446   5.559280 22.621
 50    65.129 53969.60690576 37.16 292.389069   5.563878 17.219
 50    65.036 53969.60690640 28.19 292.388339   5.560578 17.219
 50    65.311 53969.60690705 28.28 292.387609   5.557268 17.219
 50    65.176 53969.60690769 36.88 292.386879   5.553968 17.219
 51    63.590 54004.60688085 36.50 292.396352   5.557043 17.520
 51    63.509 54004.60688150 42.45 292.395612   5.553743 17.520
 51    63.570 54004.60688214 42.97 292.394882   5.550433 17.520
 51    63.290 54004.60688279 39.09 292.394152   5.547133 17.520
 52    62.453 54039.60691377 34.55 292.396133   5.555127 22.087
 52    62.362 54039.60691441 40.82 292.395393   5.551817 22.087
 52    62.301 54039.60691506 39.26 292.394663   5.548517 22.087
 53    62.054 54074.60690764 43.10 292.394154   5.558752 20.585
 53    62.665 54074.60690829 46.72 292.393424   5.555452 20.585
 53    61.968 54074.60690893 47.07 292.392694   5.552142 20.585
 54    59.002 54109.60685163 44.04 292.392260   5.561499 22.335
 54    59.577 54109.60685228 47.62 292.391530   5.558189 22.335
 54    58.905 54109.60685292 45.51 292.390800   5.554879 22.335
 54    59.350 54109.60685357 45.89 292.390070   5.551579 22.335
 55    55.705 54144.60684539 38.78 292.393715   5.559617 19.119
 55    55.781 54144.60684603 50.20 292.392985   5.556307 19.119
 55    56.259 54144.60684667 51.74 292.392255   5.553007 19.119
 56    54.795 54179.60683716 43.18 292.392341   5.560098 14.834
 56    55.238 54179.60683780 49.95 292.391611   5.556798 14.834
 56    55.514 54179.60683845 48.00 292.390881   5.553488 14.834
 57    60.005 54214.60685283 40.33 292.392835   5.559680 28.275
 57    60.047 54214.60685348 46.84 292.392105   5.556370 28.275
 57    59.796 54214.60685412 51.77 292.391375   5.553070 28.275
 58    63.114 54249.60688015 40.31 292.393289   5.560612 19.321
 58    64.196 54249.60688080 39.71 292.392559   5.557312 19.321
 58    63.146 54249.60688144 41.77 292.391829   5.554002 19.321
 58    62.996 54249.60688209 46.04 292.391099   5.550702 19.321
 59    65.715 54284.60688873 38.91 292.394070   5.557447 23.981
 59    65.599 54284.60688937 41.11 292.393340   5.554147 23.981
 59    65.516 54284.60689001 41.90 292.392610   5.550837 23.981
 60    65.656 54319.60688588 37.67 292.394759   5.557953 24.823
 60    65.369 54319.60688652 39.95 292.394029   5.554643 24.823
 60    65.322 54319.60688717 41.05 292.393299   5.551343 24.823
 61    64.527 54354.60684844 40.50 292.394234   5.559632  8.346
 61    64.766 54354.60684908 42.76 292.393500   5.556327 17.916
 61    64.435 54354.60684973 44.65 292.392770   5.553027 17.916
 61    64.601 54354.60685037 40.65 292.392040   5.549717 17.916
 62    63.585 54389.60682627 43.99 292.394419   5.558463 15.070
 62    63.686 54389.60682691 46.59 292.393689   5.555163 15.070
 62    63.432 54389.60682756 47.39 292.392959   5.551853 15.070
 63    62.695 54424.60679912 37.94 292.393093   5.557400 14.196
 63    61.557 54424.60679976 38.02 292.392363   5.554090 14.196
 63    61.437 54424.60680041 41.72 292.391633   5.550790 14.196
 64    59.463 54459.60680183 44.86 292.394780   5.558291 16.264
 64    59.333 54459.60680248 44.51 292.394050   5.554981 16.264
 64    59.428 54459.60680312 41.61 292.393320   5.551681 16.264
 65    56.679 54494.60680405 22.04 292.394051   5.557785  8.900
 65    56.357 54494.60680470 23.85 292.393321   5.554485  8.900
 65    56.425 54494.60680534 25.86 292.392591   5.551175  8.900
 66    55.810 54529.60681472 33.68 292.395605   5.557747 27.057
 66    55.882 54529.60681536 39.52 292.394875   5.554437 27.057
 66    55.823 54529.60681600 43.01 292.394145   5.551127 27.057
 66    55.712 54529.60681665 40.76 292.393415   5.547827 27.057
 67    55.196 54564.60680999 45.93 292.393223   5.559698 34.905
 67    55.169 54564.60681063 55.64 292.392493   5.556388 34.905
 67    55.154 54564.60681128 52.00 292.391763   5.553088 34.905
 68    61.481 54599.60681009 47.55 292.393218   5.557341 25.958
 68    60.774 54599.60681073 50.10 292.392488   5.554031 25.958
 68    60.232 54599.60681138 47.91 292.391758   5.550731 25.958
 69    63.502 54634.60682289 27.90 292.391954   5.557977 11.893
 69    63.579 54634.60682353 27.68 292.391224   5.554677 11.893
 69    63.405 54634.60682418 28.52 292.390494   5.551367 11.893
 70    65.610 54669.60682711 41.24 292.392291   5.558533 18.289
 70    65.633 54669.60682775 43.00 292.391561   5.555223 18.289
 70    65.683 54669.60682840 44.92 292.390831   5.551923 18.289
 71    64.940 54704.60679014 27.38 292.394809   5.559212 19.643
 71    64.895 54704.60679079 27.92 292.394079   5.555912 19.643
 71    64.957 54704.60679143 29.22 292.393349   5.552602 19.643
 71    65.154 54704.60679208 34.06 292.392619   5.549302 19.643
 72    63.233 54739.60679032 44.67 292.393846   5.557560 20.287
 72    63.497 54739.60679096 45.89 292.393116   5.554260 20.287
 72    63.170 54739.60679160 45.76 292.392386   5.550950 20.287
 73    62.368 54774.60677197 42.30 292.394512   5.558799 21.513
 73    62.139 54774.60677262 46.33 292.393782   5.555499 21.513
 73    62.622 54774.60677326 47.33 292.393052   5.552189 21.513
 74    62.238 54809.60678301 41.95 292.393966   5.559991 20.605
 74    62.309 54809.60678366 43.34 292.393236   5.556681 20.605
 74    62.336 54809.60678430 44.96 292.392506   5.553381 20.605
 74    62.094 54809.60678495 41.18 292.391776   5.550071 20.605
 75    58.935 54844.60677000 20.97 292.393675   5.559832 18.555
 75    58.370 54844.60677065 21.48 292.392945   5.556532 18.555
 75    58.202 54844.60677129 23.15 292.392215   5.553222 18.555
 75    58.291 54844.60677194 25.06 292.391485   5.549922 18.555
 76    58.699 54879.60678722 38.40 292.392087   5.558111 19.259
 76    58.388 54879.60678787 23.57 292.391357   5.554801 19.259
 76    56.858 54879.60678851 24.49 292.390627   5.551501 19.259
 77    57.275 54914.60677357 49.18 292.391673   5.560966 29.733
 77    57.191 54914.60677421 53.81 292.390943   5.557656 29.733
 77    57.329 54914.60677486 48.92 292.390213   5.554356 29.733
 79    60.753 54984.60680386 47.91 292.391950   5.560330 21.404
 79    61.411 54984.60680451 47.42 292.391220   5.557030 21.404
 79    60.715 54984.60680515 49.87 292.390490   5.553720 21.404
 80    64.523 55019.60680015 42.25 292.393984   5.556584 17.258
 80    64.335 55019.60680079 44.86 292.393254   5.553274 17.258
 80    64.387 55019.60680144 43.88 292.392524   5.549974 17.258
 81    65.188 55054.60679557 39.12 292.394607   5.559082 21.491
 81    65.452 55054.60679622 37.30 292.393877   5.555782 21.491
 81    64.985 55054.60679686 36.46 292.393147   5.552472 21.491
 81    65.201 55054.60679751 35.84 292.392417   5.549172 21.491
 82    63.492 55089.60675576 43.55 292.392885   5.560972 22.477
 82    63.469 55089.60675640 48.97 292.392155   5.557662 22.477
 82    63.515 55089.60675705 47.94 292.391425   5.554352 22.477
 82    63.506 55089.60675769 46.42 292.390695   5.551052 22.477
 83    61.858 55124.60673368 37.67 292.394675   5.559085 20.958
 83    61.846 55124.60673433 34.18 292.393945   5.555775 20.958
 83    61.675 55124.60673497 34.83 292.393215   5.552465 20.958
 83    61.841 55124.60673562 37.63 292.392485   5.549165 20.958
 84    60.633 55159.60671724 48.09 292.392382   5.558744 28.620
 84    59.755 55159.60671788 33.38 292.391652   5.555434 28.620
 84    58.570 55159.60671853 30.37 292.390922   5.552134 28.620
 85    56.614 55194.60672397 20.51 292.393356   5.556988 15.990
 85    56.156 55194.60672461 23.01 292.392626   5.553688 15.990
 85    55.761 55194.60672526 25.38 292.391896   5.550378 15.990
 86    55.295 55229.60672006 37.44 292.391894   5.558216 24.289
 86    55.155 55229.60672071 28.52 292.391164   5.554906 24.289
 86    54.114 55229.60672135 33.90 292.390434   5.551596 24.289
 87    54.482 55264.60671895 39.97 292.394153   5.558306 21.710
 87    55.373 55264.60671959 30.03 292.393423   5.555006 21.710
 87    54.465 55264.60672024 30.48 292.392693   5.551696 21.710
 88    57.074 55299.60670179 19.33 292.393750   5.558299 13.945
 88    56.227 55299.60670243 21.99 292.393020   5.554989 13.945
 88    56.340 55299.60670308 24.48 292.392290   5.551679 13.945
 89    63.537 55334.60669559 40.63 292.392950   5.560744 17.412
 89    63.404 55334.60669624 41.20 292.392220   5.557444 17.412
 89    63.513 55334.60669688 38.43 292.391490   5.554134 17.412
 89    63.415 55334.60669753 38.62 292.390760   5.550824 17.412
 90    64.850 55369.60668741 39.67 292.393796   5.557342 17.147
 90    64.571 55369.60668806 41.62 292.393066   5.554032 17.147
 90    64.500 55369.60668870 41.41 292.392336   5.550732 17.147
 91    64.955 55404.60670448 30.43 292.394248   5.556074 21.287
 91    65.016 55404.60670513 29.09 292.393518   5.552774 21.287
 91    65.098 55404.60670577 34.20 292.392788   5.549464 21.287
 92    65.626 55439.60670527 33.91 292.394654   5.558570 22.027
 92    65.384 55439.60670591 30.44 292.393924   5.555270 22.027
 92    65.104 55439.60670656 32.00 292.393194   5.551960 22.027
 93    62.434 55474.60665156 38.65 292.393851   5.558206 22.517
 93    62.505 55474.60665221 41.10 292.393121   5.554906 22.517
 93    62.630 55474.60665285 40.36 292.392391   5.551596 22.517
