# NaN NaN NaN ;Mean Elev.(m), Avg Gradient(m/km), RMS Gradient(m/km) - SRTM1     
#   20.751  -3.877  27.619 ;Mean Elev.(m), Avg Gradient(m/km), RMS Gradient(m/km) - ASTER GDEM
#    8.011  -3.015  22.149 ;Mean Elev.(m), Avg Gradient(m/km), RMS Gradient(m/km) - GMTED2010 
  8 297.862722   8.654150     8.860     8.713 11 52499.08571169 33.594
 10 297.863300   8.648767     6.571     6.581 13 52569.08572638 31.887
 11 297.863720   8.635498     5.304     5.243  6 52604.08571005 32.758
 12 297.863657   8.630085     4.018     4.018  2 52639.08568828 17.479
 13 297.862967   8.646349     2.748     2.423 12 52674.08568831 28.340
 14 297.862961   8.640990     2.142     1.876 10 52709.08570108 24.497
 18 297.862770   8.641572     8.614     8.607  9 52849.08580315 48.601
 20 297.863356   8.650701     8.202     8.154 13 52919.08579677 33.116
 21 297.865145   8.656032     6.438     6.454 13 52954.08576065 29.014
 22 297.866864   8.670934     4.608     4.548  8 52989.08577114 30.107
 23 297.866448   8.663632     3.674     3.685 12 53024.08575525 18.304
 24 297.866400   8.667800     2.890     2.679 10 53059.08575265 15.932
 26 297.865446   8.655583     3.629     3.482 13 53129.08575988 15.186
 28 297.863241   8.645366     8.483     8.322 12 53199.08582686 31.966
 29 297.867071   8.668655     8.583     8.615  9 53234.08580120 42.813
 30 297.863207   8.648145     8.598     8.450 12 53269.08576453 37.687
 32 297.863212   8.643741     5.409     5.236 11 53339.08579303 34.109
 33 297.864799   8.654810     4.640     4.676 13 53374.08572723 19.463
 35 297.862891   8.653140     3.020     3.158 12 53444.08575215 24.192
 37 297.862676   8.645691     5.392     5.276 11 53514.08583687 33.650
 39 297.863339   8.651871     7.868     7.862 13 53584.08582026 29.219
 40 297.864339   8.631942     8.263     7.936  5 53619.08577305 39.971
 41 297.862848   8.642026     6.986     6.958 10 53654.08579945 44.661
 42 297.863745   8.630258     5.113     5.113  2 53689.08579376 22.897
 43 297.864717   8.655050     4.412     4.473 14 53724.08572310 46.564
 44 297.866058   8.663029     2.837     3.195 12 53759.08566521 33.081
 45 297.865133   8.656246     2.703     2.476 13 53794.08568403 39.113
 46 297.864535   8.652596     2.453     2.068 13 53829.08565734 26.463
 48 297.862737   8.646015     5.623     5.613 11 53899.08576188 36.761
 51 297.863387   8.651776     7.884     7.861 13 54004.08575076 29.871
 52 297.864452   8.652606     6.426     6.499 14 54039.08578419 26.130
 53 297.863371   8.651594     5.371     5.209 13 54074.08577812 28.811
 54 297.863056   8.647116     4.528     4.532 12 54109.08572331 28.039
 55 297.863147   8.642773     2.417     2.048 11 54144.08571427 28.566
 56 297.862656   8.648489     3.064     3.016 10 54179.08570795 26.272
 57 297.862774   8.641044     2.595     2.519  9 54214.08572132 22.876
 58 297.862639   8.643444     4.007     4.069 10 54249.08575025 36.452
 59 297.863442   8.648781     6.671     6.735 13 54284.08575915 30.158
 60 297.863641   8.651829     8.728     8.496 13 54319.08575695 47.591
 61 297.863441   8.652260     8.769     8.783 13 54354.08572080 32.989
 62 297.863331   8.649974     8.010     8.098 13 54389.08569673 29.921
 63 297.863072   8.649182    12.264    12.781 12 54424.08566985 22.914
 64 297.863168   8.648496     3.687     3.608 13 54459.08567161 43.293
 65 297.863678   8.651046     3.501     3.963 14 54494.08567466 31.864
 66 297.863846   8.651417     3.592     3.742 14 54529.08568482 22.890
 67 297.862913   8.650276     2.983     2.780 13 54564.08568170 27.442
 68 297.863038   8.645412     2.955     2.777 11 54599.08567987 24.399
 69 297.862677   8.642312    10.206    10.366 10 54634.08569170 34.363
 70 297.862955   8.642649     7.550     7.561 10 54669.08569656 42.333
 71 297.863945   8.651876     8.592     8.476 13 54704.08566250 39.782
 72 297.862923   8.646790     8.356     8.332 12 54739.08565977 33.603
 73 297.863853   8.651874     5.729     5.667 13 54774.08564304 32.271
 74 297.862840   8.643212     6.604     6.274 11 54809.08565214 41.053
 75 297.863171   8.648932     5.969     6.029 13 54844.08564107 25.988
 76 297.862863   8.640811     4.132     4.029  9 54879.08565507 23.426
 77 297.862770   8.643865     3.924     4.007 10 54914.08564367 19.623
 78 297.863882   8.634430     2.523     2.543  6 54949.08564646 26.795
 79 297.864160   8.632566     3.899     3.767  4 54984.08567138 21.174
 80 297.863402   8.649457     5.829     5.649 13 55019.08567057 43.297
 81 297.863258   8.651661     7.645     7.517 13 55054.08566728 51.407
 82 297.863257   8.645991     7.195     7.195 12 55089.08562714 34.240
 83 297.863387   8.649607     6.255     6.346 13 55124.08560346 29.262
 84 297.862775   8.646635     4.688     4.668 11 55159.08558765 27.337
 85 297.862765   8.644264     3.066     3.463 10 55194.08559278 26.863
 87 297.863005   8.650448     2.232     2.162 13 55264.08558872 23.034
 88 297.863127   8.651825     2.546     2.294 13 55299.08557414 17.799
 89 297.862792   8.643365     4.244     4.236 11 55334.08556601 33.536
 90 297.863165   8.650521     7.545     7.471 14 55369.08555815 30.087
 91 297.863223   8.647685     8.533     8.457 13 55404.08557425 32.156
 92 297.863562   8.652024     8.840     8.862 13 55439.08557697 32.126
 93 297.863832   8.651504     8.175     8.032 13 55474.08552327 30.584
