# NaN NaN NaN ;Mean Elev.(m), Avg Gradient(m/km), RMS Gradient(m/km) - SRTM1     
#   30.432  -2.461   9.288 ;Mean Elev.(m), Avg Gradient(m/km), RMS Gradient(m/km) - ASTER GDEM
#   37.813  -2.505   8.772 ;Mean Elev.(m), Avg Gradient(m/km), RMS Gradient(m/km) - GMTED2010 
  6    45.581 52441.10123988 41.03 292.635423   6.256835 25.669
  6    45.606 52441.10124053 34.45 292.634693   6.260135 25.669
  6    45.351 52441.10124117 28.58 292.633963   6.263445 25.669
  6    45.242 52441.10124181 23.39 292.633233   6.266745 25.669
  6    45.549 52441.10124246 34.43 292.632503   6.270055 25.669
  7    48.340 52476.10123597 38.12 292.640884   6.253569 35.645
  7    48.203 52476.10123661 34.87 292.640154   6.256869 35.645
  7    48.450 52476.10123726 38.88 292.639424   6.260179 35.645
  7    48.374 52476.10123790 46.26 292.638694   6.263479 35.645
  7    48.303 52476.10123855 41.76 292.637964   6.266789 35.645
  7    48.203 52476.10123919 38.61 292.637224   6.270089 35.645
  7    48.310 52476.10123983 34.05 292.636494   6.273399 35.645
  8    47.720 52511.10118958 47.96 292.650635   6.261450 35.360
  8    47.703 52511.10119022 44.80 292.649905   6.264760 35.360
  8    47.818 52511.10119087 45.47 292.649175   6.268060 35.360
  8    47.780 52511.10119151 47.14 292.648445   6.271360 35.360
  8    47.829 52511.10119216 45.81 292.647715   6.274670 35.360
  8    47.684 52511.10119280 39.12 292.646975   6.277980 35.360
  8    47.863 52511.10119345 45.88 292.646245   6.281280 35.360
  9    45.133 52546.10120907 44.91 292.646570   6.256963 23.899
  9    45.005 52546.10120972 27.46 292.645840   6.260263 23.899
  9    44.424 52546.10121036 23.75 292.645110   6.263573 23.899
  9    44.043 52546.10121101 18.98 292.644370   6.266873 23.899
  9    45.345 52546.10121165 19.62 292.643640   6.270183 23.899
  9    45.939 52546.10121230 20.95 292.642910   6.273483 23.899
  9    45.707 52546.10121294 32.37 292.642180   6.276793 23.899
 10    42.764 52581.10123180 50.06 292.644468   6.258490 30.302
 10    42.841 52581.10123244 47.02 292.643738   6.261800 30.302
 10    42.686 52581.10123309 49.90 292.643008   6.265100 30.302
 10    42.725 52581.10123373 51.67 292.642278   6.268410 30.302
 10    42.723 52581.10123438 48.33 292.641538   6.271710 30.302
 10    42.647 52581.10123502 49.87 292.640808   6.275020 30.302
 10    42.666 52581.10123567 34.95 292.640078   6.278320 30.302
 11    42.891 52616.10120101 27.71 292.642577   6.255099 14.067
 11    42.597 52616.10120165 22.38 292.641847   6.258409 14.067
 11    42.713 52616.10120230 20.38 292.641117   6.261709 14.067
 11    42.346 52616.10120294 19.46 292.640377   6.265019 14.067
 11    42.612 52616.10120359 18.69 292.639647   6.268319 14.067
 11    42.756 52616.10120423 18.46 292.638917   6.271629 14.067
 11    43.214 52616.10120488 21.08 292.638187   6.274929 14.067
 12    43.802 52651.10117892 14.59 292.650222   6.260706 18.840
 12    39.422 52651.10117956 16.81 292.649492   6.264016 18.840
 12    38.241 52651.10118021 20.18 292.648762   6.267316 18.840
 12    37.896 52651.10118085 28.94 292.648032   6.270626 18.840
 12    38.120 52651.10118150 27.47 292.647292   6.273926 18.840
 12    37.700 52651.10118214 25.97 292.646562   6.277236 18.840
 12    37.314 52651.10118279 32.10 292.645832   6.280536 18.840
 13    35.823 52686.10116922 20.62 292.648622   6.261126 17.207
 13    36.217 52686.10116986 26.29 292.647882   6.264436 17.207
 13    36.295 52686.10117051 29.24 292.647152   6.267736 17.207
 13    35.513 52686.10117115 31.09 292.646422   6.271046 17.207
 13    35.580 52686.10117180 23.00 292.645692   6.274346 17.207
 13    36.103 52686.10117244 28.13 292.644962   6.277656 17.207
 13    35.354 52686.10117309 32.42 292.644222   6.280956 17.207
 14    36.536 52721.10121868 23.28 292.644123   6.257807 11.632
 14    43.019 52721.10121933 19.30 292.643383   6.261117 11.632
 14    35.754 52721.10121997 26.80 292.642653   6.264417 11.632
 14    35.594 52721.10122061 32.51 292.641923   6.267727 11.632
 14    35.060 52721.10122126 28.99 292.641193   6.271027 11.632
 14    35.611 52721.10122190 36.29 292.640463   6.274337 11.632
 14    35.841 52721.10122255 29.32 292.639723   6.277637 11.632
 15    39.411 52756.10124224 48.95 292.633465   6.258479 18.134
 15    39.506 52756.10124289 48.57 292.632725   6.261789 18.134
 15    39.348 52756.10124353 48.41 292.631995   6.265089 18.134
 15    39.278 52756.10124418 49.54 292.631265   6.268399 18.134
 16    44.931 52791.10119197 48.73 292.645082   6.259012 23.262
 16    45.169 52791.10119261 44.95 292.644352   6.262322 23.262
 16    45.084 52791.10119326 45.87 292.643612   6.265622 23.262
 16    45.155 52791.10119390 46.36 292.642882   6.268932 23.262
 16    45.175 52791.10119454 45.90 292.642152   6.272232 23.262
 16    45.263 52791.10119519 46.40 292.641422   6.275542 23.262
 16    45.359 52791.10119583 33.00 292.640682   6.278842 23.262
 17    46.600 52826.10126097 49.38 292.647550   6.258898 31.071
 17    46.645 52826.10126162 47.07 292.646820   6.262208 31.071
 17    46.478 52826.10126226 46.12 292.646080   6.265508 31.071
 17    46.565 52826.10126291 44.65 292.645350   6.268818 31.071
 17    46.337 52826.10126355 46.38 292.644620   6.272118 31.071
 17    46.627 52826.10126420 35.74 292.643890   6.275428 31.071
 17    46.401 52826.10126484 34.29 292.643150   6.278728 31.071
 18    47.834 52861.10130674 48.89 292.649131   6.259919 35.691
 18    47.851 52861.10130738 49.68 292.648401   6.263229 35.691
 18    47.929 52861.10130803 50.41 292.647661   6.266529 35.691
 18    47.982 52861.10130867 49.67 292.646931   6.269839 35.691
 18    47.831 52861.10130932 50.48 292.646201   6.273139 35.691
 18    47.927 52861.10130996 40.79 292.645471   6.276449 35.691
 18    47.993 52861.10131061 40.18 292.644731   6.279749 35.691
 19    46.628 52896.10133662 45.45 292.643343   6.257065 31.732
 19    46.687 52896.10133726 40.49 292.642613   6.260365 31.732
 19    46.708 52896.10133791 43.97 292.641873   6.263675 31.732
 19    46.696 52896.10133855 45.40 292.641143   6.266975 31.732
 19    46.664 52896.10133920 48.43 292.640413   6.270285 31.732
 19    46.612 52896.10133984 46.84 292.639683   6.273585 31.732
 19    46.576 52896.10134049 43.35 292.638953   6.276895 31.732
 20    44.864 52931.10128435 47.97 292.643277   6.255958 29.669
 20    45.010 52931.10128499 50.04 292.642547   6.259258 29.669
 20    44.943 52931.10128564 50.13 292.641807   6.262568 29.669
 20    44.868 52931.10128628 48.38 292.641077   6.265878 29.669
 20    44.903 52931.10128693 47.91 292.640347   6.269178 29.669
 20    44.910 52931.10128757 50.82 292.639617   6.272488 29.669
 20    44.787 52931.10128821 47.89 292.638887   6.275788 29.669
 21    44.054 52966.10128134 49.19 292.647091   6.260109 26.124
 21    44.120 52966.10128198 49.92 292.646361   6.263419 26.124
 21    44.166 52966.10128263 49.81 292.645631   6.266719 26.124
 21    44.207 52966.10128327 48.01 292.644901   6.270029 26.124
 21    44.098 52966.10128391 50.19 292.644161   6.273329 26.124
 21    43.978 52966.10128456 48.42 292.643431   6.276639 26.124
 21    44.002 52966.10128520 34.89 292.642701   6.279939 26.124
 22    40.489 53001.10131047 41.58 292.639898   6.252094  8.430
 22    40.017 53001.10131111 36.10 292.639175   6.255398 13.255
 22    39.612 53001.10131176 31.54 292.638435   6.258708 13.255
 22    39.526 53001.10131240 23.36 292.637705   6.262008 13.255
 22    39.076 53001.10131305 21.84 292.636975   6.265318 13.255
 22    39.951 53001.10131369 20.72 292.636245   6.268618 13.255
 22    40.679 53001.10131434 23.14 292.635515   6.271928 13.255
 23    37.279 53036.10126068 32.08 292.643267   6.255951 17.497
 23    36.741 53036.10126133 33.05 292.642537   6.259251 17.497
 23    37.118 53036.10126197 30.75 292.641797   6.262561 17.497
 23    37.451 53036.10126262 41.01 292.641067   6.265861 17.497
 23    37.005 53036.10126326 48.23 292.640337   6.269171 17.497
 23    37.117 53036.10126391 46.40 292.639607   6.272471 17.497
 23    36.822 53036.10126455 48.48 292.638877   6.275781 17.497
 24    43.502 53071.10128199 36.85 292.645308   6.256148 18.761
 24    43.514 53071.10128263 24.71 292.644578   6.259448 18.761
 24    36.586 53071.10128328 18.99 292.643848   6.262758 18.761
 24    36.785 53071.10128392 28.85 292.643118   6.266058 18.761
 24    35.907 53071.10128457 34.21 292.642388   6.269368 18.761
 24    36.137 53071.10128521 26.05 292.641648   6.272668 18.761
 24    35.836 53071.10128585 28.10 292.640918   6.275978 18.761
 25    43.418 53106.10126178 18.33 292.642970   6.256769  5.487
 25    37.449 53106.10126242 20.63 292.642230   6.260069  5.487
 25    37.513 53106.10126307 21.43 292.641500   6.263379  5.487
 25    37.677 53106.10126371 20.10 292.640770   6.266679  5.487
 25    37.453 53106.10126436 21.82 292.640040   6.269989  5.487
 25    37.464 53106.10126500 20.05 292.639310   6.273289  5.487
 25    39.155 53106.10126565 14.80 292.638580   6.276599  5.487
 26    43.081 53141.10128968 50.40 292.645812   6.256921 22.510
 26    42.559 53141.10129032 50.67 292.645082   6.260231 22.510
 26    43.052 53141.10129097 47.35 292.644352   6.263531 22.510
 26    43.260 53141.10129161 49.43 292.643622   6.266841 22.510
 26    43.021 53141.10129226 50.26 292.642882   6.270141 22.510
 26    42.999 53141.10129290 50.08 292.642152   6.273451 22.510
 26    43.020 53141.10129355 47.14 292.641422   6.276751 22.510
 28    47.876 53211.10133878 49.28 292.643256   6.257954 38.201
 28    47.850 53211.10133942 47.15 292.642516   6.261264 38.201
 28    47.821 53211.10134007 49.60 292.641786   6.264564 38.201
 28    47.857 53211.10134071 47.94 292.641056   6.267874 38.201
 28    47.747 53211.10134135 47.93 292.640326   6.271174 38.201
 28    47.800 53211.10134200 47.83 292.639596   6.274484 38.201
 29    47.201 53246.10130673 50.18 292.646811   6.258266 35.088
 29    47.258 53246.10130738 47.18 292.646071   6.261576 35.088
 29    47.187 53246.10130802 50.40 292.645341   6.264876 35.088
 29    47.164 53246.10130867 48.11 292.644611   6.268186 35.088
 29    47.244 53246.10130931 49.75 292.643881   6.271486 35.088
 29    47.193 53246.10130996 50.56 292.643151   6.274796 35.088
 29    47.129 53246.10131060 48.52 292.642411   6.278096 35.088
 30    45.441 53281.10129168 42.00 292.642722   6.256505 25.315
 30    45.588 53281.10129233 39.27 292.641992   6.259815 25.315
 30    45.458 53281.10129297 41.99 292.641262   6.263115 25.315
 30    45.410 53281.10129362 43.19 292.640532   6.266425 25.315
 30    45.364 53281.10129426 38.98 292.639792   6.269725 25.315
 30    45.510 53281.10129491 30.81 292.639062   6.273035 25.315
 30    45.844 53281.10129555 33.19 292.638332   6.276335 25.315
 31    42.768 53316.10130377 53.11 292.646239   6.257618 30.251
 31    42.775 53316.10130441 48.83 292.645509   6.260928 30.251
 31    42.644 53316.10130506 51.83 292.644779   6.264228 30.251
 31    42.774 53316.10130570 51.55 292.644049   6.267538 30.251
 31    42.682 53316.10130635 52.12 292.643309   6.270838 30.251
 31    42.819 53316.10130699 49.24 292.642579   6.274148 30.251
 31    42.557 53316.10130764 49.85 292.641849   6.277448 30.251
 32    41.673 53351.10126952 46.77 292.649594   6.258728 19.586
 32    41.222 53351.10127016 51.04 292.648864   6.262038 19.586
 32    41.541 53351.10127081 45.88 292.648134   6.265338 19.586
 32    41.649 53351.10127145 44.42 292.647394   6.268648 19.586
 32    41.539 53351.10127209 44.87 292.646664   6.271948 19.586
 32    41.439 53351.10127274 40.98 292.645934   6.275258 19.586
 32    41.622 53351.10127338 36.07 292.645204   6.278558 19.586
 32    41.138 53351.10127403 29.37 292.644474   6.281868 19.586
 33    44.305 53386.10125363 32.57 292.644864   6.255684 15.222
 33    44.228 53386.10125428 22.40 292.644124   6.258984 15.222
 33    43.461 53386.10125492 15.68 292.643394   6.262294 15.222
 33    38.557 53386.10125557 18.98 292.642664   6.265594 15.222
 33    38.711 53386.10125621 31.55 292.641934   6.268904 15.222
 33    37.714 53386.10125686 33.21 292.641194   6.272204 15.222
 33    37.810 53386.10125750 25.64 292.640464   6.275514 15.222
 34    41.017 53421.10125754 13.34 292.652838   6.259109 18.677
 34    40.053 53421.10125818 15.02 292.652108   6.262419 18.677
 34    38.720 53421.10125883 17.87 292.651368   6.265719 18.677
 34    38.771 53421.10125947 21.76 292.650638   6.269029 18.677
 34    38.812 53421.10126012 22.94 292.649908   6.272329 18.677
 34    38.647 53421.10126076 19.54 292.649178   6.275639 18.677
 34    42.107 53421.10126141 17.52 292.648438   6.278939 18.677
 34    42.609 53421.10126205 14.66 292.647708   6.282249 18.677
 35    39.329 53456.10126339 16.67 292.647817   6.260188 16.219
 35    39.235 53456.10126403 15.23 292.647077   6.263488 16.219
 35    37.152 53456.10126467 24.23 292.646347   6.266798 16.219
 35    36.970 53456.10126532 30.93 292.645617   6.270098 16.219
 35    36.779 53456.10126596 24.57 292.644887   6.273408 16.219
 35    36.384 53456.10126661 20.61 292.644147   6.276708 16.219
 35    41.896 53456.10126725 18.08 292.643417   6.280018 16.219
 36    42.590 53491.10134667 45.32 292.639807   6.248093 15.452
 36    42.845 53491.10134731 46.63 292.639077   6.251403 15.452
 36    42.692 53491.10134796 49.73 292.638347   6.254703 15.452
 36    42.931 53491.10134860 47.23 292.637607   6.258013 15.452
 36    42.544 53491.10134925 45.34 292.636877   6.261313 15.452
 36    42.714 53491.10134989 48.14 292.636147   6.264623 15.452
 36    42.604 53491.10135054 49.73 292.635417   6.267923 15.452
 36    42.425 53491.10135118 40.32 292.634687   6.271233 15.452
 37    44.613 53526.10133198 48.30 292.648603   6.260671 24.928
 37    44.622 53526.10133262 45.83 292.647863   6.263981 24.928
 37    44.648 53526.10133327 48.96 292.647133   6.267281 24.928
 37    44.673 53526.10133391 48.66 292.646403   6.270591 24.928
 37    44.533 53526.10133456 52.58 292.645673   6.273891 24.928
 37    44.828 53526.10133520 43.47 292.644943   6.277201 24.928
 37    44.416 53526.10133585 44.99 292.644203   6.280501 24.928
 38    46.055 53561.10135840 43.91 292.640234   6.250939 31.759
 38    46.107 53561.10135905 49.80 292.639504   6.254249 31.759
 38    45.979 53561.10135969 47.97 292.638774   6.257549 31.759
 38    45.937 53561.10136033 46.57 292.638034   6.260859 31.759
 38    45.921 53561.10136098 42.77 292.637304   6.264159 31.759
 38    45.958 53561.10136162 45.62 292.636574   6.267469 31.759
 38    45.890 53561.10136227 40.48 292.635844   6.270769 31.759
 39    46.111 53596.10129868 19.75 292.650214   6.261853 19.917
 39    46.001 53596.10129932 19.65 292.649484   6.265153 19.917
 39    46.077 53596.10129997 20.42 292.648754   6.268463 19.917
 39    46.296 53596.10130061 19.95 292.648024   6.271763 19.917
 39    46.357 53596.10130126 20.63 292.647294   6.275073 19.917
 39    46.518 53596.10130190 25.22 292.646554   6.278373 19.917
 39    46.630 53596.10130255 37.89 292.645824   6.281683 19.917
 40    45.673 53631.10129113 44.96 292.641063   6.250894 31.594
 40    45.738 53631.10129178 48.47 292.640333   6.254194 31.594
 40    45.625 53631.10129242 48.51 292.639603   6.257504 31.594
 40    45.639 53631.10129307 47.49 292.638863   6.260804 31.594
 40    45.529 53631.10129371 47.95 292.638133   6.264114 31.594
 40    45.684 53631.10129435 48.65 292.637403   6.267414 31.594
 40    45.639 53631.10129500 44.02 292.636673   6.270724 31.594
 40    46.411 53631.10129564 40.42 292.635933   6.274024 31.594
 41    41.751 53666.10131487 50.26 292.641687   6.255540 17.063
 41    41.776 53666.10131552 31.73 292.640957   6.258840 17.063
 41    41.596 53666.10131616 26.59 292.640227   6.262150 17.063
 41    41.443 53666.10131680 21.33 292.639487   6.265450 17.063
 41    41.842 53666.10131745 21.90 292.638757   6.268760 17.063
 41    44.357 53666.10131809 20.61 292.638027   6.272060 17.063
 41    44.467 53666.10131874 26.20 292.637297   6.275370 17.063
 42    43.083 53701.10126634 24.47 292.648659   6.259030 16.445
 42    43.113 53701.10126699 23.13 292.647929   6.262340 16.445
 42    43.457 53701.10126763 29.65 292.647199   6.265640 16.445
 42    43.285 53701.10126828 28.92 292.646459   6.268950 16.445
 42    43.272 53701.10126892 24.90 292.645729   6.272250 16.445
 42    43.293 53701.10126957 25.47 292.644999   6.275560 16.445
 42    43.196 53701.10127021 34.70 292.644269   6.278860 16.445
 43    40.626 53736.10117693 16.25 292.650888   6.260539 17.367
 43    39.831 53736.10117757 17.62 292.650158   6.263839 17.367
 43    39.876 53736.10117822 25.34 292.649428   6.267149 17.367
 43    39.616 53736.10117886 34.73 292.648688   6.270459 17.367
 43    39.694 53736.10117951 32.85 292.647958   6.273759 17.367
 43    39.531 53736.10118015 29.60 292.647228   6.277069 17.367
 43    39.799 53736.10118079 22.58 292.646498   6.280369 17.367
 43    43.300 53736.10118144 21.58 292.645768   6.283679 17.367
 44    40.892 53771.10118037 17.46 292.651064   6.258728 16.729
 44    39.982 53771.10118102 17.26 292.650334   6.262038 16.729
 44    39.755 53771.10118166 18.59 292.649594   6.265338 16.729
 44    39.738 53771.10118231 29.07 292.648864   6.268648 16.729
 44    39.255 53771.10118295 37.05 292.648134   6.271948 16.729
 44    39.497 53771.10118360 28.18 292.647404   6.275258 16.729
 44    39.072 53771.10118424 28.08 292.646664   6.278558 16.729
 44    39.034 53771.10118489 23.08 292.645934   6.281868 16.729
 45    39.485 53806.10117250 17.25 292.649191   6.261620 15.293
 45    37.549 53806.10117314 22.13 292.648451   6.264930 15.293
 45    37.250 53806.10117379 28.21 292.647721   6.268230 15.293
 45    37.333 53806.10117443 27.50 292.646991   6.271540 15.293
 45    36.757 53806.10117508 22.23 292.646261   6.274840 15.293
 45    36.912 53806.10117572 22.89 292.645531   6.278150 15.293
 45    36.823 53806.10117637 25.93 292.644791   6.281450 15.293
 47    42.784 53876.10123983 21.49 292.647224   6.259179 18.186
 47    42.483 53876.10124048 19.70 292.646484   6.262489 18.186
 47    43.094 53876.10124112 18.41 292.645754   6.265789 18.186
 47    43.361 53876.10124176 17.52 292.645024   6.269099 18.186
 47    43.518 53876.10124241 16.56 292.644294   6.272399 18.186
 47    43.573 53876.10124305 16.25 292.643564   6.275709 18.186
 47    43.549 53876.10124370 16.06 292.642824   6.279009 18.186
 48    46.221 53911.10128721 44.08 292.640813   6.250889 11.302
 48    46.233 53911.10128786 48.97 292.640087   6.254194 29.400
 48    46.115 53911.10128850 46.63 292.639347   6.257504 29.400
 48    46.235 53911.10128915 40.13 292.638617   6.260804 29.400
 48    46.199 53911.10128979 39.53 292.637887   6.264114 29.400
 48    46.182 53911.10129043 39.64 292.637157   6.267414 29.400
 48    46.217 53911.10129108 29.72 292.636417   6.270724 29.400
 48    45.925 53911.10129172 28.84 292.635687   6.274024 29.400
 49    48.183 53946.10130602 46.12 292.637804   6.252255 18.662
 49    48.360 53946.10130667 43.52 292.637064   6.255555 18.662
 49    48.205 53946.10130731 42.46 292.636341   6.258862 39.576
 49    48.246 53946.10130796 41.83 292.635601   6.262172 39.576
 49    48.234 53946.10130860 44.42 292.634871   6.265472 39.576
 49    48.299 53946.10130925 41.45 292.634141   6.268782 39.576
 49    48.226 53946.10130989 48.27 292.633411   6.272082 39.576
 50    46.763 53981.10125206 49.58 292.644366   6.258350 20.463
 50    46.887 53981.10125271 44.03 292.643636   6.261650 20.463
 50    46.817 53981.10125335 49.12 292.642906   6.264957 38.379
 50    46.861 53981.10125400 49.79 292.642166   6.268267 38.379
 50    46.724 53981.10125464 50.91 292.641436   6.271567 38.379
 50    46.802 53981.10125529 50.35 292.640706   6.274877 38.379
 50    46.859 53981.10125593 46.96 292.639976   6.278177 38.379
 51    43.848 54016.10127401 42.70 292.646406   6.259484 30.391
 51    43.915 54016.10127465 43.26 292.645666   6.262794 30.391
 51    44.034 54016.10127529 45.91 292.644936   6.266104 30.391
 51    43.880 54016.10127594 48.42 292.644206   6.269404 30.391
 51    43.917 54016.10127658 48.65 292.643476   6.272714 30.391
 51    43.846 54016.10127723 49.55 292.642746   6.276014 30.391
 51    44.057 54016.10127787 44.91 292.642006   6.279324 30.391
 52    43.015 54051.10127371 49.56 292.652497   6.261733 16.142
 52    42.808 54051.10127435 46.65 292.651771   6.265039 22.316
 52    42.771 54051.10127500 45.81 292.651031   6.268349 22.316
 52    42.669 54051.10127564 41.68 292.650301   6.271649 22.316
 52    42.788 54051.10127629 43.06 292.649571   6.274959 22.316
 52    42.747 54051.10127693 47.31 292.648841   6.278259 22.316
 52    42.834 54051.10127758 45.87 292.648111   6.281569 22.316
 53    41.657 54086.10126570 30.73 292.646136   6.261548 13.024
 53    41.606 54086.10126634 33.64 292.645405   6.264853 20.388
 53    41.778 54086.10126699 41.87 292.644665   6.268163 20.388
 53    41.723 54086.10126763 40.06 292.643935   6.271463 20.388
 53    41.676 54086.10126828 43.13 292.643205   6.274773 20.388
 53    41.350 54086.10126892 42.52 292.642475   6.278073 20.388
 54    37.808 54121.10119166 34.08 292.646210   6.260786 12.867
 54    37.729 54121.10119230 26.16 292.645480   6.264096 12.867
 54    38.067 54121.10119295 41.60 292.644745   6.267402 20.957
 54    37.850 54121.10119359 39.08 292.644015   6.270712 20.957
 54    37.903 54121.10119424 38.76 292.643285   6.274012 20.957
 54    37.738 54121.10119488 44.61 292.642555   6.277322 20.957
 55    35.765 54156.10122482 34.84 292.644729   6.258777 16.290
 55    35.594 54156.10122546 32.76 292.643989   6.262077 16.290
 55    36.194 54156.10122611 30.22 292.643259   6.265387 16.290
 55    35.341 54156.10122675 32.91 292.642529   6.268697 16.290
 55    35.650 54156.10122740 30.40 292.641799   6.271997 16.290
 55    35.649 54156.10122804 32.15 292.641059   6.275307 16.290
 55    35.341 54156.10122869 29.60 292.640329   6.278607 16.290
 56    36.178 54191.10118897 27.08 292.646318   6.259897 12.845
 56    36.138 54191.10118962 25.81 292.645588   6.263197 12.845
 56    36.372 54191.10119026 27.83 292.644848   6.266507 12.845
 56    35.608 54191.10119090 31.79 292.644118   6.269807 12.845
 56    36.047 54191.10119155 18.29 292.643388   6.273117 12.845
 56    36.302 54191.10119219 22.85 292.642658   6.276417 12.845
 56    35.837 54191.10119284 21.01 292.641928   6.279727 12.845
 57    40.814 54226.10123564 46.32 292.644983   6.256712 12.824
 57    40.286 54226.10123628 43.93 292.644253   6.260022 12.824
 57    40.645 54226.10123693 39.33 292.643513   6.263322 12.824
 57    40.453 54226.10123757 37.75 292.642783   6.266632 12.824
 57    40.744 54226.10123822 35.76 292.642053   6.269932 12.824
 57    40.717 54226.10123886 37.08 292.641323   6.273242 12.824
 57    40.607 54226.10123951 37.81 292.640583   6.276542 12.824
 58    44.927 54261.10125602 50.03 292.646088   6.257130 22.352
 58    44.706 54261.10125667 44.08 292.645358   6.260440 22.352
 58    44.796 54261.10125731 37.37 292.644618   6.263740 22.352
 58    44.816 54261.10125796 36.90 292.643888   6.267050 22.352
 58    44.790 54261.10125860 33.84 292.643158   6.270350 22.352
 58    44.344 54261.10125925 22.28 292.642428   6.273660 22.352
 58    43.921 54261.10125989 21.88 292.641688   6.276960 22.352
 59    48.663 54296.10125985 52.72 292.646839   6.256834 38.206
 59    48.608 54296.10126049 48.05 292.646099   6.260144 38.206
 59    48.528 54296.10126114 42.00 292.645369   6.263444 38.206
 59    48.628 54296.10126178 43.27 292.644639   6.266754 38.206
 59    48.557 54296.10126243 45.36 292.643909   6.270054 38.206
 59    48.449 54296.10126307 42.84 292.643179   6.273364 38.206
 59    48.532 54296.10126372 36.45 292.642439   6.276664 38.206
 59    48.539 54296.10126436 40.12 292.641709   6.279974 38.206
 60    46.939 54331.10125210 48.20 292.647459   6.260170 37.676
 60    46.989 54331.10125274 47.45 292.646719   6.263480 37.676
 60    46.821 54331.10125339 49.56 292.645989   6.266780 37.676
 60    46.852 54331.10125403 50.80 292.645259   6.270090 37.676
 60    46.758 54331.10125468 50.51 292.644529   6.273390 37.676
 60    46.892 54331.10125532 49.92 292.643799   6.276700 37.676
 60    46.870 54331.10125597 47.62 292.643059   6.280000 37.676
 61    45.785 54366.10119501 47.03 292.646849   6.256952 29.810
 61    45.993 54366.10119565 43.16 292.646119   6.260252 29.810
 61    46.095 54366.10119630 40.24 292.645389   6.263562 29.810
 61    46.004 54366.10119694 42.94 292.644649   6.266872 29.810
 61    46.039 54366.10119759 43.97 292.643919   6.270172 29.810
 61    45.957 54366.10119823 42.08 292.643189   6.273482 29.810
 61    45.909 54366.10119888 38.53 292.642459   6.276782 29.810
 62    44.537 54401.10119364 43.69 292.647263   6.257875 17.270
 62    44.018 54401.10119428 35.03 292.646539   6.261181 21.804
 62    43.837 54401.10119493 24.72 292.645799   6.264491 21.804
 62    43.486 54401.10119557 21.98 292.645069   6.267791 21.804
 62    43.603 54401.10119622 20.48 292.644339   6.271101 21.804
 62    45.752 54401.10119686 19.82 292.643609   6.274401 21.804
 62    45.812 54401.10119751 20.85 292.642879   6.277711 21.804
 63    44.565 54436.10115087 39.29 292.646387   6.258126 11.771
 63    40.926 54436.10115152 21.26 292.645648   6.261431 19.123
 63    40.960 54436.10115216 20.98 292.644918   6.264741 19.123
 63    41.330 54436.10115281 20.84 292.644188   6.268041 19.123
 63    41.270 54436.10115345 21.87 292.643458   6.271351 19.123
 63    41.511 54436.10115409 22.82 292.642728   6.274651 19.123
 63    42.339 54436.10115474 22.34 292.641988   6.277961 19.123
 64    44.293 54471.10117822 18.55 292.647603   6.259510 19.554
 64    39.740 54471.10117887 17.97 292.646863   6.262820 19.554
 64    39.901 54471.10117951 19.17 292.646133   6.266120 19.554
 64    39.947 54471.10118016 27.53 292.645403   6.269430 19.554
 64    39.667 54471.10118080 31.64 292.644673   6.272730 19.554
 64    40.025 54471.10118145 29.05 292.643943   6.276040 19.554
 64    39.455 54471.10118209 26.44 292.643203   6.279340 19.554
 65    43.369 54506.10116380 43.56 292.646887   6.258139 24.349
 65    39.069 54506.10116445 18.99 292.646157   6.261439 24.349
 65    37.081 54506.10116509 21.44 292.645417   6.264749 24.349
 65    37.532 54506.10116574 31.64 292.644687   6.268049 24.349
 65    36.567 54506.10116638 31.82 292.643957   6.271359 24.349
 65    36.654 54506.10116703 23.92 292.643227   6.274659 24.349
 65    36.152 54506.10116767 23.69 292.642497   6.277969 24.349
 66    43.181 54541.10119257 40.04 292.647540   6.257805 19.898
 66    36.317 54541.10119322 36.34 292.646810   6.261115 19.898
 66    36.067 54541.10119386 27.81 292.646080   6.264415 19.898
 66    36.424 54541.10119451 27.18 292.645350   6.267725 19.898
 66    35.981 54541.10119515 29.89 292.644610   6.271025 19.898
 66    36.143 54541.10119580 31.42 292.643880   6.274335 19.898
 66    36.101 54541.10119644 41.74 292.643150   6.277635 19.898
 67    43.094 54576.10116546 42.39 292.647096   6.257439 17.633
 67    36.511 54576.10116611 37.99 292.646366   6.260739 17.633
 67    36.715 54576.10116675 26.25 292.645636   6.264049 17.633
 67    36.945 54576.10116740 28.28 292.644906   6.267349 17.633
 67    36.753 54576.10116804 28.49 292.644176   6.270659 17.633
 67    36.980 54576.10116869 30.15 292.643436   6.273959 17.633
 67    36.634 54576.10116933 37.23 292.642706   6.277269 17.633
 68    43.152 54611.10118483 44.78 292.646536   6.257185 15.682
 68    41.161 54611.10118547 38.73 292.645806   6.260495 15.682
 68    41.272 54611.10118612 35.51 292.645076   6.263795 15.682
 68    41.247 54611.10118676 35.49 292.644346   6.267105 15.682
 68    41.175 54611.10118741 29.12 292.643606   6.270405 15.682
 68    41.164 54611.10118805 28.58 292.642876   6.273715 15.682
 68    40.786 54611.10118869 24.89 292.642146   6.277015 15.682
 69    45.799 54646.10119204 49.81 292.645345   6.258496 28.143
 69    45.829 54646.10119268 44.01 292.644615   6.261806 28.143
 69    45.940 54646.10119333 48.00 292.643885   6.265106 28.143
 69    45.841 54646.10119397 47.85 292.643155   6.268416 28.143
 69    45.773 54646.10119462 47.42 292.642415   6.271716 28.143
 69    45.800 54646.10119526 47.64 292.641685   6.275026 28.143
 69    45.801 54646.10119591 47.12 292.640955   6.278326 28.143
 70    47.470 54681.10119340 29.90 292.645355   6.259335 28.559
 70    47.021 54681.10119405 24.57 292.644625   6.262645 28.559
 70    47.219 54681.10119469 21.60 292.643895   6.265945 28.559
 70    47.213 54681.10119534 21.22 292.643165   6.269255 28.559
 70    47.532 54681.10119598 23.47 292.642425   6.272555 28.559
 70    47.761 54681.10119663 30.40 292.641695   6.275865 28.559
 70    47.652 54681.10119727 40.21 292.640965   6.279165 28.559
 71    46.261 54716.10114290 39.60 292.647684   6.258524 24.749
 71    46.354 54716.10114354 28.98 292.646954   6.261824 24.749
 71    46.235 54716.10114419 25.32 292.646224   6.265134 24.749
 71    46.000 54716.10114483 23.05 292.645494   6.268434 24.749
 71    45.982 54716.10114548 23.75 292.644764   6.271744 24.749
 71    46.065 54716.10114612 24.03 292.644024   6.275044 24.749
 71    46.463 54716.10114677 29.06 292.643294   6.278354 24.749
 72    43.809 54751.10116415 49.03 292.645400   6.256965 28.707
 72    43.524 54751.10116479 50.40 292.644670   6.260275 28.707
 72    43.687 54751.10116543 39.41 292.643940   6.263575 28.707
 72    43.695 54751.10116608 43.63 292.643210   6.266885 28.707
 72    43.720 54751.10116672 45.76 292.642470   6.270185 28.707
 72    43.655 54751.10116737 44.01 292.641740   6.273495 28.707
 72    43.742 54751.10116801 36.38 292.641010   6.276795 28.707
 73    43.409 54786.10113144 49.24 292.646888   6.257814 26.706
 73    43.385 54786.10113208 49.19 292.646158   6.261114 26.706
 73    43.286 54786.10113273 48.92 292.645428   6.264424 26.706
 73    43.354 54786.10113337 49.21 292.644698   6.267724 26.706
 73    43.300 54786.10113402 51.56 292.643968   6.271034 26.706
 73    43.289 54786.10113466 50.46 292.643228   6.274334 26.706
 73    43.278 54786.10113531 51.59 292.642498   6.277644 26.706
 74    44.265 54821.10115745 41.80 292.646492   6.256959 14.426
 74    44.536 54821.10115810 19.81 292.645762   6.260269 14.426
 74    41.138 54821.10115874 16.07 292.645032   6.263569 14.426
 74    41.387 54821.10115939 15.55 292.644302   6.266879 14.426
 74    41.785 54821.10116003 17.04 292.643562   6.270179 14.426
 74    42.219 54821.10116068 17.62 292.642832   6.273489 14.426
 74    43.005 54821.10116132 17.17 292.642102   6.276789 14.426
 75    43.960 54856.10112815 41.60 292.647431   6.257315 19.095
 75    38.484 54856.10112879 23.89 292.646701   6.260615 19.095
 75    38.897 54856.10112944 21.86 292.645971   6.263925 19.095
 75    39.123 54856.10113008 30.63 292.645241   6.267225 19.095
 75    38.964 54856.10113072 37.49 292.644511   6.270535 19.095
 75    38.949 54856.10113137 34.65 292.643771   6.273835 19.095
 75    38.877 54856.10113201 32.70 292.643041   6.277145 19.095
 75    38.755 54856.10113266 34.70 292.642311   6.280445 19.095
 76    37.801 54891.10116107 47.70 292.644675   6.257616 24.400
 76    37.825 54891.10116172 45.62 292.643945   6.260926 24.400
 76    37.823 54891.10116236 48.57 292.643215   6.264226 24.400
 76    37.618 54891.10116301 43.25 292.642485   6.267536 24.400
 76    37.836 54891.10116365 42.96 292.641745   6.270836 24.400
 76    37.574 54891.10116430 50.76 292.641015   6.274146 24.400
 76    37.236 54891.10116494 49.23 292.640285   6.277446 24.400
 77    43.110 54926.10112672 31.82 292.645140   6.258449 18.188
 77    38.422 54926.10112736 18.57 292.644410   6.261749 18.188
 77    38.699 54926.10112801 19.93 292.643680   6.265059 18.188
 77    38.934 54926.10112865 30.46 292.642950   6.268359 18.188
 77    38.026 54926.10112930 33.93 292.642220   6.271669 18.188
 77    38.244 54926.10112994 23.66 292.641480   6.274969 18.188
 77    41.580 54926.10113058 13.38 292.640750   6.278279 18.188
 78    40.732 54961.10116002 46.33 292.644778   6.256352 10.674
 78    40.400 54961.10116067 46.93 292.644048   6.259662 10.674
 78    40.187 54961.10116131 33.63 292.643318   6.262962 10.674
 78    39.731 54961.10116195 30.98 292.642588   6.266272 10.674
 78    39.401 54961.10116260 26.28 292.641848   6.269572 10.674
 78    39.008 54961.10116324 25.46 292.641118   6.272882 10.674
 78    39.405 54961.10116389 22.52 292.640388   6.276182 10.674
 79    42.374 54996.10118132 30.18 292.643715   6.256395 13.487
 79    42.539 54996.10118196 27.81 292.642985   6.259705 13.487
 79    42.671 54996.10118261 34.85 292.642255   6.263005 13.487
 79    42.537 54996.10118325 38.01 292.641525   6.266315 13.487
 79    42.427 54996.10118390 36.49 292.640785   6.269615 13.487
 79    42.478 54996.10118454 34.91 292.640055   6.272925 13.487
 79    42.351 54996.10118519 36.03 292.639325   6.276225 13.487
 80    46.990 55031.10117086 42.29 292.645489   6.257696 32.427
 80    47.202 55031.10117151 40.10 292.644759   6.261006 32.427
 80    47.038 55031.10117215 47.76 292.644029   6.264306 32.427
 80    47.023 55031.10117280 45.43 292.643299   6.267616 32.427
 80    46.967 55031.10117344 45.67 292.642559   6.270916 32.427
 80    47.083 55031.10117409 43.07 292.641829   6.274226 32.427
 80    46.913 55031.10117473 45.78 292.641099   6.277526 32.427
 81    46.959 55066.10116135 43.57 292.646740   6.259104 28.768
 81    47.098 55066.10116200 32.21 292.646010   6.262414 28.768
 81    46.994 55066.10116264 30.94 292.645280   6.265714 28.768
 81    47.051 55066.10116329 32.19 292.644550   6.269024 28.768
 81    46.928 55066.10116393 26.54 292.643810   6.272324 28.768
 81    46.727 55066.10116458 26.06 292.643080   6.275634 28.768
 81    47.000 55066.10116522 34.89 292.642350   6.278934 28.768
 82    44.158 55101.10110292 44.14 292.645092   6.258881 24.317
 82    44.205 55101.10110357 39.60 292.644362   6.262181 24.317
 82    44.309 55101.10110421 39.77 292.643632   6.265491 24.317
 82    44.223 55101.10110486 36.28 292.642902   6.268791 24.317
 82    44.067 55101.10110550 29.90 292.642172   6.272101 24.317
 82    44.302 55101.10110615 26.02 292.641432   6.275401 24.317
 82    44.178 55101.10110679 33.80 292.640702   6.278711 24.317
 83    42.083 55136.10110640 43.31 292.645746   6.258874 20.922
 83    41.770 55136.10110705 38.07 292.645016   6.262184 20.922
 83    42.117 55136.10110769 38.95 292.644286   6.265484 20.922
 83    42.199 55136.10110833 44.63 292.643556   6.268794 20.922
 83    42.039 55136.10110898 45.72 292.642816   6.272094 20.922
 83    42.014 55136.10110962 50.25 292.642086   6.275404 20.922
 83    42.027 55136.10111027 45.22 292.641356   6.278704 20.922
 84    44.227 55171.10106886 43.31 292.647260   6.257437 22.499
 84    38.537 55171.10106951 22.12 292.646530   6.260737 22.499
 84    39.166 55171.10107015 18.30 292.645800   6.264047 22.499
 84    39.369 55171.10107080 25.71 292.645070   6.267347 22.499
 84    39.024 55171.10107144 40.48 292.644340   6.270657 22.499
 84    38.648 55171.10107209 37.44 292.643600   6.273957 22.499
 84    38.783 55171.10107273 32.90 292.642870   6.277267 22.499
 85    43.674 55206.10109994 45.85 292.645913   6.256542 18.031
 85    43.841 55206.10110059 25.52 292.645183   6.259852 18.031
 85    37.282 55206.10110123 16.15 292.644453   6.263152 18.031
 85    37.291 55206.10110188 26.61 292.643723   6.266462 18.031
 85    37.092 55206.10110252 26.52 292.642983   6.269762 18.031
 85    36.945 55206.10110317 21.62 292.642253   6.273072 18.031
 85    36.830 55206.10110381 18.90 292.641523   6.276372 18.031
 86    43.382 55241.10107484 35.59 292.645708   6.258779 21.213
 86    35.600 55241.10107548 19.05 292.644978   6.262079 21.213
 86    35.774 55241.10107613 26.39 292.644248   6.265389 21.213
 86    34.754 55241.10107677 33.90 292.643518   6.268689 21.213
 86    34.852 55241.10107742 23.91 292.642788   6.271999 21.213
 86    35.055 55241.10107806 26.35 292.642048   6.275299 21.213
 86    35.002 55241.10107871 19.87 292.641318   6.278609 21.213
 87    36.346 55276.10109371 47.39 292.645734   6.258071 24.226
 87    36.356 55276.10109436 50.56 292.645004   6.261381 24.226
 87    36.258 55276.10109500 52.25 292.644274   6.264681 24.226
 87    35.457 55276.10109565 44.63 292.643544   6.267991 24.226
 87    35.869 55276.10109629 30.75 292.642804   6.271291 24.226
 87    36.461 55276.10109694 39.45 292.642074   6.274601 24.226
 87    35.953 55276.10109758 51.17 292.641344   6.277901 24.226
 88    43.617 55311.10105941 44.90 292.647047   6.256987 18.747
 88    41.381 55311.10106005 46.64 292.646317   6.260287 18.747
 88    41.521 55311.10106069 31.97 292.645587   6.263597 18.747
 88    41.390 55311.10106134 24.60 292.644857   6.266897 18.747
 88    41.436 55311.10106198 20.73 292.644127   6.270207 18.747
 88    42.106 55311.10106263 19.46 292.643387   6.273507 18.747
 88    45.171 55311.10106327 18.45 292.642657   6.276817 18.747
 88    45.782 55311.10106392 18.16 292.641927   6.280117 18.747
 89    45.278 55346.10106386 43.88 292.646618   6.259219 25.179
 89    45.496 55346.10106451 40.98 292.645888   6.262519 25.179
 89    45.461 55346.10106515 44.79 292.645158   6.265829 25.179
 89    45.551 55346.10106580 44.99 292.644418   6.269129 25.179
 89    45.391 55346.10106644 46.44 292.643688   6.272439 25.179
 89    45.439 55346.10106709 48.88 292.642958   6.275739 25.179
 89    45.380 55346.10106773 46.24 292.642228   6.279049 25.179
 90    47.055 55381.10105590 49.34 292.646141   6.258797 31.705
 90    47.178 55381.10105655 44.97 292.645411   6.262107 31.705
 90    47.094 55381.10105719 45.02 292.644681   6.265407 31.705
 90    47.020 55381.10105784 45.79 292.643951   6.268717 31.705
 90    47.058 55381.10105848 46.79 292.643211   6.272017 31.705
 90    47.132 55381.10105913 45.70 292.642481   6.275327 31.705
 90    46.950 55381.10105977 48.57 292.641751   6.278627 31.705
 91    47.572 55416.10108254 48.79 292.646297   6.256540 34.471
 91    47.483 55416.10108318 49.34 292.645567   6.259850 34.471
 91    47.561 55416.10108383 47.54 292.644837   6.263150 34.471
 91    47.567 55416.10108447 46.42 292.644107   6.266460 34.471
 91    47.593 55416.10108512 50.97 292.643367   6.269760 34.471
 91    47.565 55416.10108576 49.91 292.642637   6.273070 34.471
 91    47.482 55416.10108641 49.91 292.641907   6.276370 34.471
 92    45.514 55451.10106759 25.30 292.646890   6.260023 26.647
 92    44.571 55451.10106823 21.49 292.646160   6.263333 26.647
 92    45.136 55451.10106888 19.30 292.645430   6.266633 26.647
 92    45.786 55451.10106952 20.19 292.644700   6.269943 26.647
 92    46.396 55451.10107016 21.17 292.643960   6.273243 26.647
 92    46.307 55451.10107081 28.97 292.643230   6.276553 26.647
 92    46.380 55451.10107145 36.72 292.642500   6.279853 26.647
 93    42.848 55486.10099124 46.59 292.647497   6.260862 22.682
 93    42.732 55486.10099189 41.24 292.646767   6.264162 22.682
 93    42.929 55486.10099253 45.15 292.646037   6.267472 22.682
 93    42.788 55486.10099318 47.30 292.645307   6.270772 22.682
 93    42.756 55486.10099382 48.30 292.644577   6.274082 22.682
 93    42.714 55486.10099447 50.12 292.643837   6.277382 22.682
 93    42.547 55486.10099511 43.77 292.643107   6.280692 22.682
