-297140.398   172.357     0.00   12.11
-296764.436   169.462    -7.70   12.93
-296388.473   162.923   -17.39   11.23
-296012.506   156.514   -17.05    9.60
-295636.537   152.500   -10.67    8.13
-295260.566   151.974    -1.40    9.01
-294884.592   153.838     4.96   11.77
-294508.616   151.590    -5.98   14.62
-294132.637   147.865    -9.91   18.07
-293756.655   143.162   -12.51   19.47
-293380.672   138.162   -13.30   19.96
-293004.685   130.889   -19.34   20.89
-292628.696   126.000   -13.00   19.49
-292252.705   122.075   -10.44   16.66
-291876.711   117.351   -12.56   10.82
-291500.714   120.250     7.71   12.92
-291124.715   124.868    12.28   15.19
-290748.713   124.692    -0.47   14.79
-290372.709   123.500    -3.17   12.71
-289996.702   121.538    -5.22   10.75
-289620.693   120.583    -2.54    5.55
-289244.681   121.316     1.95    3.72
-288868.667   122.615     3.46    6.43
-288492.650   128.194    14.84   12.53
-288116.631   132.667    11.89   13.85
-287740.609   140.231    20.12   15.14
-287364.584   144.541    11.46   13.86
-286988.557   144.486    -0.14   14.36
-286612.527   146.889     6.39   12.59
-286236.495   149.410     6.70   11.67
-285860.460   153.146     9.93   11.14
-285484.423   156.568     9.10    8.78
-285108.383   159.375     7.47   11.70
-284732.341   159.263    -0.30   11.69
-284356.296   159.763     1.33   11.56
-283980.248   162.108     6.24   11.41
-283604.198   166.150    10.75   12.65
-283228.146   177.270    29.57   17.31
-282852.090   208.541    83.15   56.66
-282476.032   274.526   175.46  115.29
-282099.972   373.139   262.21  145.66
-281723.909   459.179   228.78  138.89
-281347.844   517.538   155.17   86.38
-280971.775   513.694   -10.22   87.07
-280595.705   446.108  -179.71  117.12
-280219.631   369.892  -202.65  113.65
-279843.556   299.158  -188.07   98.23
-279467.477   240.625  -155.63   76.81
-279091.396   205.838   -92.49   52.24
-278715.312   176.128   -78.99   25.21
-278339.226   159.237   -44.91   17.78
-277963.137   148.921   -27.43   15.39
-277587.046   138.946   -26.52    9.85
-277210.952   133.775   -13.75    7.20
-276834.855   128.868   -13.05    6.36
-276458.756   125.622    -8.63    5.80
-276082.654   124.757    -2.30    6.70
-275706.550   125.306     1.46    6.06
-275330.443   126.026     1.91    5.24
-274954.333   126.641     1.64    4.40
-274578.221   126.114    -1.40    4.09
-274202.106   126.568     1.21    4.20
-273825.989   127.000     1.15    4.53
-273449.868   127.459     1.22    3.44
-273073.746   128.875     3.76    5.43
-272697.620   130.459     4.21    6.36
-272321.492   133.289     7.52    6.65
-271945.362   143.395    26.87   22.61
-271569.229   169.436    69.23   47.22
-271193.093   212.243   113.80   68.77
-270816.955   259.275   125.03   79.03
-270440.813   315.026   148.21   64.47
-270064.670   345.056    79.83   61.08
-269688.523   313.541   -83.78   94.11
-269312.374   250.444  -167.73  107.41
-268936.223   207.333  -114.61   88.62
-268560.069   161.462  -121.94   52.52
-268183.912   137.912   -62.60   23.55
-267807.752   130.865   -18.73   10.19
-267431.590   130.027    -2.23    7.29
-267055.425   131.054     2.73    6.26
-266679.258   131.513     1.22    3.39
-266303.088   130.865    -1.72    3.35
-265926.915   129.897    -2.57    3.14
-265550.740   128.487    -3.75    3.59
-265174.562   127.667    -2.18    3.74
-264798.381   126.838    -2.20    4.40
-264422.198   125.675    -3.09    4.13
-264046.012   125.447    -0.61    3.70
-263669.823   125.694     0.66    3.64
-263293.632   128.568     7.64    9.46
-262917.438   132.222     9.71   17.57
-262541.241   130.079    -5.70   15.64
-262165.042   125.410   -12.41    4.15
-261788.840   123.969    -3.83    2.74
-261412.635   123.474    -1.32    2.87
-261036.428   123.842     0.98    3.04
-260660.218   124.250     1.08    3.21
-260284.005   125.256     2.67    3.02
-259907.790   125.784     1.40    3.38
-259531.572   125.923     0.37    3.53
-259155.351   125.282    -1.70    3.46
-258779.128   125.421     0.37    2.32
-258402.902   125.789     0.98    3.16
-258026.673   126.359     1.51    4.07
-257650.441   127.282     2.45    4.93
-257274.207   128.806     4.05    4.86
-256897.970   129.730     2.46    5.25
-256521.731   129.838     0.29    5.12
-256145.489   130.162     0.86    4.59
-255769.244   132.000     4.88    4.44
-255392.996   134.000     5.32    4.31
-255016.746   137.825    10.17    6.74
-254640.493   140.289     6.55    6.50
-254264.237   141.556     3.36    6.80
-253887.979   143.436     5.00    6.19
-253511.718   144.541     2.94    5.82
-253135.454   147.051     6.67    9.25
-252759.187   156.132    24.13   22.32
-252382.918   180.718    65.34   48.28
-252006.646   227.703   124.86   73.51
-251630.371   281.359   142.59   74.18
-251254.094   339.550   154.64   67.55
-250877.814   389.917   133.85   50.54
-250501.531   428.811   103.36   53.75
-250125.245   470.459   110.68   60.95
-249748.957   504.892    91.50   70.11
-249372.666   566.351   163.32   75.11
-248996.372   614.257   127.30   71.21
-248620.076   675.200   161.95   95.45
-248243.777   754.872   211.71  121.99
-247867.475   812.703   153.67  131.97
-247491.170   859.538   124.46  131.73
-247114.863   889.216    78.86  134.87
-246738.553   876.000   -35.12  118.85
-246362.240   843.053   -87.55  113.53
-245985.924   805.410  -100.02  110.72
-245609.606   745.919  -158.08   85.35
-245233.285   720.737   -66.91   64.84
-244856.961   720.175    -1.49   60.74
-244480.634   732.278    32.16   78.33
-244104.305   772.026   105.62  100.85
-243727.973   820.784   129.55  114.52
-243351.638   884.405   169.05  110.28
-242975.300   963.973   211.42   78.00
-242598.960  1015.914   138.01   52.29
-242222.617  1008.575   -19.50   83.24
-241846.271   966.282  -112.37  114.46
-241469.922   889.514  -203.97  147.13
-241093.571   781.103  -288.04  144.88
-240717.217   682.892  -260.94   77.41
-240340.860   636.842  -122.35   50.10
-239964.500   619.821   -45.22   36.59
-239588.137   631.949    32.22   42.29
-239211.772   661.135    77.54   61.47
-238835.404   708.895   126.89   66.60
-238459.033   770.275   163.08   80.48
-238082.660   815.784   120.91   72.50
-237706.283   835.051    51.19   63.27
-237329.904   814.553   -54.46   78.55
-236953.522   772.054  -112.91   70.36
-236577.138   730.351  -110.79   48.26
-236200.750   682.500  -127.13   48.70
-235824.360   650.923   -83.89   51.34
-235447.967   623.250   -73.52   48.37
-235071.571   592.432   -81.87   44.01
-234695.293   552.200  -106.92   50.47
-234319.454   514.000  -101.63   54.27
-233943.611   471.154  -114.00   62.22
-233567.766   427.211  -116.91   61.86
-233191.919   397.789   -78.28   72.00
-232816.068   347.194  -134.61   67.37
-232440.215   327.421   -52.61   76.15
-232064.359   310.200   -45.82   84.92
-231688.500   303.167   -18.71   90.77
-231312.638   297.051   -16.27   91.02
-230936.773   266.868   -80.30   92.54
-230560.906   225.514  -110.02   90.63
-230185.036   172.784  -140.28   61.65
-229809.163   154.081   -49.76   34.68
-229433.287   190.846    97.81   80.87
-229057.408   272.600   217.49  125.96
-228681.527   345.270   193.32  126.23
-228305.643   409.375   170.54  124.79
-227929.756   428.579    51.09  141.20
-227553.866   369.474  -157.23  152.49
-227177.973   285.541  -223.28  141.56
-226802.078   220.925  -171.89  111.07
-226426.179   158.222  -166.80   60.52
-226050.278   129.865   -75.43   30.02
-225674.374   117.737   -32.26   12.94
-225298.467   111.629   -16.25    5.54
-224922.558   109.846    -4.74    2.76
-224546.645   109.795    -0.14    2.65
-224170.730   109.892     0.26    2.78
-223794.812   110.135     0.65    3.23
-223418.891   111.027     2.37    3.44
-223042.967   112.513     3.95    4.27
-222667.040   114.525     5.35    4.56
-222291.111   114.919     1.05    4.37
-221915.178   116.700     4.74   10.04
-221539.243   121.421    12.56   17.09
-221163.305   127.658    16.59   24.07
-220787.364   127.027    -1.68   23.16
-220411.421   124.950    -5.52   22.60
-220035.474   119.579   -14.29   17.59
-219659.525   115.865    -9.88    8.67
-219283.572   116.605     1.97    7.70
-218907.617   121.750    13.68   15.35
-218531.659   124.667     7.76   16.34
-218155.698   125.333     1.77   16.36
-217779.734   129.028     9.83   18.82
-217403.768   138.405    24.94   27.30
-217027.798   157.054    49.60   41.45
-216651.826   197.763   108.27   61.55
-216275.851   261.225   168.79   81.16
-215899.873   311.784   134.47   82.01
-215523.892   369.641   153.88   78.38
-215147.908   412.842   114.90   61.49
-214771.921   451.974   104.07   55.97
-214395.931   479.216    72.45   59.82
-214019.939   498.500    51.29   55.06
-213643.943   517.184    49.69   48.68
-213267.945   523.083    15.69   41.99
-212891.944   513.026   -26.75   47.87
-212515.940   490.972   -58.65   64.73
-212139.933   469.205   -57.89   70.43
-211763.923   431.846   -99.35   69.24
-211387.911   407.229   -65.47   61.55
-211011.895   391.297   -42.37   47.50
-210635.876   384.865   -17.11   38.91
-210259.855   393.027    21.71   52.95
-209883.831   405.800    33.97   80.58
-209507.804   411.108    14.12   94.02
-209131.773   421.132    26.65  100.67
-208755.740   429.263    21.62  108.93
-208379.704   415.923   -35.47   99.01
-208003.666   409.757   -16.40   83.80
-207627.624   399.325   -27.74   60.09
-207251.579   391.658   -20.39   33.73
-206875.532   387.667   -10.61   35.06
-206499.481   371.432   -43.17   40.74
-206123.428   345.324   -69.42   34.99
-205747.371   330.974   -38.16   20.71
-205371.312   343.641    33.68   42.99
-204995.250   390.143   123.65   84.38
-204619.185   478.568   235.12  116.56
-204243.117   585.541   284.44  128.63
-203867.046   702.324   310.52  124.33
-203490.972   802.675   266.83  113.83
-203114.895   875.108   192.59   86.69
-202738.815   920.026   119.43   49.90
-202362.733   930.316    27.36   42.58
-201986.647   935.077    12.66   38.55
-201610.558   942.162    18.84   43.42
-201234.467   930.463   -31.10   54.53
-200858.373   921.526   -23.76   51.73
-200482.275   912.528   -23.93   50.69
-200106.175   897.324   -40.42   53.57
-199730.071   868.417   -76.86   77.40
-199353.965   836.316   -85.35   97.22
-198977.856   772.231  -170.38   93.45
-198601.744   738.667   -89.24   57.11
-198225.629   742.605    10.47   50.81
-197849.511   775.919    88.57   62.35
-197473.390   817.243   109.87   54.32
-197097.266   844.026    71.20   52.62
-196721.139   865.026    55.83   56.95
-196345.009   892.795    73.82   65.01
-195968.876   914.256    57.06   57.01
-195592.740   930.333    42.74   56.68
-195216.601   940.892    28.07   64.42
-194840.460   944.128     8.60   73.88
-194464.315   945.513     3.68   73.16
-194088.167   937.444   -21.45   70.96
-193712.016   904.216   -88.33   70.03
-193335.863   853.865  -133.85   67.84
-192959.706   814.895  -103.60   62.94
-192583.546   780.282   -92.01   47.30
-192207.384   763.485   -44.65   28.81
-191831.218   776.846    35.52   36.89
-191455.050   790.763    37.00   42.08
-191078.878   800.667    26.33   42.94
-190702.703   808.462    20.72   42.71
-190326.526   825.324    44.82   48.70
-189950.345   821.487   -10.20   63.00
-189574.162   810.769   -28.49   77.40
-189197.975   798.487   -32.65   69.10
-188821.786   808.553    26.76   73.43
-188445.593   848.795   106.97   84.57
-188069.397   872.718    63.59   73.72
-187693.199   876.000     8.72   79.16
-187316.997   843.838   -85.49   76.15
-186940.793   815.054   -76.51   48.96
-186564.585   800.459   -38.79   31.99
-186188.374   811.821    30.20   32.38
-185812.161   829.147    46.05   39.59
-185435.944   842.450    35.36   59.69
-185059.725   856.632    37.69   73.41
-184683.502   901.806   120.07   89.95
-184307.276   953.590   137.64   97.37
-183931.048   958.541    13.16   89.03
-183554.816   937.462   -56.02   87.43
-183178.581   895.421  -111.74   85.82
-182802.343   843.487  -138.03   54.56
-182426.102   803.703  -105.74   42.85
-182049.859   786.385   -46.03   56.47
-181673.612   782.600   -10.06   72.11
-181297.362   776.194   -17.02  101.49
-180921.109   786.486    27.35  121.36
-180544.853   771.297   -40.37  133.33
-180168.594   734.243   -98.48  132.09
-179792.332   702.243   -85.04  107.88
-179416.067   677.706   -65.21   90.69
-179039.798   643.350   -91.30   93.35
-178663.527   616.359   -71.73   91.23
-178287.253   595.889   -54.40   95.02
-177910.976   535.103  -161.54   94.02
-177534.695   483.486  -137.17   98.42
-177158.412   429.410  -143.71   80.86
-176782.125   385.816  -115.85   50.77
-176405.836   370.564   -40.53   37.55
-176029.543   367.162    -9.04   39.29
-175653.248   360.538   -17.60   39.86
-175276.949   345.575   -39.76   35.62
-174900.647   327.806   -47.22   25.59
-174524.342   319.486   -22.11   20.40
-174148.034   310.649   -23.48   13.37
-173771.723   310.405    -0.65   12.55
-173395.409   315.595    13.79   21.58
-173019.092   321.543    15.81   22.88
-172642.772   336.725    40.34   32.36
-172266.449   350.385    36.30   38.08
-171890.122   371.730    56.72   40.65
-171513.793   387.949    43.10   34.80
-171137.460   383.639   -11.45   36.13
-170761.125   380.368    -8.69   36.40
-170384.786   361.795   -49.35   33.74
-170008.444   357.615   -11.11   29.05
-169632.100   358.378     2.03   26.76
-169255.752   356.872    -4.00   26.32
-168879.401   354.275    -6.90   26.37
-168503.046   345.243   -24.00   27.98
-168126.689   337.949   -19.38   28.48
-167750.329   328.405   -25.36   28.36
-167373.965   321.351   -18.74   24.37
-166997.599   309.054   -32.67   18.53
-166621.229   302.629   -17.07   15.12
-166244.856   299.200    -9.11   12.56
-165868.481   295.850    -8.90   11.37
-165492.102   294.459    -3.69   13.43
-165115.720   293.872    -1.56   15.63
-164739.334   293.324    -1.45   16.21
-164362.946   293.658     0.89   14.72
-163986.555   294.436     2.07   13.47
-163610.160   298.237    10.10   14.78
-163233.762   305.105    18.25   16.75
-162857.362   309.103    10.62   16.19
-162480.958   314.675    14.80   15.98
-162104.551   319.865    13.79   19.89
-161728.141   322.800     7.80   22.40
-161351.727   326.410     9.59   24.66
-160975.311   329.333     7.77   30.11
-160598.891   325.784    -9.43   32.00
-160222.469   314.889   -28.94   31.61
-159846.043   306.895   -21.24   29.86
-159469.930   298.225   -23.05   15.32
-159094.121   300.189     5.23   14.46
-158718.309   310.725    28.03   19.17
-158342.494   322.289    30.77   19.14
-157966.676   330.132    20.87   23.76
-157590.855   338.263    21.64   18.96
-157215.030   336.789    -3.92   20.88
-156839.202   334.211    -6.86   20.27
-156463.372   326.784   -19.76   19.56
-156087.538   324.250    -6.74   16.96
-155711.701   321.459    -7.42   18.14
-155335.860   321.775     0.84   22.05
-154960.017   318.711    -8.15   25.37
-154584.170   315.111    -9.58   29.17
-154208.321   308.676   -17.12   35.70
-153832.468   295.694   -34.54   35.15
-153456.612   289.282   -17.06   31.41
-153080.753   278.300   -29.22   22.12
-152704.891   269.486   -23.45   14.94
-152329.025   266.350    -8.34   13.18
-151953.156   261.605   -12.62   15.53
-151577.285   260.658    -2.52   17.02
-151201.410   258.763    -5.04   18.45
-150825.532   259.000     0.63   18.93
-150449.650   263.405    11.72   24.79
-150073.766   263.486     0.22   24.12
-149697.878   259.925    -9.47   23.86
-149321.987   256.028   -10.37   24.34
-148946.093   248.205   -20.81   14.42
-148570.196   245.077    -8.32   11.58
-148194.296   246.243     3.10    9.45
-147818.392   254.459    21.86   16.47
-147442.486   261.250    18.06   20.05
-147066.576   277.333    42.78   25.59
-146690.663   296.350    50.59   25.69
-146314.746   305.108    23.30   24.01
-145938.827   307.800     7.16   20.43
-145562.904   308.368     1.51   20.66
-145186.979   300.500   -20.93   22.08
-144811.049   287.684   -34.09   22.59
-144435.117   274.744   -34.42   25.33
-144059.182   263.108   -30.95   20.97
-143683.243   251.889   -29.84   18.48
-143307.301   242.462   -25.08   16.32
-142931.356   234.568   -21.00   14.82
-142555.408   228.590   -15.90    6.79
-142179.457   226.051    -6.75    4.91
-141803.502   226.027    -0.06    5.49
-141427.544   228.378     6.25    7.44
-141051.583   234.811    17.11   14.11
-140675.619   244.974    27.03   18.98
-140299.651   252.125    19.02   16.76
-139923.680   255.649     9.37   15.36
-139547.707   256.925     3.39   12.46
-139171.729   252.237   -12.47   11.51
-138795.749   245.737   -17.29   10.89
-138419.765   239.378   -16.91    7.67
-138043.778   236.949    -6.46    8.14
-137667.788   236.000    -2.52    8.64
-137291.795   236.278     0.74   10.23
-136915.799   233.179    -8.24   10.39
-136539.799   228.139   -13.41   11.88
-136163.796   224.231   -10.39   10.81
-135787.790   220.410   -10.16    6.80
-135411.780   219.270    -3.03    6.65
-135035.767   216.730    -6.76    7.38
-134659.751   215.676    -2.80    6.86
-134283.732   213.256    -6.43    8.09
-133907.710   209.425   -10.19    8.00
-133531.684   207.297    -5.66    7.36
-133155.655   207.950     1.74    8.57
-132779.623   208.789     2.23    8.50
-132403.587   207.974    -2.17    8.66
-132027.549   208.730     2.01   12.25
-131651.507   207.487    -3.30   12.90
-131275.461   204.816    -7.10   14.21
-130899.413   201.194    -9.63   14.10
-130523.361   198.077    -8.29   10.09
-130147.306   198.278     0.53    8.68
-129771.248   201.692     9.08    8.98
-129395.186   208.487    18.07   10.15
-129019.121   214.611    16.28   10.22
-128643.053   219.189    12.17    9.09
-128266.982   222.973    10.06   10.88
-127890.907   224.868     5.04   11.01
-127514.829   225.400     1.41   14.00
-127138.748   227.757     6.27   14.86
-126762.664   226.850    -2.41   18.26
-126386.576   225.821    -2.74   22.20
-126010.485   223.763    -5.47   23.24
-125634.390   217.405   -16.90   22.43
-125258.293   213.282   -10.96   18.92
-124882.192   213.947     1.77   18.77
-124506.088   212.028    -5.10   12.66
-124129.980   216.949    13.08   13.35
-123753.869   220.889    10.48   13.18
-123377.755   221.231     0.91   13.17
-123001.638   214.462   -18.00   14.53
-122625.517   209.686   -12.70   11.49
-122249.393   202.730   -18.49    8.52
-121873.266   198.919   -10.13    9.46
-121497.135   194.132   -12.73   11.51
-121121.001   188.075   -16.10    9.70
-120744.864   185.027    -8.10    8.86
-120368.724   182.475    -6.78    8.31
-119992.580   182.615     0.37    9.54
-119616.433   180.949    -4.43   10.10
-119240.282   176.351   -12.22    8.88
-118864.128   173.308    -8.09    8.20
-118487.971   171.974    -3.54    6.85
-118111.811   173.694     4.57    9.24
-117735.647   176.487     7.42   11.48
-117359.480   180.556    10.82   17.65
-116983.310   185.711    13.70   21.55
-116607.136   191.538    15.49   23.94
-116230.959   198.364    18.14   25.36
-115854.779   199.405     2.77   25.29
-115478.595   195.658    -9.96   27.63
-115102.408   192.757    -7.71   29.66
-114726.217   180.795   -31.80   26.95
-114350.024   171.972   -23.45   22.57
-113973.827   163.462   -22.62   14.37
-113597.626   159.487   -10.56    6.66
-113221.422   158.231    -3.34    5.41
-112845.215   157.378    -2.27    6.08
-112469.005   157.868     1.30    7.70
-112092.791   156.462    -3.74    7.03
-111716.574   155.639    -2.19    6.62
-111340.353   155.410    -0.61    8.07
-110964.129   161.194    15.37   17.52
-110587.902   166.079    12.98   22.75
-110211.672   167.718     4.36   22.27
-109835.438   168.062     0.92   22.03
-109459.200   165.105    -7.86   20.86
-109082.960   169.684    12.17   25.79
-108706.716   168.297    -3.69   25.05
-108330.468   167.205    -2.90   22.23
-107954.217   166.595    -1.62   18.84
-107577.963   173.718    18.93   23.84
-107201.706   175.821     5.59   23.48
-106825.445   170.949   -12.95   25.10
-106449.181   164.459   -17.25   26.37
-106072.913   154.231   -27.18   18.67
-105696.642   146.744   -19.90   15.40
-105320.368   144.278    -6.55   11.75
-104944.090   146.128     4.92   15.31
-104567.809   146.514     1.02   15.82
-104191.524   148.333     4.84   20.42
-103815.236   145.564    -7.36   18.62
-103438.945   139.938   -14.95   11.69
-103062.650   137.692    -5.97   11.09
-102686.352   135.784    -5.07   11.24
-102310.050   134.703    -2.87    9.14
-101933.745   135.821     2.97   11.15
-101557.437   139.216     9.02   13.14
-101181.125   143.513    11.42   15.39
-100804.810   147.333    10.15   16.55
-100428.492   145.526    -4.80   17.56
-100052.170   143.154    -6.30   17.97
 -99675.844   140.795    -6.27   18.79
 -99299.516   140.000    -2.11   17.49
 -98923.183   136.622    -8.98   16.09
 -98546.848   134.692    -5.13   14.05
 -98170.509   131.973    -7.23   12.28
 -97794.166   128.436    -9.40   10.68
 -97417.821   122.667   -15.33    9.06
 -97041.471   119.344    -8.83    6.41
 -96665.119   116.513    -7.52    4.72
 -96288.762   114.605    -5.07    4.66
 -95912.403   115.946     3.56    5.15
 -95536.040   119.744    10.09    8.52
 -95159.674   125.417    15.07    9.65
 -94783.304   132.316    18.33   11.16
 -94406.930   138.692    16.94   10.45
 -94030.554   144.946    16.61   10.35
 -93654.174   151.590    17.65    9.24
 -93277.790   157.179    14.85    7.94
 -92901.403   162.923    15.26   11.39
 -92525.013   165.946     8.03   10.37
 -92148.619   166.333     1.03   11.85
 -91772.221   164.811    -4.04   12.66
 -91395.821   155.811   -23.91   10.13
 -91019.416   150.316   -14.60    9.94
 -90643.009   144.094   -16.53    8.93
 -90266.597   139.077   -13.33    7.24
 -89890.183   136.000    -8.17    5.81
 -89513.765   133.459    -6.75    6.62
 -89137.343   130.514    -7.83    6.39
 -88760.918   128.917    -4.24    5.54
 -88384.490   128.605    -0.83    7.52
 -88008.058   128.600    -0.01    8.41
 -87631.623   126.838    -4.68    8.52
 -87255.184   123.564    -8.70    5.99
 -86878.741   121.447    -5.62    2.65
 -86502.296   121.974     1.40    2.81
 -86125.846   125.081     8.25    7.41
 -85749.394   133.800    23.16   15.55
 -85372.937   138.919    13.60   14.25
 -84996.478   143.946    13.35   11.74
 -84620.014   146.811     7.61    9.60
 -84244.104   147.343     1.42    8.11
 -83868.330   146.128    -3.23    8.54
 -83492.553   143.923    -5.87    9.98
 -83116.773   140.838    -8.21   10.16
 -82740.989   136.162   -12.44    6.97
 -82365.201   137.083     2.45    7.41
 -81989.410   139.474     6.36    8.89
 -81613.616   141.875     6.39    8.07
 -81237.818   143.730     4.94    7.15
 -80862.017   142.821    -2.42    5.62
 -80486.212   142.316    -1.34    4.86
 -80110.404   142.692     1.00    4.35
 -79734.592   141.378    -3.50    4.30
 -79358.776   141.400     0.06    4.62
 -78982.957   141.297    -0.27    4.34
 -78607.135   141.405     0.29    3.95
 -78231.309   142.027     1.65    4.06
 -77855.480   141.943    -0.22    3.31
 -77479.647   142.641     1.86    4.04
 -77103.811   143.949     3.48    3.81
 -76727.971   144.919     2.58    3.75
 -76352.128   145.784     2.30    7.16
 -75976.281   144.639    -3.05    3.03
 -75600.430   144.474    -0.44    2.92
 -75224.577   145.308     2.22    3.52
 -74848.719   146.486     3.14    4.11
 -74472.858   149.000     6.69    4.88
 -74096.994   150.895     5.04    4.29
 -73721.126   152.615     4.58    5.47
 -73345.254   153.162     1.45    4.89
 -72969.379   154.150     2.63    6.02
 -72593.501   154.568     1.11    6.16
 -72217.619   154.676     0.29    6.98
 -71841.733   155.757     2.88    6.31
 -71465.844   157.912     5.73    6.22
 -71089.952   159.462     4.12    5.97
 -70714.056   161.359     5.05    5.05
 -70338.156   161.351    -0.02    4.84
 -69962.253   163.105     4.67    5.86
 -69586.346   165.917     7.48    7.61
 -69210.436   168.974     8.13    8.11
 -68834.522   170.872     5.05    9.24
 -68458.604   170.649    -0.59    8.58
 -68082.683   171.795     3.05    9.98
 -67706.759   169.872    -5.12    9.77
 -67330.831   166.436    -9.14    6.83
 -66954.899   164.865    -4.18    4.90
 -66578.964   164.375    -1.30    3.15
 -66203.026   163.946    -1.14    3.19
 -65827.083   163.865    -0.22    3.52
 -65451.138   163.757    -0.29    3.43
 -65075.188   163.971     0.57    5.30
 -64699.235   167.179     8.54   10.96
 -64323.279   171.641    11.87   14.02
 -63947.319   172.194     1.47    9.69
 -63571.355   174.605     6.41    8.74
 -63195.388   175.583     2.60    7.24
 -62819.417   175.816     0.62    7.47
 -62443.443   176.205     1.04    7.12
 -62067.465   175.351    -2.27    6.46
 -61691.483   175.923     1.52    6.21
 -61315.498   176.641     1.91    5.45
 -60939.510   178.100     3.88    6.28
 -60563.518   178.541     1.17    5.77
 -60187.522   178.350    -0.51    6.43
 -59811.522   178.973     1.66   10.03
 -59435.519   183.622    12.36   20.86
 -59059.513   187.541    10.42   22.44
 -58683.503   187.206    -0.89   19.03
 -58307.489   187.359     0.41   13.21
 -57931.472   189.718     6.27   12.76
 -57555.451   189.972     0.68   13.72
 -57179.426   191.579     4.27   16.59
 -56803.398   191.250    -0.87   17.61
 -56427.366   188.947    -6.12   15.57
 -56051.331   188.256    -1.84   15.48
 -55675.292   186.541    -4.56   12.86
 -55299.250   187.641     2.93   14.91
 -54923.203   190.000     6.27   17.06
 -54547.154   187.256    -7.30   15.87
 -54171.100   181.892   -14.27   10.73
 -53795.043   180.550    -3.57    9.68
 -53418.983   181.919     3.64   10.76
 -53042.918   179.865    -5.46   10.22
 -52666.851   178.135    -4.60   11.20
 -52290.779   175.889    -5.97   13.26
 -51914.704   171.231   -12.39   11.82
 -51538.625   169.923    -3.48   11.72
 -51162.543   168.806    -2.97   11.31
 -50786.457   170.263     3.88   14.29
 -50410.367   172.417     5.73   18.52
 -50034.274   174.921     6.66   22.06
 -49658.177   176.800     5.00   28.02
 -49282.077   178.378     4.20   30.73
 -48905.973   180.949     6.83   37.88
 -48529.865   190.079    24.28   39.88
 -48153.754   191.923     4.90   34.66
 -47777.639   192.243     0.85   35.44
 -47401.520   189.750    -6.63   40.04
 -47025.398   199.211    25.15   55.49
 -46649.272   211.000    31.34   64.91
 -46273.142   242.054    82.56   65.05
 -45897.009   263.889    58.05   48.70
 -45520.872   262.949    -2.50   47.53
 -45144.731   253.795   -24.34   60.41
 -44768.587   232.917   -55.51   78.45
 -44392.439   204.474   -75.62   91.00
 -44016.287   201.694    -7.39  106.41
 -43640.132   196.763   -13.11  110.05
 -43263.973   198.075     3.49  115.07
 -42887.811   191.649   -17.08  116.50
 -42511.644   165.692   -69.00  110.61
 -42135.474   143.026   -60.25  100.11
 -41759.301   105.256  -100.40   75.98
 -41383.124    71.216   -90.49   38.93
 -41006.943    55.825   -40.91   16.25
 -40630.758    49.737   -16.18    4.80
 -40254.570    48.730    -2.68    4.34
 -39878.378    48.054    -1.80    4.37
 -39502.182    48.917     2.29    4.12
 -39125.983    50.590     4.45    8.88
 -38749.780    50.308    -0.75    7.33
 -38373.573    49.611    -1.85    8.07
 -37997.363    48.568    -2.77    7.95
 -37621.149    48.378    -0.50    9.40
 -37244.931    49.526     3.05    9.31
 -36868.710    52.975     9.17   10.73
 -36492.484    54.324     3.59    9.83
 -36116.256    63.132    23.41   22.73
 -35740.023    69.263    16.30   22.32
 -35363.787    83.410    37.60   27.59
 -34987.547    91.378    21.18   29.49
 -34611.303    98.125    17.93   28.42
 -34235.056   109.158    29.32   33.45
 -33858.805   127.444    48.60   42.68
 -33482.550   166.514   103.84   63.90
 -33106.291   236.270   185.39   90.52
 -32730.029   269.513    88.35   88.46
 -32353.763   312.359   113.87   64.10
 -31977.493   321.800    25.09   61.17
 -31601.220   292.243   -78.55   70.09
 -31224.943   261.703   -81.16   74.99
 -30848.662   223.189  -102.35   78.04
 -30472.378   197.825   -67.41   61.49
 -30096.089   196.459    -3.63   47.44
 -29719.797   209.846    35.58   48.23
 -29343.502   227.763    47.61   61.14
 -28967.202   223.385   -11.64   80.34
 -28590.899   219.135   -11.29   90.07
 -28214.592   205.359   -36.61   98.98
 -27838.281   204.237    -2.98   96.71
 -27461.967   220.333    42.77   95.04
 -27085.649   232.421    32.12   81.72
 -26709.327   249.378    45.06   76.80
 -26333.001   254.641    13.98   90.31
 -25956.672   222.769   -84.69  109.59
 -25580.339   188.688   -90.56  106.27
 -25204.002   164.459   -64.38  105.70
 -24827.661   131.838   -86.68   89.64
 -24451.317   129.514    -6.18   84.04
 -24074.968   122.615   -18.33   75.89
 -23698.617   118.711   -10.38   69.20
 -23322.261    98.564   -53.53   61.45
 -22945.901    81.205   -46.12   50.18
 -22569.538    66.487   -39.11   37.36
 -22193.171    63.730    -7.33   41.04
 -21816.801    67.282     9.44   39.64
 -21440.426    69.263     5.26   37.61
 -21064.048    74.500    13.91   40.75
 -20687.666    69.615   -12.98   38.08
 -20311.280    62.892   -17.86   38.57
 -19934.890    51.974   -29.01   27.14
 -19558.497    42.846   -24.25   16.96
 -19182.100    35.406   -19.77    8.07
 -18805.699    32.684    -7.23    6.80
 -18429.294    30.553    -5.66    4.88
 -18052.886    29.757    -2.11    4.03
 -17676.473    28.051    -4.53    2.82
 -17300.057    27.162    -2.36    2.70
 -16923.637    25.667    -3.97    2.33
 -16547.214    24.205    -3.88    2.28
 -16170.786    23.128    -2.86    2.15
 -15794.355    21.892    -3.28    2.01
 -15417.920    20.949    -2.51    2.14
 -15041.481    19.590    -3.61    2.05
 -14665.038    18.472    -2.97    2.13
 -14288.592    16.667    -4.80    2.62
 -13912.142    15.730    -2.49    2.55
 -13535.688    14.564    -3.10    2.65
 -13159.230    13.641    -2.45    2.41
 -12782.768    13.531    -0.29    2.58
 -12406.303    13.590     0.16    2.52
 -12029.833    13.289    -0.80    2.12
 -11653.360    13.081    -0.55    2.03
 -11276.883    12.462    -1.65    2.00
 -10900.402    11.694    -2.04    1.80
 -10523.918    11.179    -1.37    1.50
 -10147.429    10.872    -0.82    1.40
  -9770.937    11.000     0.34    1.21
  -9394.505    12.462     3.88    3.06
  -9018.771    14.026     4.16    4.03
  -8643.033    16.026     5.32    4.78
  -8267.291    17.486     3.89    4.83
  -7891.545    17.128    -0.95    4.64
  -7515.796    16.108    -2.71    4.57
  -7140.042    14.513    -4.25    3.78
  -6764.285    12.821    -4.50    2.33
  -6388.524    11.844    -2.60    1.89
  -6012.760    11.641    -0.54    2.12
  -5636.991    11.486    -0.41    2.10
  -5261.219    11.676     0.50    2.11
  -4885.442    11.641    -0.09    2.32
  -4509.662    11.917     0.73    2.21
  -4133.878    11.513    -1.07    2.44
  -3758.091    10.872    -1.71    2.78
  -3382.299    11.105     0.62    3.07
  -3006.503    11.289     0.49    3.35
  -2630.704    11.846     1.48    3.12
  -2254.901    12.436     1.57    2.94
  -1879.094    13.351     2.44    3.65
  -1503.283    13.410     0.16    3.35
  -1127.468    10.811    -6.92    6.46
   -751.650     7.564    -8.64    7.66
   -375.828     3.308   -11.33    5.99
     -0.001     0.000    -8.80    0.00
    375.829     0.000     0.00    0.00
    751.663     0.000     0.00    0.00
   1127.501     0.000     0.00    0.00
   1503.342     0.000     0.00    0.00
   1879.188     0.000     0.00    0.00
   2255.037     0.923     2.46    3.27
   2630.891     3.769     7.57    5.84
   3006.748     7.368     9.58    6.60
   3382.609    11.316    10.50    5.39
   3758.474    13.615     6.12    2.23
   4134.342    12.872    -1.98    2.78
   4510.215    11.595    -3.40    2.86
   4886.092    10.744    -2.26    2.49
   5261.972    10.405    -0.90    2.85
   5637.856    11.923     4.04    3.62
   6013.745    13.231     3.48    4.33
   6389.637    16.219     7.95    4.50
   6765.533    17.526     3.48    3.75
   7141.432    18.730     3.20    3.19
   7517.336    19.053     0.86    2.86
   7893.244    19.205     0.41    3.52
   8269.155    20.027     2.19    4.34
   8645.071    20.425     1.06    6.05
   9020.990    19.564    -2.29    6.34
   9396.913    17.921    -4.37    4.43
   9772.841    16.421    -3.99    2.97
  10148.772    16.513     0.24    3.15
  10524.707    16.256    -0.68    2.57
  10900.645    16.243    -0.04    2.71
  11276.588    16.282     0.10    2.42
  11652.535    16.135    -0.39    2.50
  12028.485    16.385     0.66    2.32
  12404.440    16.615     0.61    2.05
  12780.398    16.344    -0.72    1.98
  13156.361    16.474     0.35    1.86
  13532.327    16.027    -1.19    2.09
  13908.297    15.789    -0.63    2.24
  14284.271    15.846     0.15    2.50
  14660.249    15.405    -1.17    2.49
  15036.231    15.425     0.05    2.17
  15412.217    15.000    -1.13    2.20
  15788.207    14.763    -0.63    2.09
  16164.201    14.395    -0.98    1.75
  16540.198    14.282    -0.30    2.09
  16916.200    14.179    -0.27    2.02
  17292.206    14.351     0.46    2.08
  17668.215    14.026    -0.87    1.97
  18044.229    14.500     1.26    2.05
  18420.246    14.821     0.85    2.86
  18796.267    15.154     0.89    3.05
  19172.293    16.059     2.41    3.41
  19548.322    15.895    -0.44    3.09
  19924.355    16.189     0.78    2.90
  20300.392    16.211     0.06    3.01
  20676.433    16.289     0.21    2.74
  21052.479    16.351     0.16    2.96
  21428.528    16.854     1.34    3.37
  21804.581    17.564     1.89    2.85
  22180.638    17.842     0.74    2.65
  22556.698    18.000     0.42    2.48
  22932.763    18.308     0.82    1.85
  23308.832    18.513     0.55    1.94
  23684.905    19.351     2.23    1.86
  24060.982    19.667     0.84    2.27
  24437.063    19.750     0.22    1.68
  24813.147    19.615    -0.36    2.11
  25189.236    19.897     0.75    2.36
  25565.329    20.529     1.68    2.38
  25941.425    21.474     2.51    2.23
  26317.526    22.081     1.61    1.89
  26693.631    22.105     0.06    2.04
  27069.739    22.079    -0.07    2.22
  27445.852    21.784    -0.78    2.37
  27821.969    21.732    -0.14    2.09
  28198.089    21.641    -0.24    1.91
  28574.214    21.474    -0.44    1.74
  28950.342    21.590     0.31    1.85
  29326.475    21.553    -0.10    2.63
  29702.612    21.513    -0.11    2.64
  30078.752    21.514     0.00    2.69
  30454.897    21.846     0.88    2.36
  30831.045    21.611    -0.62    2.30
  31207.198    22.256     1.72    2.98
  31583.355    22.950     1.84    2.88
  31959.515    23.588     1.70    3.22
  32335.680    24.595     2.68    3.30
  32711.849    24.973     1.01    3.10
  33088.021    25.263     0.77    2.45
  33464.198    25.216    -0.12    2.36
  33840.379    24.917    -0.80    1.89
  34216.563    25.325     1.09    1.56
  34592.752    25.897     1.52    2.14
  34968.945    26.711     2.16    2.10
  35345.142    27.128     1.11    2.18
  35721.343    27.237     0.29    2.15
  36097.547    27.333     0.26    2.12
  36473.756    27.216    -0.31    1.90
  36849.969    27.256     0.11    1.94
  37226.186    28.027     2.05    1.89
  37602.407    28.205     0.47    2.17
  37978.632    29.175     2.58    2.00
  38354.861    29.657     1.28    2.01
  38731.095    29.553    -0.28    1.90
  39107.332    29.270    -0.75    1.63
  39483.573    28.811    -1.22    1.33
  39859.818    28.757    -0.14    1.86
  40236.068    28.778     0.06    1.82
  40612.321    28.675    -0.27    2.08
  40988.578    28.949     0.73    2.09
  41364.840    29.026     0.21    2.07
  41741.105    28.949    -0.21    2.31
  42117.375    28.842    -0.28    2.25
  42493.649    28.051    -2.10    2.04
  42869.926    27.711    -0.91    2.08
  43246.208    27.359    -0.93    1.94
  43622.494    27.730     0.99    2.38
  43998.784    28.105     1.00    2.49
  44375.078    28.525     1.12    2.37
  44751.376    28.686     0.43    2.21
  45127.678    28.436    -0.66    2.15
  45503.984    29.000     1.50    2.04
  45880.295    29.243     0.65    2.17
  46256.609    29.838     1.58    1.74
  46632.928    29.806    -0.09    1.95
  47009.250    29.900     0.25    2.12
  47385.577    29.205    -1.85    2.15
  47761.907    29.351     0.39    2.24
  48138.242    29.615     0.70    1.74
  48514.581    30.132     1.37    1.51
  48890.924    30.205     0.20    1.44
  49267.271    31.026     2.18    1.73
  49643.622    31.769     1.97    1.81
  50019.978    32.784     2.70    2.08
  50396.337    33.395     1.62    1.97
  50772.701    33.900     1.34    2.02
  51149.068    34.694     2.11    2.40
  51525.440    35.282     1.56    2.66
  51901.816    35.324     0.11    2.57
  52278.196    35.514     0.50    2.18
  52654.580    35.946     1.15    2.04
  53030.968    36.861     2.43    2.04
  53407.360    37.775     2.43    1.94
  53783.756    38.538     2.03    1.92
  54160.157    38.892     0.94    1.85
  54536.562    39.769     2.33    1.46
  54912.970    39.892     0.33    1.79
  55289.383    40.026     0.36    2.03
  55665.800    40.128     0.27    2.24
  56042.221    40.410     0.75    2.01
  56418.646    40.378    -0.08    1.89
  56795.076    40.410     0.08    1.73
  57171.509    41.050     1.70    1.87
  57547.947    41.270     0.59    1.63
  57924.389    41.425     0.41    1.87
  58300.835    41.947     1.39    1.71
  58677.285    41.649    -0.79    1.64
  59053.739    41.757     0.29    1.46
  59430.197    41.857     0.27    1.22
  59806.660    41.641    -0.57    1.39
  60183.126    42.350     1.88    1.81
  60559.597    43.054     1.87    1.84
  60936.072    43.923     2.31    2.03
  61312.551    44.889     2.57    1.70
  61689.034    45.128     0.64    1.69
  62065.522    45.333     0.54    1.92
  62442.013    45.368     0.09    1.89
  62818.509    45.974     1.61    1.85
  63195.009    46.737     2.03    1.29
  63571.513    46.925     0.50    1.56
  63948.021    47.216     0.77    1.86
  64324.534    47.250     0.09    2.02
  64701.050    47.436     0.49    2.21
  65077.571    47.838     1.07    1.98
  65454.096    47.865     0.07    2.15
  65830.326    48.297     1.15    2.17
  66206.034    48.282    -0.04    1.96
  66581.747    48.436     0.41    2.27
  66957.464    48.459     0.06    2.12
  67333.185    48.872     1.10    2.28
  67708.910    49.472     1.60    2.26
  68084.640    50.342     2.32    2.40
  68460.373    51.333     2.64    2.30
  68836.111    51.895     1.49    2.15
  69211.853    52.263     0.98    2.09
  69587.599    52.500     0.63    1.96
  69963.349    53.375     2.33    1.92
  70339.104    54.027     1.74    1.66
  70714.862    55.050     2.72    2.06
  71090.625    56.205     3.07    1.94
  71466.392    57.081     2.33    1.83
  71842.163    58.351     3.38    2.28
  72217.939    60.833     6.61    3.64
  72593.718    64.128     8.77    4.84
  72969.502    68.128    10.64    4.91
  73345.290    70.556     6.46    3.95
  73721.082    72.846     6.10    2.47
  74096.878    73.611     2.04    2.39
  74472.679    73.282    -0.88    3.40
  74848.484    72.692    -1.57    4.63
  75224.293    72.081    -1.63    5.16
  75600.106    71.526    -1.48    5.41
  75975.923    71.667     0.37    4.65
  76351.745    71.600    -0.18    3.89
  76727.570    71.595    -0.01    3.87
  77103.400    72.000     1.08    3.90
  77479.235    72.368     0.98    3.45
  77855.073    73.405     2.76    3.25
  78230.916    74.946     4.10    3.60
  78606.762    76.600     4.40    2.93
  78982.613    76.462    -0.37    3.01
  79358.469    77.154     1.84    3.12
  79734.328    77.917     2.03    3.43
  80110.192    79.744     4.86    3.39
  80486.060    81.556     4.82    2.84
  80861.932    82.359     2.14    2.86
  81237.809    83.410     2.80    3.06
  81613.689    84.297     2.36    2.52
  81989.574    83.256    -2.77    3.65
  82365.463    81.564    -4.50    4.82
  82741.357    80.415    -3.06    4.60
  83117.254    80.243    -0.46    4.82
  83493.156    81.650     3.74    5.14
  83869.062    85.000     8.91    4.45
  84244.972    87.351     6.26    3.85
  84620.887    89.000     4.39    4.08
  84996.806    91.294     6.10    3.32
  85372.729    92.872     4.20    3.20
  85748.656    94.737     4.96    3.06
  86124.588    95.892     3.07    2.64
  86500.524    97.026     3.02    2.36
  86876.464    97.583     1.48    2.25
  87252.408    97.553    -0.08    2.20
  87628.357    97.487    -0.17    2.43
  88004.310    96.000    -3.96    4.28
  88380.267    91.872   -10.98    6.51
  88756.228    89.590    -6.07    6.69
  89132.194    89.700     0.29    6.53
  89508.164    91.842     5.70    6.82
  89884.138    93.256     3.76    6.46
  90260.117    93.378     0.32    6.07
  90636.100    93.000    -1.01    6.54
  91012.087    92.737    -0.70    6.28
  91388.078    94.406     4.44    5.79
  91764.074    93.487    -2.44    6.59
  92140.074    92.263    -3.26    7.74
  92516.078    90.459    -4.80    7.94
  92892.086    90.184    -0.73    7.68
  93268.099    90.833     1.73    7.55
  93644.116    91.237     1.07    7.47
  94020.138    94.450     8.55    8.92
  94396.163    96.622     5.78    8.76
  94772.193    97.385     2.03    8.12
  95148.228    96.026    -3.61    8.77
  95524.266    94.513    -4.02    8.13
  95900.309    93.053    -3.88    6.58
  96276.356    94.769     4.56    6.66
  96652.408    95.541     2.05    6.31
  97028.464    94.605    -2.49    5.90
  97404.524    95.947     3.57    6.34
  97780.588    98.312     6.29    6.96
  98156.657   101.795     9.26    7.28
  98532.730   105.342     9.43    6.85
  98908.807   107.270     5.13    6.82
  99284.889   105.703    -4.17    7.44
  99660.975   104.861    -2.24    8.69
 100037.065   102.846    -5.36    6.96
 100413.160   102.825    -0.06    5.62
 100789.259   107.054    11.24    9.16
 101165.362   112.256    13.83    9.11
 101541.470   112.487     0.61    8.86
 101917.582   111.538    -2.52    8.81
 102293.698   110.526    -2.69    8.09
 102669.819   109.385    -3.04    6.61
 103045.944   107.459    -5.12    6.59
 103422.073   104.342    -8.29    6.83
 103798.207   101.974    -6.30    4.59
 104174.345   103.061     2.89    5.91
 104550.487   104.744     4.47    5.70
 104926.634   108.211     9.22    4.92
 105302.785   110.351     5.69    4.32
 105678.941   112.676     6.18    4.99
 106055.100   115.250     6.84    4.55
 106431.265   118.821     9.49    7.87
 106807.433   121.195     6.31    7.82
 107183.606   124.270     8.18    6.95
 107559.783   127.300     8.05    8.54
 107935.965   127.718     1.11    9.62
 108312.151   126.667    -2.79   12.19
 108688.341   126.553    -0.30   15.66
 109064.536   127.641     2.89   17.64
 109440.735   125.811    -4.87   12.73
 109816.938   122.237    -9.50   11.56
 110193.146   117.641   -12.22    8.70
 110569.358   113.057   -12.18    4.88
 110945.575   111.949    -2.95    3.16
 111321.795   111.684    -0.70    2.87
 111698.021   111.784     0.26    3.35
 112074.250   112.216     1.15    3.38
 112450.485   111.833    -1.02    3.01
 112826.723   111.641    -0.51    2.83
 113202.966   112.341     1.86    2.97
 113579.213   113.421     2.87    2.81
 113955.465   113.650     0.61    2.62
 114331.721   114.500     2.26    3.03
 114707.981   114.051    -1.19    3.74
 115084.246   114.179     0.34    4.18
 115460.515   114.564     1.02    4.47
 115836.789   114.973     1.09    4.59
 116213.067   116.421     3.85    4.18
 116589.349   117.128     1.88    3.40
 116965.636   118.108     2.60    3.78
 117341.927   119.308     3.19    4.48
 117718.223   120.784     3.92    4.77
 118094.523   121.784     2.66    4.08
 118470.827   122.216     1.15    3.25
 118847.136   122.972     2.01    3.11
 119223.450   124.575     4.26    3.60
 119599.767   125.125     1.46    3.44
 119976.090   125.053    -0.19    3.52
 120352.416   124.925    -0.34    4.22
 120728.747   124.605    -0.85    4.84
 121105.083   123.205    -3.72    5.89
 121481.422   122.128    -2.86    5.85
 121857.767   120.474    -4.40    5.29
 122234.115   119.811    -1.76    4.51
 122610.469   119.718    -0.25    4.70
 122986.826   118.500    -3.24    4.61
 123363.188   117.459    -2.76    3.75
 123739.555   116.950    -1.35    2.83
 124115.926   117.487     1.43    2.56
 124492.301   118.730     3.30    3.45
 124868.681   121.378     7.04    5.01
 125245.065   124.000     6.97    4.85
 125621.454   126.775     7.37    5.71
 125997.847   127.625     2.26    6.58
 126374.245   127.676     0.13    6.43
 126750.647   128.425     1.99    5.42
 127127.053   129.459     2.75    4.92
 127503.464   132.051     6.89    5.25
 127879.880   134.359     6.13    5.05
 128256.300   137.579     8.55    6.91
 128632.724   141.816    11.26    7.87
 129009.153   145.368     9.44    7.99
 129385.586   147.525     5.73    6.36
 129762.024   148.676     3.06    3.59
 130138.466   147.878    -2.12    4.19
 130514.913   144.795    -8.19    4.80
 130891.364   141.459    -8.86    4.53
 131267.820   138.784    -7.11    3.93
 131644.280   137.703    -2.87    2.75
 132020.745   138.462     2.02    3.52
 132397.214   141.256     7.42    3.85
 132773.687   143.297     5.42    3.21
 133150.165   144.821     4.05    2.63
 133526.648   143.211    -4.28    4.65
 133903.135   140.703    -6.66    5.87
 134279.627   138.725    -5.25    5.98
 134656.123   136.703    -5.37    5.80
 135032.623   134.184    -6.69    6.91
 135409.128   131.605    -6.85    8.09
 135785.638   127.650   -10.51    6.68
 136162.152   124.054    -9.55    3.83
 136538.670   122.317    -4.61    3.56
 136915.194   121.513    -2.14    3.58
 137291.721   121.111    -1.07    3.37
 137668.253   120.973    -0.37    3.10
 138044.790   122.676     4.52    3.39
 138421.331   124.436     4.67    3.47
 138797.877   125.846     3.75    3.79
 139174.427   126.722     2.33    3.85
 139550.981   124.436    -6.07    5.21
 139927.541   121.595    -7.55    4.46
 140304.104   119.919    -4.45    3.25
 140680.673   118.875    -2.77    2.78
 141056.665   118.324    -1.46    2.76
 141432.338   117.974    -0.93    3.35
 141808.016   117.763    -0.56    3.74
 142183.698   118.641     2.34    3.81
 142559.384   120.649     5.34    3.92
 142935.075   122.878     5.93    4.43
 143310.771   126.079     8.52    4.27
 143686.471   128.167     5.56    3.90
 144062.176   129.342     3.13    3.11
 144437.885   130.000     1.75    2.53
 144813.598   130.256     0.68    2.27
 145189.316   130.282     0.07    1.83
 145565.039   129.833    -1.19    1.95
 145940.766   128.946    -2.36    1.78
 146316.498   128.081    -2.30    2.06
 146692.234   127.263    -2.18    2.15
 147067.975   126.875    -1.03    2.31
 147443.721   126.432    -1.18    1.99
 147819.471   126.872     1.17    2.33
 148195.225   128.026     3.07    2.68
 148570.984   130.051     5.39    3.19
 148946.747   132.595     6.77    3.61
 149322.515   135.125     6.73    4.18
 149698.288   137.974     7.58    3.65
 150074.065   138.703     1.94    3.20
 150449.847   138.132    -1.52    3.35
 150825.633   135.500    -7.00    3.82
 151201.424   132.974    -6.72    3.93
 151577.219   130.026    -7.85    4.07
 151953.019   127.730    -6.11    4.20
 152328.824   125.189    -6.76    3.00
 152704.633   123.432    -4.67    2.23
 153080.446   121.385    -5.45    3.07
 153456.265   118.805    -6.86    4.21
 153832.087   116.405    -6.38    3.48
 154207.915   114.400    -5.34    2.54
 154583.747   113.500    -2.39    2.20
 154959.583   112.763    -1.96    1.50
 155335.424   112.757    -0.02    1.46
 155711.270   112.800     0.12    1.40
 156087.120   113.270     1.25    1.52
 156462.975   113.515     0.65    1.64
