# NaN NaN NaN ;Mean Elev.(m), Avg Gradient(m/km), RMS Gradient(m/km) - SRTM1     
#   13.772  -0.225   2.808 ;Mean Elev.(m), Avg Gradient(m/km), RMS Gradient(m/km) - ASTER GDEM
#   21.000  -0.049   2.330 ;Mean Elev.(m), Avg Gradient(m/km), RMS Gradient(m/km) - GMTED2010 
  9    33.762 52515.60442052 25.31 293.566217   7.589274 12.946
  9    33.030 52515.60442117 25.43 293.565487   7.585964 12.946
  9    33.741 52515.60442181 23.33 293.564747   7.582664 12.946
  9    34.575 52515.60442245 22.49 293.564017   7.579354 12.946
  9    34.569 52515.60442310 21.85 293.563277   7.576054 12.946
 11    30.299 52585.60444173 16.44 293.569289   7.585862 11.292
 11    30.431 52585.60444237 16.03 293.568559   7.582552 11.292
 11    30.366 52585.60444302 18.52 293.567819   7.579252 11.292
 15    24.768 52725.60445271 20.38 293.561595   7.582213 10.961
 15    24.702 52725.60445336 19.93 293.560865   7.578903 10.961
 15    24.253 52725.60445400 20.96 293.560125   7.575603 10.961
 17    31.351 52795.60442563 23.39 293.567853   7.588049 17.545
 17    31.356 52795.60442628 23.88 293.567123   7.584739 17.545
 17    31.487 52795.60442692 23.54 293.566383   7.581429 17.545
 17    31.429 52795.60442757 23.40 293.565643   7.578129 17.545
 18    31.742 52830.60449262 23.14 293.568991   7.586122 20.566
 18    32.046 52830.60449327 22.66 293.568251   7.582822 20.566
 18    31.801 52830.60449391 24.32 293.567521   7.579522 20.566
 19    35.476 52865.60453652 32.55 293.570595   7.586361 18.150
 19    35.527 52865.60453716 31.89 293.569865   7.583061 18.150
 19    35.631 52865.60453781 31.20 293.569125   7.579751 18.150
 22    31.600 52970.60453033 20.40 293.559274   7.579115 25.867
 22    31.519 52970.60453098 18.76 293.558534   7.575815 25.867
 28    32.476 53180.60454854 27.16 293.566074   7.590478 33.034
 28    32.694 53180.60454918 25.20 293.565333   7.587172 17.432
 28    32.883 53180.60454983 23.14 293.564603   7.583872 17.432
 28    32.894 53180.60455047 23.46 293.563863   7.580562 17.432
 28    32.664 53180.60455112 24.35 293.563133   7.577262 17.432
 28    32.400 53180.60455176 24.19 293.562393   7.573952 17.432
 32    30.825 53320.60452158 19.15 293.569391   7.585483 14.707
 32    30.973 53320.60452223 18.72 293.568661   7.582173 14.707
 32    30.748 53320.60452287 19.88 293.567921   7.578873 14.707
 33    28.901 53355.60448984 24.18 293.567618   7.589282 15.516
 33    28.973 53355.60449048 21.66 293.566878   7.585972 15.516
 33    28.778 53355.60449113 20.71 293.566148   7.582672 15.516
 33    28.899 53355.60449177 16.85 293.565408   7.579362 15.516
 33    28.924 53355.60449242 15.77 293.564678   7.576062 15.516
 34    26.779 53390.60450176 16.36 293.559293   7.578811  8.591
 34    26.446 53390.60450241 15.61 293.558553   7.575511  8.591
 35    25.898 53425.60449689 17.96 293.566800   7.589179 14.084
 35    25.724 53425.60449753 16.87 293.566070   7.585879 14.084
 35    25.940 53425.60449818 15.95 293.565332   7.582572 13.570
 35    25.894 53425.60449882 14.45 293.564602   7.579272 13.570
 35    25.999 53425.60449947 14.24 293.563862   7.575962 13.570
 36    25.096 53460.60450510 16.00 293.567415   7.586810 11.611
 36    24.799 53460.60450574 19.27 293.566675   7.583500 11.611
 36    24.743 53460.60450638 20.66 293.565945   7.580190 11.611
 36    24.678 53460.60450703 21.88 293.565205   7.576890 11.611
 38    32.098 53530.60456347 43.81 293.566944   7.587154 19.676
 38    32.102 53530.60456411 41.78 293.566214   7.583854 19.676
 38    32.052 53530.60456476 42.10 293.565474   7.580544 19.676
 38    32.053 53530.60456540 41.48 293.564744   7.577244 19.676
 40    34.266 53600.60453553 32.58 293.562393   7.582300 33.914
 40    34.422 53600.60453617 32.96 293.561657   7.578992 27.606
 40    34.357 53600.60453682 34.43 293.560927   7.575692 27.606
 43    29.892 53705.60448635 18.70 293.568424   7.589171 17.785
 43    30.259 53705.60448699 17.49 293.567684   7.585861 17.785
 43    30.272 53705.60448764 19.04 293.566954   7.582561 17.785
 43    30.234 53705.60448828 18.76 293.566214   7.579251 17.785
 44    26.808 53740.60439835 22.25 293.565961   7.591416 13.802
 44    26.658 53740.60439899 21.60 293.565221   7.588106 13.802
 44    26.660 53740.60439964 19.71 293.564491   7.584806 13.802
 44    26.680 53740.60440028 17.37 293.563751   7.581496 13.802
 44    26.730 53740.60440093 15.01 293.563022   7.578188 16.548
 44    26.707 53740.60440157 14.92 293.562282   7.574888 16.548
 45    27.538 53775.60442051 15.31 293.567535   7.587373  7.855
 45    27.384 53775.60442115 15.41 293.566795   7.584073  7.855
 45    27.187 53775.60442180 14.55 293.566065   7.580763  7.855
 45    27.095 53775.60442244 14.02 293.565325   7.577463  7.855
 46    26.198 53810.60440137 16.96 293.564198   7.588960 11.545
 46    26.315 53810.60440202 16.05 293.563468   7.585650 11.545
 46    26.133 53810.60440266 15.94 293.562728   7.582340 11.545
 46    26.230 53810.60440331 15.16 293.561998   7.579040 11.545
 46    25.322 53810.60440395 15.94 293.561268   7.575730 11.545
 48    30.985 53880.60447283 36.46 293.566724   7.589332 17.400
 48    31.055 53880.60447348 32.99 293.565984   7.586022 17.400
 48    31.050 53880.60447412 31.40 293.565254   7.582722 17.400
 48    31.123 53880.60447477 30.05 293.564510   7.579415 12.415
 48    31.195 53880.60447541 30.35 293.563780   7.576115 12.415
 52    32.341 54020.60451621 18.18 293.562271   7.582066 26.630
 52    32.370 54020.60451686 18.69 293.561541   7.578756 26.630
 52    32.374 54020.60451750 18.38 293.560801   7.575456 26.630
 53    30.284 54055.60450720 20.39 293.569851   7.584965 18.342
 53    30.202 54055.60450785 20.76 293.569111   7.581665 18.342
 53    30.557 54055.60450849 19.40 293.568381   7.578355 18.342
 54    29.125 54090.60449492 17.41 293.561032   7.580402 16.734
 54    29.263 54090.60449557 14.51 293.560292   7.577092 16.734
 55    26.126 54125.60442107 20.72 293.565084   7.592249 10.697
 55    26.171 54125.60442171 21.22 293.564354   7.588939 10.697
 55    25.770 54125.60442236 20.65 293.563614   7.585639 10.697
 55    25.765 54125.60442300 18.01 293.562884   7.582329 10.697
 55    26.188 54125.60442365 15.52 293.562144   7.579029 10.697
 55    25.687 54125.60442429 16.04 293.561414   7.575719 10.697
 56    24.708 54160.60446269 18.74 293.559004   7.579309 13.895
 56    23.711 54160.60446333 21.59 293.558274   7.575999 13.895
 57    24.805 54195.60442529 20.81 293.561673   7.580752 15.326
 57    24.712 54195.60442593 23.12 293.560933   7.577442 15.326
 58    28.146 54230.60447432 17.36 293.561011   7.580811 15.788
 58    28.118 54230.60447496 17.77 293.560281   7.577501 15.788
 59    32.060 54265.60449168 24.96 293.562037   7.582974 14.422
 59    32.011 54265.60449232 24.78 293.561297   7.579674 14.422
 59    31.981 54265.60449297 23.65 293.560567   7.576364 14.422
 60    35.273 54300.60449675 35.54 293.562135   7.581370 29.838
 60    35.311 54300.60449740 35.34 293.561405   7.578060 29.838
 60    35.350 54300.60449804 36.61 293.560665   7.574754 28.835
 61    35.033 54335.60448557 36.41 293.560942   7.580081 16.361
 61    34.939 54335.60448621 36.86 293.560202   7.576781 16.361
 63    32.752 54405.60443021 26.44 293.559921   7.580670 15.797
 63    32.832 54405.60443085 26.59 293.559191   7.577370 15.797
 64    29.553 54440.60438578 21.48 293.564424   7.589849 10.694
 64    29.555 54440.60438642 21.54 293.563684   7.586549 10.694
 64    29.435 54440.60438707 20.89 293.562954   7.583239 10.694
 64    29.360 54440.60438771 19.09 293.562214   7.579939 10.694
 64    29.445 54440.60438836 16.91 293.561474   7.576629 10.694
 65    28.315 54475.60441651 15.70 293.563330   7.585375 15.917
 65    27.726 54475.60441716 14.45 293.562600   7.582065 15.917
 65    27.335 54475.60441780 15.22 293.561860   7.578765 15.917
 65    27.128 54475.60441845 14.27 293.561130   7.575455 15.917
 66    24.914 54510.60440246 21.42 293.562421   7.582021 13.367
 66    24.855 54510.60440310 21.71 293.561691   7.578711 13.367
 66    24.870 54510.60440375 21.90 293.560951   7.575411 13.367
 67    25.191 54545.60443122 18.08 293.561301   7.582289  9.385
 67    24.948 54545.60443187 19.02 293.560571   7.578979  9.385
 67    25.164 54545.60443251 17.52 293.559831   7.575679  9.385
 68    25.367 54580.60439575 49.27 293.564930   7.590431 25.329
 68    25.312 54580.60439640 43.66 293.564190   7.587121 25.329
 68    25.394 54580.60439704 45.20 293.563460   7.583821 25.329
 68    25.389 54580.60439769 42.21 293.562720   7.580511 25.329
 68    25.401 54580.60439833 39.02 293.561990   7.577201 25.329
 69    29.041 54615.60442077 19.95 293.562078   7.580987  8.625
 69    29.103 54615.60442142 18.84 293.561348   7.577677  8.625
 71    35.545 54685.60442650 26.52 293.560229   7.580727  9.773
 71    35.332 54685.60442715 25.35 293.559489   7.577427  9.773
 72    34.855 54720.60437557 41.00 293.565074   7.590877 17.189
 72    34.811 54720.60437621 40.75 293.564344   7.587567 17.189
 72    34.844 54720.60437686 41.85 293.563604   7.584267 17.189
 72    34.830 54720.60437750 38.57 293.562874   7.580957 17.189
 72    34.787 54720.60437815 37.42 293.562134   7.577657 17.189
 72    34.811 54720.60437879 37.72 293.561404   7.574347 17.189
 73    32.410 54755.60440202 24.08 293.559717   7.578444 13.110
 73    32.297 54755.60440267 25.06 293.558987   7.575134 13.110
 74    30.888 54790.60437165 31.93 293.560161   7.579541 25.030
 74    30.902 54790.60437230 31.97 293.559421   7.576231 25.030
 75    29.297 54825.60439724 17.84 293.561612   7.581487 11.074
 75    29.152 54825.60439788 16.86 293.560872   7.578187 11.074
 75    30.580 54825.60439853 14.64 293.560142   7.574877 11.074
 76    26.308 54860.60436274 26.42 293.564850   7.591487 15.218
 76    26.354 54860.60436338 22.51 293.564110   7.588187 15.218
 76    26.431 54860.60436402 21.27 293.563380   7.584877 15.218
 76    26.525 54860.60436467 20.08 293.562640   7.581577 15.218
 76    26.636 54860.60436531 17.30 293.561900   7.578267 15.218
 76    26.381 54860.60436596 16.25 293.561170   7.574967 15.218
 78    26.599 54930.60436252 16.01 293.559794   7.579711 22.574
 78    26.016 54930.60436316 17.23 293.559054   7.576401 22.574
 79    28.407 54965.60439906 18.99 293.559803   7.578343 10.606
 79    28.426 54965.60439970 16.20 293.559063   7.575043 10.606
 81    33.446 55035.60440425 23.54 293.562100   7.581069 15.654
 81    33.538 55035.60440490 22.78 293.561360   7.577769 15.654
 81    33.274 55035.60440554 24.21 293.560630   7.574459 15.654
 82    34.537 55070.60439404 32.89 293.560104   7.579694 12.980
 82    34.534 55070.60439468 34.05 293.559364   7.576394 12.980
 83    32.378 55105.60433697 27.66 293.560048   7.579803 29.301
 83    32.257 55105.60433762 28.48 293.559308   7.576493 29.301
 85    26.969 55175.60430226 20.37 293.565151   7.590514  9.172
 85    26.873 55175.60430290 19.36 293.564411   7.587214  9.172
 85    27.026 55175.60430355 18.87 293.563681   7.583904  9.172
 85    26.947 55175.60430419 16.43 293.562941   7.580604  9.172
 85    26.962 55175.60430483 14.52 293.562211   7.577294  9.172
 86    25.233 55210.60433808 19.37 293.560613   7.580826 10.744
 86    24.996 55210.60433872 21.53 293.559873   7.577526 10.744
 87    24.209 55245.60431037 20.73 293.560738   7.580555 16.644
 87    23.900 55245.60431102 22.86 293.559998   7.577255 16.644
 88    24.473 55280.60433162 22.85 293.559390   7.579584  9.570
 88    24.593 55280.60433226 21.23 293.558650   7.576284  9.570
 89    29.270 55315.60429770 22.77 293.559613   7.579181 23.558
 89    29.274 55315.60429835 19.23 293.558873   7.575881 23.558
 90    32.513 55350.60430309 27.07 293.560685   7.581543 15.539
 90    32.495 55350.60430373 25.84 293.559945   7.578243 15.539
 92    35.902 55420.60432105 31.29 293.561905   7.581653 12.967
 92    35.825 55420.60432169 27.19 293.561175   7.578343 12.967
 92    35.586 55420.60432234 26.20 293.560435   7.575043 12.967
 93    34.991 55455.60429833 24.52 293.560034   7.578562 12.411
 93    34.740 55455.60429898 22.72 293.559304   7.575252 12.411
 94    31.451 55490.60421610 23.08 293.561046   7.580636 12.981
 94    30.965 55490.60421674 23.89 293.560316   7.577326 12.981
