-167924.935   120.415     0.00    5.40
-167548.953   123.614     8.51    5.67
-167172.975   125.864     5.98    4.21
-166797.002   125.579    -0.76    3.67
-166421.033   123.229    -6.25    4.53
-166045.069   121.533    -4.51    4.45
-165669.110   121.236    -0.79    4.90
-165293.155   119.858    -3.67    4.90
-164917.204   119.479    -1.01    4.40
-164541.259   118.622    -2.28    4.21
-164165.318   116.204    -6.43    4.51
-163789.381   114.325    -5.00    5.59
-163413.449   111.101    -8.58    5.55
-163037.521   107.710    -9.02    3.92
-162661.599   105.269    -6.49    2.99
-162285.680   104.812    -1.21    2.90
-161909.766   105.043     0.61    3.44
-161533.857   106.351     3.48    4.59
-161157.953   109.584     8.60    3.99
-160782.053   110.813     3.27    3.41
-160406.157   113.029     5.90    3.92
-160030.266   115.313     6.07    4.20
-159654.380   117.695     6.34    4.12
-159278.498   117.927     0.61    4.30
-158902.620   115.533    -6.37    5.69
-158526.747   111.838    -9.83    6.53
-158150.879   107.362   -11.91    4.26
-157775.015   106.104    -3.35    3.32
-157399.156   106.966     2.29    4.56
-157023.302   110.803    10.21    7.25
-156647.451   116.043    13.94    8.47
-156271.606   121.290    13.96    7.33
-155895.765   127.018    15.24    5.69
-155519.928   129.428     6.41    6.51
-155144.096   128.979    -1.19    6.94
-154768.269   126.716    -6.02    7.25
-154392.446   122.274   -11.82    6.86
-154016.627   119.607    -7.10    6.47
-153640.813   115.424   -11.13    5.06
-153265.004   112.641    -7.40    4.51
-152889.199   110.005    -7.01    3.85
-152513.399   108.163    -4.90    3.29
-152137.603   107.095    -2.84    3.21
-151761.811   107.635     1.44    3.56
-151386.025   110.532     7.71    5.13
-151010.242   114.479    10.50    6.91
-150634.464   117.912     9.13    6.81
-150258.691   119.941     5.40    4.88
-149882.922   119.993     0.14    4.38
-149507.158   118.761    -3.28    4.17
-149131.398   115.889    -7.64    3.75
-148755.643   113.684    -5.87    3.65
-148379.892   111.641    -5.44    3.82
-148004.146   108.736    -7.73    4.11
-147628.404   107.295    -3.83    4.00
-147252.666   106.201    -2.91    4.17
-146876.933   104.663    -4.09    4.08
-146501.205   102.587    -5.53    3.65
-146125.481   100.953    -4.35    2.72
-145749.762    99.043    -5.08    2.80
-145374.047    97.885    -3.08    2.79
-144998.336    96.769    -2.97    2.78
-144622.630    95.074    -4.51    2.52
-144246.928    94.803    -0.72    2.30
-143871.231    94.054    -1.99    2.06
-143495.539    93.803    -0.67    1.99
-143119.851    93.354    -1.20    2.24
-142744.167    91.812    -4.10    2.35
-142368.488    90.889    -2.46    2.87
-141992.813    89.128    -4.69    2.65
-141617.143    88.787    -0.91    2.31
-141241.351    88.216    -1.52    2.31
-140864.798    88.035    -0.48    2.62
-140488.250    87.532    -1.34    2.69
-140111.706    86.425    -2.94    2.79
-139735.167    86.018    -1.08    2.81
-139358.632    85.300    -1.91    2.78
-138982.102    84.832    -1.24    3.02
-138605.576    83.749    -2.88    3.81
-138229.054    82.032    -4.56    4.01
-137852.537    80.584    -3.84    3.73
-137476.025    79.679    -2.40    3.36
-137099.517    78.803    -2.33    3.50
-136723.013    77.113    -4.49    3.31
-136346.514    75.684    -3.80    2.92
-135970.019    75.274    -1.09    2.83
-135593.529    74.533    -1.97    2.07
-135217.043    74.163    -0.98    2.22
-134840.562    73.300    -2.29    2.16
-134464.085    72.646    -1.74    2.24
-134087.612    71.736    -2.42    2.21
-133711.144    71.646    -0.24    2.76
-133334.681    71.248    -1.06    2.73
-132958.222    70.941    -0.82    2.51
-132581.767    70.365    -1.53    1.79
-132205.317    70.263    -0.27    1.81
-131828.871    70.101    -0.43    2.19
-131452.429    69.927    -0.46    3.40
-131075.992    70.795     2.31    3.94
-130699.560    71.182     1.03    3.64
-130323.132    71.186     0.01    3.57
-129946.708    70.633    -1.47    3.61
-129570.289    70.479    -0.41    3.44
-129193.874    70.223    -0.68    3.48
-128817.463    70.374     0.40    3.04
-128441.057    70.530     0.42    2.53
-128064.656    70.690     0.42    2.79
-127688.258    72.530     4.89    5.54
-127311.866    74.155     4.32    7.43
-126935.477    76.838     7.13    7.94
-126559.093    80.154     8.81    8.17
-126182.714    82.535     6.33    6.80
-125806.338    85.074     6.75    4.63
-125429.968    85.182     0.29    3.45
-125053.601    83.749    -3.81    3.43
-124677.239    82.155    -4.24    3.72
-124300.882    80.646    -4.01    3.26
-123924.529    79.079    -4.16    3.22
-123548.180    77.095    -5.27    2.80
-123171.835    75.371    -4.58    3.08
-122795.495    73.889    -3.94    2.52
-122419.160    72.637    -3.33    2.66
-122042.828    71.941    -1.85    2.21
-121666.502    71.611    -0.88    2.28
-121290.179    71.197    -1.10    1.90
-120913.861    71.452     0.68    1.95
-120537.547    70.663    -2.10    2.68
-120161.238    70.179    -1.29    2.71
-119784.933    69.424    -2.01    2.81
-119408.632    69.128    -0.79    2.66
-119032.336    68.831    -0.79    2.61
-118656.044    68.506    -0.86    3.10
-118279.757    68.939     1.15    3.35
-117903.474    69.812     2.32    3.43
-117527.195    70.654     2.24    4.43
-117150.920    71.505     2.26    4.14
-116774.650    71.587     0.22    3.57
-116398.385    70.633    -2.54    3.88
-116022.123    68.979    -4.40    3.89
-115645.866    68.043    -2.49    3.98
-115269.614    66.927    -2.97    3.88
-114893.365    67.966     2.76    5.37
-114517.122    68.533     1.51    5.80
-114140.882    67.428    -2.94    5.86
-113764.647    66.004    -3.78    5.19
-113388.416    63.368    -7.01    4.24
-113012.189    62.614    -2.00    4.66
-112635.967    61.912    -1.87    4.66
-112259.749    61.587    -0.86    4.26
-111883.536    62.290     1.87    3.92
-111507.326    62.729     1.17    3.49
-111131.122    62.229    -1.33    3.72
-110754.921    61.069    -3.08    3.76
-110378.725    60.344    -1.93    4.09
-110002.533    58.838    -4.00    3.92
-109626.345    57.425    -3.76    3.12
-109250.162    56.889    -1.42    2.65
-108873.983    56.453    -1.16    1.81
-108497.808    56.582     0.34    1.80
-108121.638    56.427    -0.41    1.69
-107745.472    56.992     1.50    2.15
-107369.310    56.894    -0.26    2.49
-106993.153    56.695    -0.53    2.86
-106617.000    56.348    -0.92    2.73
-106240.851    55.979    -0.98    2.40
-105864.707    56.263     0.75    2.58
-105488.567    56.020    -0.65    2.39
-105112.431    56.479     1.22    2.83
-104736.299    56.248    -0.61    2.52
-104360.172    56.659     1.09    2.80
-103984.049    56.896     0.63    2.68
-103607.930    57.428     1.41    2.92
-103231.816    57.868     1.17    2.88
-102855.706    58.684     2.17    2.39
-102479.600    58.321    -0.97    2.66
-102103.499    58.197    -0.33    2.29
-101727.402    57.663    -1.42    2.38
-101351.309    57.710     0.12    2.80
-100975.220    57.284    -1.13    2.73
-100599.136    56.371    -2.43    3.21
-100223.055    55.300    -2.85    2.94
 -99846.980    54.005    -3.44    2.55
 -99470.908    53.398    -1.62    3.01
 -99094.841    52.453    -2.51    3.33
 -98718.778    51.303    -3.06    3.13
 -98342.719    50.120    -3.14    2.60
 -97966.665    49.889    -0.61    2.56
 -97590.614    49.155    -1.95    2.24
 -97214.569    48.787    -0.98    2.18
 -96838.527    48.924     0.36    2.21
 -96462.489    49.864     2.50    2.67
 -96086.456    50.941     2.86    2.99
 -95710.427    51.831     2.37    2.62
 -95334.403    52.069     0.63    2.52
 -94958.382    52.915     2.25    2.39
 -94582.366    52.787    -0.34    2.24
 -94206.354    52.993     0.55    2.27
 -93830.347    52.556    -1.16    1.98
 -93454.343    51.749    -2.15    1.56
 -93078.344    51.453    -0.79    1.76
 -92702.349    50.821    -1.68    2.06
 -92326.358    49.573    -3.32    2.20
 -91950.372    49.351    -0.59    2.32
 -91574.390    49.018    -0.89    2.51
 -91198.412    47.290    -4.60    3.00
 -90822.438    46.095    -3.18    3.13
 -90446.468    45.451    -1.71    2.51
 -90070.503    46.941     3.96    4.81
 -89694.542    52.377    14.46   13.17
 -89318.585    59.263    18.32   18.00
 -88942.633    68.325    24.11   19.77
 -88566.684    69.966     4.37   17.78
 -88190.740    70.197     0.61   15.25
 -87814.800    66.560    -9.67   15.17
 -87438.864    62.941    -9.63   12.85
 -87062.933    61.885    -2.81   10.16
 -86687.005    61.428    -1.21    9.74
 -86311.082    58.864    -6.82    9.75
 -85935.163    55.854    -8.01    8.54
 -85559.249    55.684    -0.45    7.99
 -85183.338    60.663    13.25   10.15
 -84807.432    66.101    14.47    8.80
 -84431.530    68.582     6.60    5.49
 -84055.632    68.979     1.06    3.53
 -83679.738    68.607    -0.99    2.46
 -83303.849    67.351    -3.34    2.53
 -82927.963    66.584    -2.04    2.33
 -82552.082    65.787    -2.12    1.99
 -82176.205    64.992    -2.11    2.21
 -81800.333    64.300    -1.84    2.00
 -81424.464    63.776    -1.39    1.75
 -81048.600    63.402    -1.00    1.72
 -80672.739    62.614    -2.10    1.65
 -80296.883    61.864    -2.00    1.80
 -79921.032    60.710    -3.07    2.01
 -79545.184    59.979    -1.94    1.85
 -79169.340    59.274    -1.88    1.88
 -78793.501    58.479    -2.11    1.83
 -78417.666    58.155    -0.86    1.55
 -78041.835    57.069    -2.89    1.92
 -77666.008    56.062    -2.68    2.05
 -77290.186    54.864    -3.19    2.36
 -76914.367    53.607    -3.34    2.10
 -76538.553    52.663    -2.51    1.77
 -76162.743    51.690    -2.59    1.82
 -75786.937    51.018    -1.79    1.60
 -75411.135    50.556    -1.23    1.49
 -75035.337    49.749    -2.15    1.84
 -74659.543    49.095    -1.74    1.76
 -74283.754    48.641    -1.21    1.82
 -73907.969    48.018    -1.66    1.76
 -73532.188    47.454    -1.50    2.13
 -73156.411    46.323    -3.01    2.07
 -72780.638    45.582    -1.97    1.89
 -72404.869    45.317    -0.70    1.72
 -72029.105    45.137    -0.48    1.77
 -71653.344    45.069    -0.18    1.80
 -71277.588    44.722    -0.92    1.67
 -70901.836    44.104    -1.65    1.90
 -70526.088    43.505    -1.60    1.91
 -70150.344    42.900    -1.61    1.65
 -69774.604    42.374    -1.40    2.00
 -69398.869    41.864    -1.36    1.74
 -69023.137    41.479    -1.02    1.79
 -68647.410    41.035    -1.18    1.98
 -68271.687    40.454    -1.55    1.97
 -67895.968    40.174    -0.75    1.91
 -67520.253    39.915    -0.69    2.00
 -67144.542    39.582    -0.89    2.02
 -66768.835    39.567    -0.04    1.93
 -66393.132    38.690    -2.34    1.54
 -66017.075    38.452    -0.63    1.44
 -65640.558    37.611    -2.23    1.89
 -65264.046    36.941    -1.78    1.82
 -64887.538    36.398    -1.44    2.09
 -64511.034    35.357    -2.76    2.08
 -64134.534    34.351    -2.67    2.15
 -63758.038    33.769    -1.55    2.08
 -63381.546    33.889     0.32    1.98
 -63005.059    33.761    -0.34    2.21
 -62628.575    33.197    -1.50    2.34
 -62252.096    32.452    -1.98    2.06
 -61875.621    32.069    -1.02    1.96
 -61499.150    31.840    -0.61    2.24
 -61122.683    31.633    -0.55    2.25
 -60746.220    31.029    -1.60    1.99
 -60369.761    30.332    -1.85    1.96
 -59993.306    29.611    -1.92    1.82
 -59616.855    29.047    -1.50    2.18
 -59240.409    28.742    -0.81    2.37
 -58863.967    29.236     1.31    2.33
 -58487.528    29.424     0.50    2.30
 -58111.094    29.204    -0.58    2.18
 -57734.664    28.864    -0.90    2.03
 -57358.238    28.111    -2.00    2.15
 -56981.816    27.069    -2.77    2.02
 -56605.398    26.274    -2.11    1.99
 -56228.984    26.069    -0.54    2.14
 -55852.574    25.831    -0.63    2.02
 -55476.169    25.633    -0.52    2.17
 -55099.767    25.563    -0.19    2.12
 -54723.370    25.400    -0.43    2.06
 -54346.976    25.204    -0.52    1.81
 -53970.587    24.736    -1.24    1.80
 -53594.201    24.377    -0.96    1.79
 -53217.820    23.749    -1.67    2.09
 -52841.443    23.452    -0.79    1.85
 -52465.070    23.263    -0.50    1.69
 -52088.701    23.201    -0.16    1.83
 -51712.336    23.404     0.54    1.64
 -51335.975    23.529     0.33    1.74
 -50959.618    23.795     0.71    1.68
 -50583.265    23.377    -1.11    2.00
 -50206.917    23.325    -0.14    2.01
 -49830.572    22.761    -1.50    1.92
 -49454.231    22.584    -0.47    1.69
 -49077.895    22.710     0.33    1.49
 -48701.562    22.236    -1.26    1.42
 -48325.234    22.137    -0.26    1.15
 -47948.909    21.838    -0.79    1.04
 -47572.589    21.674    -0.44    1.14
 -47196.272    21.941     0.71    1.77
 -46819.960    22.101     0.43    1.89
 -46443.652    22.155     0.14    1.81
 -46067.347    22.074    -0.22    1.66
 -45691.047    21.924    -0.40    1.56
 -45314.751    21.929     0.01    1.66
 -44938.458    21.929     0.00    1.75
 -44562.170    21.479    -1.20    1.85
 -44185.886    21.043    -1.16    1.80
 -43809.606    20.321    -1.92    1.88
 -43433.330    19.607    -1.90    1.70
 -43057.058    18.915    -1.84    1.65
 -42680.790    18.351    -1.50    1.44
 -42304.526    18.101    -0.66    1.32
 -41928.265    17.716    -1.02    1.42
 -41552.009    17.966     0.67    1.64
 -41175.757    17.966    -0.00    1.63
 -40799.509    18.171     0.55    1.84
 -40423.265    18.695     1.39    1.95
 -40047.025    18.533    -0.43    1.84
 -39670.789    18.614     0.22    1.77
 -39294.557    18.174    -1.17    1.75
 -38918.329    17.479    -1.85    1.77
 -38542.105    17.229    -0.66    1.63
 -38165.885    17.344     0.31    1.55
 -37789.669    16.979    -0.97    1.54
 -37413.457    17.216     0.63    1.69
 -37037.249    17.402     0.50    1.97
 -36661.045    16.889    -1.36    1.82
 -36284.845    17.190     0.80    1.86
 -35908.648    17.290     0.27    2.05
 -35532.456    16.889    -1.06    1.89
 -35156.268    16.379    -1.36    2.18
 -34780.084    15.776    -1.60    2.20
 -34403.904    15.479    -0.79    2.56
 -34027.727    15.479     0.00    2.54
 -33651.555    15.020    -1.22    1.77
 -33275.387    15.641     1.65    1.94
 -32899.223    16.035     1.05    1.87
 -32523.062    15.704    -0.88    2.19
 -32146.906    15.204    -1.33    2.50
 -31770.753    14.128    -2.86    2.23
 -31394.605    13.579    -1.46    1.74
 -31018.460    13.084    -1.32    1.31
 -30642.320    12.769    -0.84    1.18
 -30266.183    12.505    -0.70    1.33
 -29890.051    12.111    -1.05    1.40
 -29513.922    11.532    -1.54    1.37
 -29137.797    11.146    -1.03    1.61
 -28761.676    10.729    -1.11    2.03
 -28385.559     9.993    -1.96    2.02
 -28009.447     9.629    -0.97    1.99
 -27633.338     9.095    -1.42    1.83
 -27257.233     9.368     0.73    1.72
 -26881.131     9.831     1.23    1.86
 -26505.034    10.063     0.62    1.66
 -26128.941    10.274     0.56    1.67
 -25752.852     9.629    -1.71    2.01
 -25376.766     9.317    -0.83    2.20
 -25000.685     8.779    -1.43    2.30
 -24624.608     8.966     0.50    2.72
 -24248.534     9.769     2.14    2.87
 -23872.464    10.582     2.16    2.53
 -23496.399    11.374     2.11    1.93
 -23120.337    11.742     0.98    1.66
 -22744.279    11.427    -0.84    1.58
 -22368.225    11.104    -0.86    1.61
 -21992.175    10.749    -0.94    1.92
 -21616.129    10.554    -0.52    1.80
 -21240.087    10.736     0.48    1.71
 -20864.048    10.757     0.06    1.92
 -20488.014    10.668    -0.24    2.27
 -20111.983    10.563    -0.28    2.38
 -19735.957    10.120    -1.18    3.18
 -19359.934     9.479    -1.70    3.00
 -18983.915     9.587     0.29    2.92
 -18607.900     9.954     0.98    2.65
 -18231.889    10.641     1.83    2.18
 -17855.882    10.637    -0.01    1.69
 -17479.879    10.607    -0.08    1.96
 -17103.880    11.058     1.20    1.80
 -16727.884    11.348     0.77    1.56
 -16351.893    11.269    -0.21    1.79
 -15975.905    11.354     0.23    1.67
 -15599.921    11.047    -0.82    1.72
 -15223.942    11.429     1.02    1.75
 -14847.966    11.915     1.29    1.85
 -14471.993    12.560     1.72    2.03
 -14096.025    13.101     1.44    2.22
 -13720.061    11.757    -3.57    4.61
 -13344.100    10.300    -3.88    5.03
 -12968.144     9.804    -1.32    4.51
 -12592.191    10.128     0.86    4.63
 -12216.242    10.710     1.55    3.70
 -11840.297    10.757     0.13    3.33
 -11464.356    10.223    -1.42    3.31
 -11088.419    10.069    -0.41    2.97
 -10712.485    10.584     1.37    2.80
 -10336.556    10.953     0.98    2.57
  -9960.630    10.216    -1.96    4.11
  -9584.708     7.679    -6.75    6.05
  -9208.790     5.128    -6.79    6.82
  -8832.876     2.429    -7.18    6.23
  -8456.966    -0.188    -6.96    4.04
  -8081.059    -1.305    -2.97    1.32
  -7705.156    -0.818     1.29    2.41
  -7329.258    -0.799     0.05    2.44
  -6953.363    -0.521     0.74    3.02
  -6577.472    -1.046    -1.40    2.12
  -6201.584    -1.521    -1.26    0.00
  -5825.701    -1.521     0.00    0.00
  -5449.821    -1.521     0.00    0.00
  -5073.946    -1.521     0.00    0.00
  -4698.074    -1.521     0.00    0.00
  -4322.206    -1.521     0.00    0.00
  -3946.342    -1.416     0.28    0.31
  -3570.481    -0.495     2.45    3.21
  -3194.624     1.104     4.25    5.65
  -2818.772     1.912     2.15    6.06
  -2442.923     4.204     6.10    8.32
  -2067.078     6.018     4.83    8.96
  -1691.236     6.263     0.65    8.93
  -1315.399     8.831     6.83   10.58
   -939.565     8.479    -0.93   10.40
   -563.735     5.889    -6.89    9.17
   -187.909     5.004    -2.36    7.91
    187.913     4.263    -1.97    8.29
    563.731     6.120     4.94    9.38
    939.546     9.146     8.05   10.23
   1315.357    11.454     6.14    9.94
   1691.164    14.018     6.82    8.05
   2066.967    16.058     5.43    7.04
   2442.767    20.848    12.74   12.94
   2818.562    25.069    11.23   18.84
   3194.354    25.629     1.49   18.66
   3570.142    21.912    -9.89   16.84
   3945.927    17.197   -12.55    8.49
   4321.707    14.400    -7.44    2.32
   4697.484    14.885     1.29    3.22
   5073.257    17.101     5.90    4.47
   5449.026    19.868     7.36    6.02
   5824.791    26.146    16.71   14.26
   6200.553    33.429    19.38   21.85
   6576.310    42.912    25.24   32.77
   6952.064    62.556    52.28   50.50
   7327.815    80.396    47.48   61.70
   7703.561    91.479    29.50   60.77
   8079.304    90.864    -1.64   59.26
   8455.043    81.505   -24.91   50.90
   8830.778    78.269    -8.61   43.75
   9207.062    73.223   -13.41   45.51
   9583.538    88.104    39.53   48.27
   9960.010    81.209   -18.32   50.42
  10336.478    74.377   -18.15   51.99
  10712.943    56.742   -46.84   45.88
  11089.404    29.951   -71.17   22.61
  11465.861    23.236   -17.84   11.90
  11842.314    19.396   -10.20    3.53
  12218.764    18.120    -3.39    3.11
  12595.209    17.633    -1.29    3.01
  12971.651    17.074    -1.49    2.67
  13348.090    16.454    -1.65    2.70
  13724.524    16.451    -0.01    2.58
  14100.955    16.479     0.07    2.36
  14477.382    15.710    -2.04    2.92
  14853.805    15.453    -0.68    2.95
  15230.224    14.690    -2.03    2.91
  15606.640    14.400    -0.77    3.01
  15983.052    14.354    -0.12    3.08
  16359.460    13.371    -2.61    3.28
  16735.865    12.723    -1.72    2.88
  17112.266    12.171    -1.47    2.45
  17488.663    11.614    -1.48    2.00
  17865.056    11.722     0.29    1.67
  18241.445    11.939     0.57    1.63
  18617.831    11.556    -1.02    1.36
  18994.213    11.659     0.27    1.02
  19370.592    11.590    -0.18    1.01
  19746.966    11.787     0.52    1.47
  20123.337    12.371     1.55    2.32
  20499.704    13.101     1.94    2.61
  20876.068    13.854     2.00    2.70
  21252.427    14.425     1.52    2.34
  21628.783    14.069    -0.95    2.53
  22005.135    13.348    -1.92    2.42
  22381.484    12.379    -2.57    1.86
  22757.829    12.101    -0.74    1.92
  23134.170    11.747    -0.94    1.80
  23510.507    11.582    -0.44    1.37
  23886.841    11.424    -0.42    1.37
  24263.171    11.858     1.15    1.72
  24639.497    12.236     1.01    1.98
  25015.820    12.838     1.60    2.13
  25392.139    13.274     1.16    2.05
  25768.454    13.565     0.77    1.95
  26144.765    13.761     0.52    1.90
  26521.073    14.032     0.72    1.75
  26897.377    14.479     1.19    1.68
  27273.677    14.915     1.16    2.02
  27649.974    15.427     1.36    2.73
  28026.267    15.966     1.43    3.54
  28402.556    17.374     3.74    3.94
  28778.842    19.204     4.86    4.69
  29155.124    20.101     2.38    3.95
  29531.402    20.235     0.36    3.85
  29907.677    19.864    -0.99    3.78
  30283.947    19.340    -1.39    3.47
  30660.215    19.236    -0.28    3.27
  31036.478    21.668     6.46    6.33
  31412.738    23.637     5.23    6.90
  31788.994    26.607     7.89    9.53
  32165.247    26.843     0.63   10.30
  32541.496    24.223    -6.96   10.13
  32917.741    22.058    -5.75    5.75
  33293.982    21.912    -0.39    5.84
  33670.220    24.556     7.03    6.17
  34046.454    26.966     6.40    4.99
  34422.685    26.710    -0.68    5.00
  34798.912    25.171    -4.09    5.69
  35175.135    24.529    -1.71    5.09
  35551.354    24.128    -1.07    4.69
  35927.570    24.838     1.89    3.85
  36303.783    25.454     1.64    3.05
  36679.991    25.701     0.66    3.25
  37056.196    25.533    -0.45    3.19
  37432.397    26.020     1.29    3.01
  37808.595    25.742    -0.74    3.26
  38184.789    25.197    -1.45    3.81
  38560.979    25.260     0.17    4.46
  38937.166    24.795    -1.24    3.90
  39313.349    24.453    -0.91    3.50
  39689.529    24.074    -1.01    2.98
  40065.705    23.889    -0.49    1.98
  40441.877    24.020     0.35    1.91
  40818.045    24.300     0.74    1.60
  41194.210    24.761     1.23    1.76
  41570.372    25.171     1.09    1.92
  41946.529    25.190     0.05    1.99
  42322.683    25.556     0.97    2.07
  42698.834    25.992     1.16    2.39
  43074.981    26.479     1.30    2.37
  43451.124    27.749     3.38    2.58
  43827.264    28.269     1.38    2.82
  44203.400    29.425     3.07    2.95
  44579.532    32.351     7.78    6.98
  44955.661    41.979    25.60   28.32
  45331.786    52.659    28.39   38.08
  45707.908    59.633    18.54   42.51
  46084.026    68.090    22.49   49.56
  46460.140    60.889   -19.15   48.69
  46836.251    49.128   -31.27   40.48
  47212.358    36.530   -33.49   13.22
  47588.461    35.069    -3.89    6.51
  47964.561    35.242     0.46    6.75
  48340.658    34.058    -3.15    5.89
  48716.750    33.171    -2.36    4.74
  49092.840    32.197    -2.59    5.19
  49468.925    31.563    -1.69    4.82
  49845.007    31.371    -0.51    4.86
  50221.086    29.637    -4.61    4.92
  50597.161    28.344    -3.44    4.96
  50973.232    27.582    -2.03    4.24
  51349.300    27.229    -0.94    3.84
  51725.364    27.633     1.07    3.54
  52101.424    28.248     1.64    3.84
  52477.481    27.368    -2.34    3.81
  52853.535    26.787    -1.55    4.47
  53229.584    26.614    -0.46    3.98
  53605.631    27.069     1.21    3.61
  53981.673    27.146     0.20    3.77
  54357.713    28.479     3.55    3.64
  54733.748    28.742     0.70    3.94
  55109.780    29.479     1.96    4.21
  55485.809    29.300    -0.48    4.45
  55861.833    28.757    -1.44    4.68
  56237.855    29.101     0.91    4.82
  56613.873    29.584     1.29    3.23
  56989.887    30.020     1.16    3.12
  57365.897    30.095     0.20    3.17
  57741.905    29.964    -0.35    3.51
  58117.908    29.069    -2.38    3.80
  58493.908    28.864    -0.55    3.52
  58869.905    29.118     0.68    3.42
  59245.898    29.351     0.62    3.09
  59621.887    29.912     1.49    2.56
  59997.873    30.454     1.44    2.58
  60373.855    30.813     0.95    2.58
  60749.834    30.769    -0.12    2.29
  61125.809    31.295     1.40    2.05
  61501.781    32.377     2.88    2.43
  61877.749    33.402     2.73    2.51
  62253.714    34.424     2.72    2.29
  62629.675    35.182     2.02    2.22
  63005.633    36.163     2.61    2.37
  63381.587    37.263     2.92    2.74
  63757.538    38.874     4.28    3.52
  64133.485    40.714     4.90    4.40
  64509.428    43.223     6.67    7.71
  64885.368    47.864    12.34   19.44
  65261.305    51.118     8.66   20.85
  65637.238    49.915    -3.20   20.69
  66013.167    45.641   -11.37   17.01
  66389.094    43.864    -4.73   13.70
  66765.016    40.607    -8.66    3.75
  67140.935    40.761     0.41    2.93
  67516.851    40.769     0.02    2.82
  67892.763    40.171    -1.59    3.15
  68268.671    39.754    -1.11    3.30
  68644.576    39.396    -0.95    3.62
  69020.478    37.885    -4.02    3.31
  69396.376    37.295    -1.57    3.86
  69772.270    39.398     5.59    8.21
  70148.161    40.155     2.01    7.99
  70524.049    41.273     2.98    8.03
  70899.933    41.402     0.34    3.70
  71275.813    43.069     4.43    4.71
  71651.691    44.229     3.09    3.85
  72027.564    44.530     0.80    3.27
  72403.434    44.560     0.08    3.29
  72779.301    45.018     1.22    3.58
  73155.164    44.742    -0.73    4.29
  73531.024    43.889    -2.27    5.34
  73906.880    42.769    -2.98    5.09
  74282.733    41.274    -3.98    3.99
  74658.582    47.079    15.45   16.39
  75034.428    56.812    25.90   32.40
  75410.271    79.587    60.60   54.56
  75786.109   114.452    92.76   63.00
  76161.945   127.398    34.45   64.06
  76537.777   144.885    46.53   67.62
  76913.605   165.185    54.01   72.13
  77289.431   175.079    26.33   84.20
  77665.252   191.248    43.02   89.81
  78041.070   196.646    14.36   97.65
  78416.885   195.530    -2.97  108.18
  78792.696   195.939     1.09  116.82
  79168.504   194.248    -4.50  126.89
  79544.309   192.874    -3.66  133.80
  79920.110   188.120   -12.65  133.41
  80295.907   167.587   -54.64  125.07
  80671.701   157.018   -28.13  130.03
  81047.492   142.429   -38.82  125.68
  81423.279   102.396  -106.53   88.11
  81799.063    86.452   -42.43   72.02
  82174.843    76.047   -27.69   60.89
  82550.620    58.668   -46.25   27.12
  82926.394    55.398    -8.70   18.71
  83302.164    53.936    -3.89   13.34
  83677.930    50.754    -8.47    4.65
  84053.722    51.058     0.81    5.02
  84430.173    51.201     0.38    5.60
  84806.621    53.633     6.46   12.25
  85183.065    58.263    12.30   21.26
  85559.506    56.633    -4.33   18.08
  85935.943    58.216     4.21   20.54
  86312.377    64.684    17.18   23.02
  86688.808    72.695    21.28   27.46
  87065.235    81.710    23.95   30.30
  87441.659    87.879    16.39   31.47
  87818.079    85.285    -6.89   32.78
  88194.496    86.966     4.47   33.30
  88570.909    85.452    -4.02   33.34
  88947.319    79.939   -14.65   27.02
  89323.726    77.074    -7.61   21.34
  89700.129    77.936     2.29   22.72
  90076.529    80.904     7.88   25.32
  90452.925    83.351     6.50   25.38
  90829.318    84.155     2.14   25.17
  91205.708    86.248     5.56   25.46
  91582.094    88.155     5.07   24.70
  91958.477    89.633     3.93   27.08
  92334.857    89.111    -1.39   27.62
  92711.233    85.633    -9.24   26.79
  93087.605    78.885   -17.93   19.56
  93463.974    79.274     1.03   15.73
  93840.340    85.601    16.81   16.99
  94216.703    98.535    34.36   24.13
  94593.062   110.248    31.12   26.35
  94969.417   126.848    44.10   24.19
  95345.770   131.398    12.09   22.60
  95722.119   123.209   -21.76   34.93
  96098.464   101.908   -56.60   39.87
  96474.806    84.710   -45.70   31.03
  96851.145    72.704   -31.90   19.53
  97227.481    65.371   -19.49   14.26
  97603.813    68.197     7.51   24.98
  97980.141    72.757    12.12   32.97
  98356.467    79.321    17.44   37.80
  98732.789    76.556    -7.35   37.45
  99109.107    70.032   -17.34   34.50
  99485.422    58.032   -31.89   19.90
  99861.734    50.018   -21.30    3.80
 100238.043    49.254    -2.03    2.89
 100614.348    49.290     0.10    3.02
 100990.650    49.804     1.37    3.25
 101366.948    49.663    -0.37    4.46
 101743.243    50.263     1.59    5.63
 102119.535    52.101     4.88    7.11
 102495.823    54.396     6.10    8.09
 102872.108    56.864     6.56    8.31
 103248.390    63.179    16.78   14.22
 103624.668    67.290    10.92   14.23
 104000.943    67.248    -0.11   13.41
 104377.215    64.035    -8.54    8.58
 104753.483    62.953    -2.88    8.43
 105129.748    61.069    -5.01    3.26
 105506.010    61.216     0.39    3.29
 105882.268    60.505    -1.89    3.94
 106258.523    58.400    -5.60    5.41
 106634.775    56.279    -5.64    4.92
 107011.023    54.290    -5.29    4.38
 107387.268    53.679    -1.62    4.93
 107763.510    51.736    -5.17    4.55
 108139.748    51.062    -1.79    4.87
 108515.983    50.344    -1.91    3.93
 108892.215    50.562     0.58    3.96
 109268.443    51.838     3.39    3.62
 109644.668    53.029     3.17    4.33
 110020.890    54.340     3.48    4.49
 110397.109    56.254     5.09    5.56
 110773.324    57.749     3.97    5.53
 111149.536    59.317     4.17    5.37
 111525.744    61.821     6.66    7.82
 111901.949    68.005    16.44   21.40
 112278.151    81.742    36.51   36.79
 112654.350    86.400    12.38   36.86
 113030.545    87.779     3.67   35.06
 113406.737    85.155    -6.98   31.73
 113782.926    77.154   -21.27    8.33
 114159.112    85.787    22.95   34.06
 114535.294   112.368    70.66   74.30
 114911.473   141.263    76.81  102.06
 115287.648   152.939    31.04  105.70
 115663.820   167.427    38.51  105.45
 116039.989   168.479     2.80   85.24
 116416.155   173.966    14.58   67.44
 116792.318   242.354   181.80  109.78
 117168.477   322.111   212.02  148.99
 117544.633   426.885   278.53  179.69
 117920.785   534.032   284.84  157.21
 118296.935   590.915   151.22  101.14
 118673.081   628.607   100.20   46.66
 119049.223   622.427   -16.43   39.89
 119425.363   617.429   -13.29   33.60
 119801.499   630.979    36.02   28.66
 120177.632   641.629    28.31   35.50
 120553.762   660.659    50.59   35.40
 120929.888   671.022    27.55   30.55
 121306.012   672.560     4.09   26.72
 121682.132   672.885     0.86   30.29
 122058.248   658.263   -38.87   37.21
 122434.362   635.556   -60.37   51.58
 122810.472   609.209   -70.05   57.08
 123186.579   569.029  -106.83   52.42
 123562.682   558.479   -28.05   49.58
 123938.783   550.263   -21.85   50.39
 124314.880   554.120    10.26   52.10
 124690.974   570.402    43.29   60.63
 125067.065   571.874     3.91   61.07
 125443.152   573.858     5.27   56.99
 125819.236   575.710     4.93   49.61
 126195.317   579.587    10.31   46.80
 126571.395   592.054    33.15   46.44
 126947.470   614.704    60.23   39.40
 127323.541   633.165    49.09   26.93
 127699.609   637.939    12.69   22.50
 128075.674   639.155     3.23   24.59
 128451.735   637.641    -4.02   24.25
 128827.794   634.348    -8.76   22.08
 129203.849   632.562    -4.75   18.56
 129579.901   620.229   -32.80   27.65
 129955.950   606.325   -36.97   30.38
 130331.995   583.263   -61.33   40.25
 130708.037   571.248   -31.95   38.31
 131084.077   571.171    -0.20   41.50
 131460.112   568.111    -8.14   43.94
 131836.145   574.885    18.01   41.89
 132212.175   552.889   -58.49   57.93
 132588.201   521.912   -82.38   52.89
 132964.224   501.915   -53.18   47.37
 133340.244   494.679   -19.24   49.32
 133716.260   489.365   -14.13   52.12
 134092.274   483.560   -15.44   42.55
 134468.284   492.560    23.93   37.02
 134844.291   498.803    16.60   32.85
 135220.295   503.400    12.22   35.05
 135596.295   518.757    40.84   39.49
 135972.293   535.333    44.08   38.34
 136348.287   546.377    29.37   28.11
 136724.278   534.155   -32.50   34.90
 137100.266   497.633   -97.13   50.25
 137476.251   486.190   -30.43   54.88
 137852.232   492.874    17.78   60.00
 138228.211   473.646   -51.14   70.68
 138604.186   468.377   -14.01   74.18
 138980.158   430.398  -101.01   68.73
 139356.127   403.915   -70.44   57.44
 139732.092   386.004   -47.64   57.16
 140108.055   354.108   -84.84   31.71
 140484.014   340.993   -34.88   31.89
 140859.970   330.074   -29.04   30.44
 141235.923   323.821   -16.63   34.64
 141611.873   324.769     2.52   39.09
 141987.820   325.368     1.59   38.49
 142363.763   326.650     3.41   36.76
 142739.704   331.966    14.14   36.72
 143115.641   340.344    22.28   49.63
 143491.575   370.043    79.00   67.66
 143867.506   388.427    48.90   61.21
 144243.433   377.197   -29.87   50.36
 144619.358   374.174    -8.04   37.57
 144995.279   363.915   -27.29   34.77
 145371.198   358.812   -13.57   47.33
 145747.113   362.710    10.37   84.74
 146123.025   372.556    26.19  104.67
 146498.933   344.851   -73.70  105.56
 146874.839   322.885   -58.43   93.75
 147250.742   302.209   -55.00   67.72
 147626.641   278.032   -64.32   44.49
 148002.537   265.348   -33.74   39.50
 148378.431   259.924   -14.43   33.68
 148754.321   254.065   -15.59   25.51
 149130.208   263.992    26.41   36.54
 149506.091   280.128    42.93   48.89
 149881.972   285.190    13.47   46.93
 150257.849   286.084     2.38   43.61
 150633.724   300.556    38.50   46.11
 151009.595   299.562    -2.64   42.00
 151385.463   311.300    31.23   43.25
 151761.328   336.257    66.40   59.90
 152137.190   369.428    88.25   91.58
 152513.049   424.120   145.51   94.82
 152888.905   489.116   172.92   64.08
 153264.757   521.803    86.97   53.14
 153640.607   547.966    69.61   58.96
 154016.453   589.453   110.38   84.05
 154392.297   623.716    91.16   80.81
 154768.137   638.182    38.49   69.21
 155143.974   652.629    38.44   52.77
 155519.808   643.018   -25.57   42.95
 155895.639   610.505   -86.51   66.22
 156271.467   536.533  -196.82  127.92
 156647.291   421.690  -305.57  154.23
 157023.113   343.633  -207.69  117.46
 157398.931   312.312   -83.34   92.84
 157774.747   371.710   158.04  122.09
 158150.559   458.174   230.06  109.78
 158526.368   515.351   152.14   69.01
 158902.175   545.223    79.48   51.91
 159278.193   560.635    40.99   39.76
 159654.604   555.506   -13.63   43.43
 160031.013   551.587   -10.41   39.32
 160407.418   535.560   -42.58   54.91
 160783.820   510.556   -66.43   82.47
 161160.219   493.560   -45.15   86.96
 161536.615   487.736   -15.47   87.83
 161913.008   475.864   -31.54   80.94
 162289.398   473.216    -7.03   72.60
 162665.785   445.479   -73.69   72.39
 163042.168   423.428   -58.59   57.42
 163418.549   423.146    -0.75   61.57
 163794.927   419.263   -10.32   68.76
 164171.301   431.377    32.18   60.78
 164547.673   426.587   -12.72   46.56
 164924.041   424.966    -4.31   31.58
 165300.406   416.736   -21.87   34.94
 165676.769   397.604   -50.83   39.70
 166053.128   379.069   -49.25   36.14
 166429.484   356.532   -59.88   37.36
 166805.837   347.209   -24.77   37.43
 167182.187   330.197   -45.20   37.26
 167558.534   315.535   -38.96   39.27
 167934.878   305.479   -26.72   32.13
 168311.219   300.095   -14.31   34.62
 168687.557   290.452   -25.62   32.40
 169063.891   295.377    13.08   40.13
 169440.223   300.377    13.29   42.08
 169816.552   310.171    26.03   41.99
 170192.877   312.371     5.84   36.75
 170569.200   313.479     2.94   31.52
 170945.520   305.885   -20.18   35.82
 171321.836   300.558   -14.15   44.73
 171698.150   293.242   -19.44   41.19
 172074.460   293.479     0.63   40.46
 172450.768   301.684    21.80   39.84
 172827.072   308.216    17.36   39.64
 173203.373   303.371   -12.87   39.26
 173579.672   291.058   -32.72   38.18
 173955.967   273.062   -47.82   44.87
 174332.259   263.769   -24.70   51.47
 174708.549   246.505   -45.88   49.09
 175084.835   230.344   -42.95   44.63
 175461.118   205.505   -66.01   52.02
 175837.398   199.838   -15.06   50.97
 176213.676   189.223   -28.21   50.96
 176589.950   187.993    -3.27   52.51
 176966.221   189.530     4.09   57.91
 177342.489   177.803   -31.17   58.54
 177718.755   164.425   -35.55   58.28
 178095.017   137.668   -71.11   46.48
 178471.276   129.752   -21.04   41.21
 178847.532   157.274    73.14   66.61
 179223.785   218.454   162.60   81.90
 179600.036   277.840   157.83   91.65
 179976.283   352.769   199.14   90.79
 180352.527   410.229   152.72   91.17
 180728.768   448.505   101.73   90.26
 181105.006   478.171    78.85   84.36
 181481.242   501.047    60.80   76.15
 181857.474   519.248    48.38   70.87
 182233.703   541.637    59.51   56.09
 182609.930   555.274    36.25   40.41
 182986.153   568.722    35.74   30.26
 183362.373   576.454    20.55   35.72
 183738.591   587.101    28.30   36.82
 184114.805   599.479    32.90   40.44
 184491.016   610.587    29.53   31.38
 184867.225   617.951    19.57   20.81
 185243.430   619.941     5.29   22.37
 185619.633   608.992   -29.10   23.59
 185995.832   598.535   -27.80   17.29
 186372.029   591.848   -17.77   27.46
 186748.223   580.090   -31.25   36.78
 187124.413   555.005   -66.68   51.31
 187500.601   523.154   -84.67   47.72
 187876.786   499.668   -62.43   25.54
 188252.967   491.479   -21.77   15.68
 188629.146   495.821    11.54   23.80
 189005.322   498.120     6.11   24.62
 189381.495   498.668     1.46   22.81
 189757.665   496.704    -5.22   16.08
 190133.832   513.351    44.25   44.45
 190509.996   535.209    58.11   67.04
 190886.157   580.290   119.84   81.01
 191262.316   639.174   156.53   88.87
 191638.471   682.889   116.21  101.50
 192014.623   723.838   108.86   82.82
 192390.772   729.812    15.88   85.53
 192766.919   671.111  -156.05  130.52
 193143.062   562.155  -289.65  137.88
 193519.203   461.722  -267.00  117.03
 193895.341   399.004  -166.74   76.25
 194271.475   373.993   -66.49   48.81
 194647.607   384.979    29.21   58.86
 195023.736   413.505    75.84   64.64
 195399.862   465.279   137.64   87.33
 195775.985   541.020   201.36  116.68
 196152.105   626.796   228.05  125.22
 196528.222   718.736   244.43  103.69
 196904.337   783.229   171.47   53.50
 197280.448   811.506    75.18   31.25
 197656.557   819.533    21.34   20.26
 198032.662   816.274    -8.67   16.26
 198408.765   818.325     5.45   14.05
 198784.864   812.340   -15.91   22.70
 199160.961   812.197    -0.38   26.22
 199537.055   813.716     4.04   27.92
 199913.146   818.701    13.26   36.52
 200289.234   832.582    36.91   32.41
 200665.320   829.769    -7.48   42.14
 201041.402   823.043   -17.88   49.89
 201417.481   814.242   -23.40   50.54
 201793.558   798.354   -42.25   43.77
 202169.632   774.803   -62.62   53.20
 202545.702   735.554  -104.36   77.15
 202921.770   681.787  -142.97   84.67
 203297.835   630.229  -137.09   49.82
 203673.897   617.128   -34.84   34.54
 204049.957   632.587    41.11   43.85
 204426.013   658.344    68.49   46.95
 204802.066   697.377   103.79   69.60
 205178.117   742.257   119.34   89.55
 205554.165   828.274   228.73  138.01
 205930.210   890.295   164.92  127.11
 206306.251   910.646    54.12  105.35
 206682.291   934.992    64.74   90.72
 207058.327   936.607     4.30   74.25
 207434.360   958.146    57.28   58.71
 207810.391   978.611    54.42   39.18
 208186.418  1000.197    57.40   41.97
 208562.443  1048.560   128.61   99.61
 208938.465  1103.146   145.16  127.67
 209314.484  1170.941   180.29  133.42
 209690.500  1223.979   141.05  108.28
 210066.514  1251.263    72.56   78.81
 210442.524  1235.425   -42.12   99.91
 210818.532  1184.560  -135.27  123.34
 211194.537  1123.556  -162.24  122.64
 211570.539  1078.062  -120.99  109.33
 211946.538  1011.915  -175.92   60.67
 212322.534   984.190   -73.74   45.15
 212698.527   960.858   -62.05   30.40
 213074.518   939.351   -57.20   34.45
 213450.506   915.032   -64.68   37.52
 213826.491   870.848  -117.51   58.85
 214202.473   824.614  -122.96   61.66
 214578.452   785.787  -103.27   48.73
 214954.428   769.479   -43.37   36.78
 215330.402   787.787    48.69   58.36
 215706.373   840.354   139.81   76.13
 216082.341   882.924   113.22   61.32
 216458.306   903.506    54.74   50.78
 216834.268   888.128   -40.90   68.04
 217210.228   841.776  -123.28   69.58
 217586.184   785.269  -150.30   74.44
 217962.138   748.674   -97.33   72.23
 218338.089   690.779  -153.99   75.99
 218714.037   637.095  -142.79   92.71
 219089.983   562.749  -197.75  104.80
 219465.925   497.223  -174.29  100.28
 219841.865   448.769  -128.88   77.06
 220217.802   409.611  -104.16   54.66
 220593.736   397.263   -32.84   49.93
 220969.667   380.505   -44.58   33.88
 221345.596   382.722     5.90   34.33
 221721.522   394.479    31.27   42.80
 222097.445   414.904    54.33   49.84
 222473.365   424.793    26.31   47.17
 222849.282   407.939   -44.83   46.54
 223225.197   389.452   -49.18   38.81
 223601.109   374.236   -40.48   24.05
 223977.018   398.182    63.70   50.40
 224352.924   421.035    60.79   55.22
 224728.827   445.821    65.93   59.09
 225104.728   466.864    55.98   56.27
 225480.626   476.885    26.66   56.78
 225856.521   458.710   -48.35   65.15
 226232.413   439.795   -50.32   61.21
 226608.303   412.787   -71.85   51.33
 226984.189   382.560   -80.41   38.49
 227360.073   363.120   -51.72   35.47
 227735.954   357.090   -16.04   33.02
 228111.833   366.018    23.75   41.41
 228487.709   391.812    68.62   59.46
 228863.581   427.964    96.18   54.32
 229239.452   456.479    75.86   54.14
 229615.319   469.101    33.58   51.85
 229991.184   465.584    -9.35   51.46
 230367.045   463.690    -5.04   49.01
 230742.904   459.128   -12.14   46.45
 231118.761   447.754   -30.26   45.39
 231494.614   440.530   -19.22   35.86
 231870.465   431.348   -24.43   25.48
 232246.313   437.668    16.82   26.96
 232622.159   434.269    -9.05   22.10
 232998.001   442.505    21.91   32.53
 233373.841   461.701    51.07   56.64
 233749.678   473.761    32.09   64.41
 234125.512   476.396     7.01   60.42
 234501.710   449.300   -72.02   63.82
 234878.091   412.530   -97.69   49.30
 235254.468   389.573   -60.99   36.95
 235630.843   383.795   -15.35   38.01
 236007.215   376.587   -19.15   48.74
 236383.584   362.371   -37.77   57.83
 236759.950   347.992   -38.20   62.95
 237136.314   343.452   -12.06   58.51
 237512.675   363.428    53.07   62.42
 237889.033   383.146    52.39   52.59
 238265.389   389.479    16.83   55.14
 238641.742   370.848   -49.50   62.39
 239018.092   348.351   -59.77   63.65
 239394.439   318.684   -78.82   53.26
 239770.784   305.317   -35.52   49.63
 240147.126   323.171    47.44   53.06
 240523.465   362.290   103.94   69.20
 240899.801   399.915    99.97   62.11
 241276.135   424.453    65.20   34.30
 241652.466   416.542   -21.02   36.81
 242028.794   395.736   -55.28   33.49
 242405.120   383.795   -31.73   25.66
 242781.443   376.344   -19.80   19.80
 243157.763   376.171    -0.46   15.70
 243534.081   373.840    -6.19   16.72
 243910.395   376.684     7.56   18.90
 244286.707   375.223    -3.88   20.45
 244663.017   375.668     1.18   20.09
 245039.323   393.633    47.74   38.64
 245415.627   425.710    85.24   68.87
 245791.929   431.710    15.94   72.76
 246168.227   429.722    -5.28   77.59
 246544.523   399.351   -80.71   79.54
 246920.816   349.317  -132.96   39.69
 247297.107   338.848   -27.82   34.53
 247673.395   338.182    -1.77   32.53
 248049.680   349.167    29.19   34.41
 248425.962   360.530    30.20   31.34
 248802.242   364.769    11.26   30.83
 249178.519   371.951    19.09   34.56
 249554.794   386.821    39.52   38.58
 249931.065   415.785    76.97   54.51
 250307.334   457.505   110.87   84.94
 250683.601   534.351   204.22  112.60
 251059.865   642.263   286.79  143.48
 251436.126   817.242   465.03  223.78
 251812.384   959.018   376.79  191.38
 252188.640  1062.248   274.35  133.63
 252564.893  1119.452   152.03   69.55
 252941.143  1114.104   -14.21   57.84
 253317.391  1111.831    -6.04   43.88
 253693.636  1099.263   -33.40   35.50
 254069.878  1107.587    22.12   42.48
 254446.118  1139.622    85.14   54.42
 254822.355  1180.069   107.50   53.27
 255198.590  1208.582    75.78   36.12
 255574.821  1219.090    27.93   27.06
 255951.051  1208.479   -28.20   32.41
 256327.277  1197.340   -29.61   32.62
 256703.501  1186.242   -29.50   31.55
 257079.722  1179.582   -17.70   29.21
 257455.941  1180.290     1.88   32.99
 257832.157  1165.742   -38.67   45.21
 258208.370  1129.927   -95.20   61.23
 258584.581  1091.804  -101.33   55.83
 258960.789  1061.831   -79.67   42.28
 259336.994  1048.504   -35.42   40.69
 259713.197  1042.402   -16.22   48.87
 260089.397  1032.560   -26.16   59.52
 260465.594   994.858  -100.22   84.68
 260841.789   926.020  -182.98  118.63
 261217.981   874.966  -135.70   99.86
 261594.171   855.223   -52.48   80.50
 261970.358   866.622    30.30   85.65
 262346.542   903.428    97.84   76.00
 262722.724   959.641   149.42   78.41
 263098.903  1000.674   109.07   79.39
 263475.080  1033.146    86.32   65.11
 263851.254  1043.425    27.32   49.42
 264227.425  1024.095   -51.39   59.31
 264603.594   995.111   -77.05   64.12
 264979.760   976.404   -49.73   62.69
 265355.923   994.966    49.34   97.39
 265732.084  1042.029   125.11  118.14
 266108.242  1079.454    99.49  100.01
 266484.398  1071.451   -21.27  103.34
 266860.551  1024.236  -125.52   94.32
 267236.702   981.425  -113.81   65.38
 267612.850   985.479    10.78   45.31
 267988.995   999.223    36.54   45.38
 268365.138  1022.007    60.57   50.49
 268741.278  1048.171    69.56   56.66
 269117.415  1062.058    36.92   62.65
 269493.550  1086.285    64.41   51.95
 269869.683  1071.454   -39.43   72.19
 270245.812  1052.300   -50.92   92.32
 270621.939   992.659  -158.56  113.49
 270998.064   927.163  -174.12  117.76
 271374.186   887.120  -106.46  127.90
 271750.306   847.290  -105.89  125.42
 272126.422   809.004  -101.79  120.38
 272502.537   756.754  -138.91   91.35
 272878.649   717.562  -104.20   62.28
 273254.758   710.560   -18.62   46.87
 273630.864   718.587    21.34   49.30
 274006.968   731.425    34.13   55.60
 274383.070   746.111    39.05   49.54
 274759.169   738.424   -20.44   47.70
 275135.265   732.992   -14.44   39.72
 275511.359   704.742   -75.11   44.48
 275887.450   679.776   -66.38   39.71
 276263.539   659.710   -53.35   44.64
 276639.625   641.716   -47.84   44.99
 277015.708   627.032   -39.04   38.57
 277391.790   622.118   -13.06   33.63
 277767.868   628.838    17.87   31.67
 278143.944   641.506    33.68   24.75
 278520.017   647.248    15.27   24.54
 278896.088   654.354    18.89   28.51
 279272.156   660.708    16.89   29.98
 279648.222   669.452    23.25   31.64
 280024.285   672.290     7.55   31.98
 280400.346   657.020   -40.60   36.22
 280776.404   636.506   -54.55   28.69
 281152.460   631.257   -13.96   25.32
 281528.513   645.454    37.75   40.33
 281904.564   664.607    50.93   49.03
 282280.612   696.452    84.68   47.24
 282656.657   731.633    93.55   45.45
 283032.700   767.321    94.90   57.82
 283408.741   824.223   151.31   87.44
 283784.779   893.371   183.88  101.99
 284160.814   978.146   225.43  101.00
 284536.847  1060.035   217.76   89.59
 284912.877  1138.428   208.46   96.71
 285288.905  1217.274   209.67  101.90
 285664.931  1287.046   185.54   80.69
