-294671.953   715.186     0.00    4.56
-294295.756   715.911     1.93    5.90
-293919.556   717.135     3.25    7.04
-293543.353   720.596     9.20    8.84
-293167.147   723.047     6.51   10.90
-292790.939   720.880    -5.76   11.01
-292414.727   715.907   -13.22   10.98
-292038.512   712.042   -10.27    9.33
-291662.294   709.116    -7.78    5.28
-291286.073   707.938    -3.13    4.13
-290909.849   709.128     3.16    5.43
-290533.621   711.142     5.35    6.77
-290157.391   713.285     5.70    9.53
-289781.158   718.417    13.64   19.23
-289404.922   718.853     1.16   21.19
-289028.683   722.724    10.29   28.35
-288652.440   732.931    27.13   38.98
-288276.195   752.955    53.22   57.11
-287899.947   778.609    68.18   59.85
-287523.695   798.931    54.01   57.53
-287147.441   806.428    19.92   57.21
-286771.183   805.825    -1.60   50.94
-286394.922   798.690   -18.96   44.22
-286018.659   790.015   -23.06   41.30
-285642.392   786.042   -10.56   43.34
-285266.122   780.582   -14.51   48.38
-284889.849   780.567    -0.04   50.17
-284513.573   786.628    16.11   46.33
-284137.294   787.431     2.14   43.45
-283761.012   789.312     5.00   42.15
-283384.727   787.263    -5.45   41.28
-283008.439   782.484   -12.70   41.51
-282632.148   780.853    -4.34   37.86
-282255.853   772.800   -21.40   33.59
-281879.556   766.596   -16.49   31.77
-281503.255   757.798   -23.38   27.86
-281126.952   747.379   -27.69   26.13
-280750.645   735.753   -30.89   24.24
-280374.335   718.281   -46.43   19.52
-279998.022   711.717   -17.44   14.38
-279621.706   710.798    -2.44   12.31
-279245.387   716.907    16.23   22.13
-278869.065   722.880    15.87   22.38
-278492.740   727.325    11.81   22.30
-278116.412   751.803    65.04   43.61
-277740.080   783.827    85.09   55.41
-277363.746   825.069   109.58   59.06
-276987.408   878.519   142.02   51.97
-276611.067   911.353    87.24   45.71
-276234.723   937.168    68.59   33.06
-275858.377   961.010    63.35   25.03
-275482.026   979.314    48.63   24.57
-275105.673   979.771     1.22   33.84
-274729.317   960.695   -50.69   62.31
-274352.958   912.801  -127.25   91.70
-273976.595   861.519  -136.25   94.86
-273600.230   812.724  -129.64   81.91
-273223.861   776.285   -96.81   49.04
-272847.489   756.853   -51.63   18.06
-272471.114   749.474   -19.60    8.47
-272094.736   746.880    -6.89    7.06
-271718.355   747.699     2.17    9.53
-271341.970   749.153     3.86   12.33
-270965.583   748.800    -0.94   12.57
-270589.192   745.953    -7.56   11.25
-270212.799   742.642    -8.79    7.85
-269836.402   741.417    -3.26    5.52
-269460.002   740.519    -2.38    4.03
-269083.599   739.929    -1.57    3.56
-268707.192   738.658    -3.38    3.84
-268330.783   736.826    -4.87    5.38
-267954.529   734.653    -5.78    6.31
-267578.744   734.150    -1.34    5.83
-267202.955   737.186     8.08    7.72
-266827.164   742.774    14.87   10.06
-266451.369   749.555    18.05    9.43
-266075.572   754.447    13.02   12.81
-265699.771   747.019   -19.76   22.66
-265323.967   728.519   -49.22   30.06
-264948.160   707.253   -56.59   25.20
-264572.349   693.150   -37.52   10.96
-264196.536   685.828   -19.48    7.31
-263820.719   681.826   -10.65    4.83
-263444.900   682.314     1.30    5.74
-263069.077   686.494    11.12   14.29
-262693.251   694.827    22.17   25.73
-262317.421   711.214    43.60   45.65
-261941.589   738.195    71.79   66.80
-261565.754   744.314    16.28   59.61
-261189.915   738.325   -15.93   47.18
-260814.073   728.032   -27.38   38.77
-260438.228   711.878   -42.98   26.74
-260062.380   703.988   -20.99   22.14
-259686.528   695.393   -22.87   17.09
-259310.674   691.797    -9.57   13.48
-258934.816   693.083     3.42   13.54
-258558.955   691.478    -4.27   12.73
-258183.091   689.744    -4.61   11.93
-257807.224   681.628   -21.59    8.76
-257431.353   680.063    -4.16    6.75
-257055.480   681.442     3.67    6.93
-256679.603   683.800     6.27    6.48
-256303.723   685.827     5.39    5.50
-255927.840   685.214    -1.63    5.64
-255551.953   685.326     0.30    5.03
-255176.064   684.955    -0.99    5.84
-254800.171   686.653     4.52    7.05
-254424.275   688.545     5.03    7.20
-254048.376   690.263     4.57    7.21
-253672.473   693.420     8.40    6.59
-253296.568   698.528    13.59    8.45
-252920.659   706.380    20.89   12.71
-252544.747   722.109    41.84   21.58
-252168.832   756.267    90.86   56.31
-251792.914   796.231   106.30   65.64
-251416.992   837.853   110.71   58.51
-251041.067   863.195    67.41   42.58
-250665.139   839.981   -61.75   61.14
-250289.208   796.501  -115.65   71.10
-249913.274   757.878  -102.73   59.45
-249537.336   721.312   -97.26   27.54
-249161.395   705.042   -43.28   14.07
-248785.451   701.186   -10.26    8.40
-248409.504   701.653     1.24    7.11
-248033.553   702.032     1.01    6.44
-247657.599   701.391    -1.70    6.73
-247281.642   697.744    -9.70    7.08
-246905.682   694.069    -9.78    4.52
-246529.718   692.658    -3.75    2.15
-246153.752   692.365    -0.78    3.35
-245777.782   692.657     0.78    8.86
-245401.809   693.961     3.47    9.36
-245025.832   695.519     4.15    6.82
-244649.852   682.063   -35.79   48.46
-244273.870   657.774   -64.60   79.02
-243897.883   626.042   -84.39  104.42
-243521.894   599.753   -69.92  115.76
-243145.901   569.853   -79.52  116.40
-242769.905   534.366   -94.37  112.28
-242393.906   510.458   -63.58   95.67
-242017.904   478.325   -85.45   65.73
-241641.898   472.058   -16.67   73.06
-241265.889   468.570    -9.27   73.63
-240889.877   450.380   -48.37   43.53
-240513.862   456.501    16.28   39.33
-240137.843   474.258    47.22   55.68
-239761.821   478.879    12.29   54.51
-239385.796   491.353    33.17   51.57
-239009.767   495.231    10.31   30.60
-238633.735   507.340    32.20   30.64
-238257.700   528.853    57.21   41.36
-237881.662   574.747   122.04   89.64
-237505.620   632.771   154.29  114.33
-237129.575   680.503   126.92  106.04
-236753.527   709.905    78.18   74.10
-236377.476   702.258   -20.33   52.91
-236001.421   674.721   -73.22   47.54
-235625.363   648.408   -69.97   33.95
-235249.302   636.904   -30.59   20.62
-234873.237   633.263    -9.68   16.03
-234497.169   638.658    14.35   16.44
-234121.098   649.825    29.69   27.85
-233745.024   665.420    41.46   31.69
-233368.946   671.853    17.10   28.68
-232992.865   671.128    -1.93   26.79
-232616.781   659.690   -30.41   27.77
-232240.693   645.801   -36.93   28.47
-231864.602   634.695   -29.53   25.60
-231488.508   624.905   -26.03   25.39
-231112.410   608.907   -42.54   29.77
-230736.309   593.978   -39.69   32.23
-230360.205   579.984   -37.20   25.03
-229984.098   568.325   -31.00    8.36
-229607.987   572.116    10.08   13.07
-229231.873   585.797    36.37   35.74
-228855.755   604.699    50.25   50.59
-228479.634   636.365    84.19   61.73
-228103.510   642.881    17.32   56.65
-227727.383   633.204   -25.73   53.88
-227351.252   612.528   -54.97   56.02
-226975.118   576.636   -95.42   42.81
-226598.981   547.628   -77.12   33.53
-226222.840   529.231   -48.91   27.92
-225846.696   512.545   -44.36   23.80
-225470.549   501.063   -30.52   20.61
-225094.398   498.647    -6.42   20.77
-224718.244   507.420    23.32   33.98
-224342.087   527.303    52.85   43.20
-223965.926   550.563    61.83   43.83
-223589.762   571.408    55.41   35.55
-223213.594   599.668    75.12   40.62
-222837.424   632.019    86.00   41.51
-222461.250   657.596    67.99   37.78
-222085.072   678.750    56.23   21.38
-221708.891   669.881   -23.57   42.73
-221332.707   627.258  -113.30   75.76
-220956.520   568.798  -155.39   77.32
-220580.329   508.907  -159.20   55.80
-220204.135   456.228  -140.02   60.71
-219827.937   398.042  -154.66   89.36
-219451.736   305.135  -246.95  117.63
-219075.532   220.288  -225.52   94.29
-218699.324   166.340  -143.39   50.83
-218323.113   138.798   -73.20   15.13
-217946.899   132.699   -16.21    6.38
-217570.681   133.037     0.90   10.08
-217194.460   133.019    -0.05   12.25
-216818.235   132.379    -1.70   14.34
-216442.008   127.015   -14.26   10.92
-216065.776   124.668    -6.24    6.66
-215689.542   125.006     0.90    7.66
-215313.304   121.978    -8.05    2.95
-214937.062   122.116     0.37    2.78
-214560.817   121.393    -1.92    5.33
-214184.569   116.609   -12.71   10.52
-213808.318   114.545    -5.49   11.15
-213432.063   111.690    -7.59   10.82
-213055.804   109.006    -7.13   10.22
-212679.543   109.468     1.23    9.05
-212303.278   111.109     4.36    8.58
-211927.009   112.771     4.42    6.44
-211550.737   114.109     3.55    4.90
-211174.462   112.747    -3.62    4.34
-210798.183   112.880     0.35    4.84
-210421.901   114.186     3.47    5.31
-210045.615   115.717     4.07    5.35
-209669.326   117.879     5.74    5.38
-209293.034   119.622     4.63    4.81
-208916.738   119.228    -1.05    5.21
-208540.439   121.116     5.02    6.10
-208164.137   122.570     3.87    6.14
-207787.831   122.717     0.39    5.46
-207411.521   121.340    -3.66    5.38
-207035.208   122.339     2.66    5.31
-206658.892   121.032    -3.47    5.51
-206282.572   121.878     2.25    5.97
-205906.249   122.929     2.79    6.63
-205529.923   121.609    -3.51    7.14
-205153.593   122.237     1.67    6.99
-204777.259   121.776    -1.23    6.49
-204400.922   121.964     0.50    6.50
-204024.582   124.827     7.61    8.34
-203648.239   126.582     4.66    9.81
-203271.891   127.537     2.54    7.97
-202895.541   129.647     5.61    8.93
-202519.187   130.853     3.20    8.85
-202142.829   134.647    10.08    9.57
-201766.468   136.494     4.91    8.59
-201390.104   136.717     0.59    8.26
-201013.736   138.955     5.95    8.93
-200637.365   141.663     7.20   10.21
-200260.990   142.160     1.32   10.54
-199884.612   150.545    22.28   15.21
-199508.230   156.744    16.47   19.27
-199131.845   161.647    13.03   19.02
-198755.457   164.340     7.15   20.17
-198379.065   165.237     2.38   18.82
-198002.669   163.555    -4.47   17.11
-197626.270   162.083    -3.91   13.06
-197249.868   158.663    -9.09   12.02
-196873.462   153.010   -15.02   12.79
-196497.053   151.063    -5.17   13.96
-196120.640   156.290    13.89   18.32
-195744.224   159.288     7.97   20.37
-195367.804   157.826    -3.88   22.12
-194991.381   153.258   -12.14   23.20
-194614.954   142.391   -28.87   17.06
-194238.524   134.575   -20.76    9.78
-193862.090   130.724   -10.23    8.03
-193485.653   129.391    -3.54    7.71
-193109.212   126.907    -6.60    7.30
-192733.154   124.135    -7.37    5.96
-192357.404   122.673    -3.89    6.15
-191981.649   121.211    -3.89    3.11
-191605.891   121.204    -0.02    3.08
-191230.130   120.929    -0.73    3.11
-190854.365   121.447     1.38    3.55
-190478.597   123.168     4.58    5.53
-190102.826   128.231    13.47   12.65
-189727.050   131.978     9.97   13.94
-189351.272   134.135     5.74   13.55
-188975.489   136.616     6.60   13.00
-188599.704   134.663    -5.20   10.48
-188223.915   132.237    -6.46    9.64
-187848.122   132.075    -0.43   11.30
-187472.326   131.622    -1.21   10.63
-187096.526   134.006     6.35   11.79
-186720.723   134.447     1.17   10.25
-186344.916   131.314    -8.34   10.01
-185969.106   128.647    -7.10   10.11
-185593.292   126.853    -4.78    9.06
-185217.475   125.853    -2.66    9.34
-184841.654   126.801     2.52    9.10
-184465.830   126.231    -1.52    9.60
-184090.002   128.037     4.80   11.98
-183714.171   130.015     5.26   12.52
-183338.336   132.665     7.05   12.88
-182962.498   133.673     2.68   12.53
-182586.656   138.616    13.15   14.92
-182210.811   140.853     5.95   15.13
-181834.962   141.519     1.77   17.82
-181459.110   136.158   -14.26   21.16
-181083.254   127.929   -21.89   19.15
-180707.394   121.929   -15.96   16.51
-180331.531   116.825   -13.58   11.02
-179955.665   116.699    -0.34    4.24
-179579.794   119.340     7.03    5.32
-179203.921   122.673     8.87    6.15
-178828.044   125.690     8.03    5.26
-178452.163   127.750     5.48    5.78
-178076.279   129.150     3.72    6.65
-177700.391   128.405    -1.98    6.95
-177324.500   126.907    -3.99    7.54
-176948.605   125.290    -4.30    7.55
-176572.706   125.776     1.29    6.89
-176196.804   129.981    11.19   10.34
-175820.899   134.103    10.96   11.09
-175444.990   138.109    10.66   10.27
-175069.077   139.908     4.79    9.27
-174693.161   142.494     6.88   13.59
-174317.241   150.142    20.35   23.51
-173941.318   157.853    20.51   27.41
-173565.391   160.135     6.07   27.69
-173189.460   159.135    -2.66   28.27
-172813.526   146.160   -34.51   19.61
-172437.589   140.312   -15.56   15.12
-172061.647   135.570   -12.61    8.69
-171685.703   133.721    -4.92    7.40
-171309.754   132.063    -4.41    6.17
-170933.802   131.096    -2.57    6.29
-170557.847   129.321    -4.72    4.61
-170181.888   130.647     3.53    5.17
-169805.925   134.570    10.43    7.42
-169429.959   133.908    -1.76    7.19
-169053.989   134.365     1.22    6.33
-168678.016   134.436     0.19    4.51
-168302.038   135.724     3.43    5.25
-167926.058   137.458     4.61    4.82
-167550.074   139.636     5.79    4.54
-167174.086   139.545    -0.24    4.37
-166798.094   140.186     1.70    4.99
-166422.099   139.633    -1.47    5.28
-166046.101   137.258    -6.32    4.70
-165670.099   138.083     2.20    4.78
-165294.093   138.353     0.72    4.64
-164918.083   139.274     2.45    4.81
-164542.070   140.420     3.05    4.32
-164166.054   140.610     0.51    4.51
-163790.033   140.596    -0.04    5.67
-163414.010   139.647    -2.52    5.49
-163037.982   139.630    -0.05    5.45
-162661.951   141.494     4.95    6.04
-162285.916   142.353     2.28    6.73
-161909.878   143.878     4.06    6.83
-161533.836   144.037     0.42    6.75
-161157.790   145.961     5.12    6.41
-160781.741   146.622     1.76    6.01
-160405.688   148.827     5.86    8.09
-160029.632   153.682    12.91   10.57
-159653.572   157.686    10.65   10.37
-159277.508   158.058     0.99    9.71
-158901.441   157.221    -2.22    9.07
-158525.370   155.510    -4.55    7.69
-158149.295   153.204    -6.13    6.95
-157773.217   153.323     0.32    7.81
-157397.135   154.160     2.23    7.67
-157021.049   155.642     3.94    7.70
-156644.960   156.103     1.22    7.03
-156268.867   156.929     2.20    6.64
-155892.770   158.853     5.11    6.92
-155516.670   158.724    -0.34    6.90
-155140.566   158.776     0.14    5.87
-154764.459   159.420     1.71    5.82
-154388.348   157.981    -3.83    5.49
-154012.233   156.929    -2.79    6.02
-153636.114   156.316    -1.63    5.91
-153259.992   157.204     2.36    6.49
-152883.867   158.803     4.25    6.83
-152507.737   159.905     2.93    6.67
-152131.604   160.563     1.75    6.51
-151755.467   159.069    -3.97    6.27
-151379.327   158.000    -2.84    5.88
-151003.182   158.186     0.50    5.51
-150627.035   158.647     1.23    5.29
-150250.883   158.658     0.03    5.10
-149874.728   159.109     1.20    5.07
-149498.569   159.547     1.16    6.08
-149122.407   159.135    -1.10    6.30
-148746.240   158.340    -2.11    5.95
-148370.070   157.339    -2.66    4.41
-147993.897   159.776     6.48    5.96
-147617.720   161.853     5.52    6.35
-147241.539   165.778    10.43    7.58
-146865.354   169.636    10.26    7.55
-146489.165   170.878     3.30    7.29
-146112.973   172.905     5.39    6.56
-145736.778   174.853     5.18    5.94
-145360.578   176.474     4.31    6.12
-144984.375   176.595     0.32    6.43
-144608.168   177.494     2.39    6.45
-144231.958   177.622     0.34    5.94
-143855.743   178.130     1.35    5.76
-143479.525   176.458    -4.45    7.16
-143103.304   172.075   -11.65    7.85
-142727.078   170.063    -5.35    6.10
-142350.849   169.468    -1.58    5.51
-141974.616   169.880     1.09    5.41
-141598.380   171.221     3.57    4.38
-141222.139   171.010    -0.56    4.12
-140845.895   169.468    -4.10    4.33
-140469.647   167.096    -6.30    5.32
-140093.396   164.078    -8.02    6.11
-139717.141   160.958    -8.29    6.16
-139340.882   159.528    -3.80    5.53
-138964.619   158.177    -3.59    5.04
-138588.353   156.964    -3.22    5.26
-138212.083   156.263    -1.86    5.53
-137835.809   155.340    -2.45    4.71
-137459.531   155.880     1.44    4.88
-137083.250   158.774     7.69    6.55
-136706.965   161.907     8.33    7.37
-136330.676   164.221     6.15    8.29
-135954.383   165.078     2.28    8.28
-135578.087   165.258     0.48    8.66
-135201.787   165.563     0.81    7.79
-134825.483   164.774    -2.10    6.29
-134449.176   165.237     1.23    5.79
-134072.864   168.042     7.45    5.99
-133696.549   171.578     9.40    6.14
-133320.230   173.642     5.49    6.86
-132943.908   174.825     3.14    6.11
-132567.581   174.069    -2.01    7.21
-132191.251   172.547    -4.04    7.25
-131814.917   172.365    -0.48    6.35
-131438.580   172.519     0.41    7.02
-131062.238   174.741     5.90    6.06
-130685.893   175.880     3.02    5.86
-130309.544   175.204    -1.80    6.60
-129933.191   175.853     1.72    6.75
-129556.835   175.503    -0.93    7.57
-129180.474   176.069     1.50    7.00
-128804.110   177.853     4.74    7.38
-128427.742   179.958     5.59    7.63
-128051.371   182.263     6.12    6.93
-127674.995   182.961     1.85    5.98
-127298.616   183.328     0.97    5.36
-126922.233   185.431     5.59    5.68
-126545.846   186.214     2.08    5.67
-126169.456   186.907     1.84    5.94
-125793.061   186.825    -0.22    5.09
-125416.663   187.340     1.37    5.57
-125040.261   188.776     3.81    5.31
-124663.855   189.634     2.28    4.86
-124287.446   189.393    -0.64    5.03
-123911.032   188.771    -1.65    5.84
-123534.615   188.447    -0.86    6.22
-123158.194   187.340    -2.94    5.31
-122781.769   184.800    -6.75    6.41
-122405.340   181.955    -7.56    5.52
-122028.908   180.724    -3.27    4.43
-121652.472   182.083     3.61    5.18
-121276.032   183.393     3.48    5.18
-120899.588   185.929     6.74    5.09
-120523.140   187.826     5.04    4.62
-120146.688   190.019     5.83    4.27
-119770.233   190.417     1.06    3.65
-119393.774   190.258    -0.42    3.17
-119017.311   190.589     0.88    3.64
-118640.844   190.570    -0.05    4.02
-118264.373   190.290    -0.74    5.80
-117887.899   189.984    -0.81    5.85
-117512.072   188.458    -4.06    6.35
-117136.354   186.150    -6.14    7.72
-116760.633   183.109    -8.09    7.20
-116384.908   180.366    -7.30    6.38
-116009.179   179.211    -3.07    6.60
-115633.447   180.622     3.75    7.75
-115257.710   181.109     1.30    6.65
-114881.970   181.934     2.19    5.88
-114506.226   181.391    -1.44    6.07
-114130.478   181.314    -0.20    5.66
-113754.726   180.714    -1.60    6.22
-113378.970   177.981    -7.27    6.99
-113003.211   172.609   -14.29    6.92
-112627.447   168.931    -9.79    6.62
-112251.680   165.955    -7.92    6.12
-111875.909   163.915    -5.43    5.36
-111500.134   165.010     2.91    5.62
-111124.356   167.168     5.74    5.60
-110748.573   169.555     6.35    6.11
-110372.787   173.160     9.59    6.16
-109996.996   172.609    -1.47    5.34
-109621.202   171.776    -2.22    5.07
-109245.404   170.904    -2.32    5.62
-108869.602   171.135     0.61    5.95
-108493.797   171.042    -0.25    5.62
-108117.987   174.403     8.94    8.72
-107742.174   177.089     7.15   10.13
-107366.356   179.825     7.28    9.66
-106990.535   180.263     1.17    9.62
-106614.710   180.717     1.21    8.23
-106238.881   182.405     4.49    7.08
-105863.048   185.340     7.81    6.58
-105487.212   188.478     8.35    6.30
-105111.371   191.339     7.61    6.03
-104735.527   192.528     3.16    5.94
-104359.678   192.285    -0.65    5.97
-103983.826   191.853    -1.15    7.00
-103607.970   190.934    -2.44    6.56
-103232.110   189.878    -2.81    6.54
-102856.246   188.006    -4.98    6.98
-102480.379   186.237    -4.71    7.43
-102104.507   181.934   -11.45    6.63
-101728.631   178.724    -8.54    6.36
-101352.752   178.116    -1.62    6.08
-100976.869   179.353     3.29    7.17
-100600.981   182.168     7.49    5.61
-100225.090   185.420     8.65    6.47
 -99849.195   186.826     3.74    5.83
 -99473.296   188.109     3.41    6.10
 -99097.393   190.974     7.62    5.96
 -98721.487   190.366    -1.62    6.09
 -98345.576   190.798     1.15    6.06
 -97969.661   189.339    -3.88    6.34
 -97593.743   188.228    -2.96    7.11
 -97217.821   186.988    -3.30    7.82
 -96841.894   185.253    -4.62    9.61
 -96465.964   185.340     0.23    9.30
 -96090.030   185.904     1.50    8.27
 -95714.092   189.366     9.21    9.12
 -95338.150   192.545     8.46    8.31
 -94962.204   193.747     3.20    9.51
 -94586.254   193.658    -0.24   10.28
 -94210.300   189.032   -12.30   12.18
 -93834.342   183.575   -14.52   12.91
 -93458.381   177.058   -17.33   13.13
 -93082.415   170.750   -16.78   10.49
 -92706.446   167.205    -9.43    8.38
 -92330.472   165.204    -5.32    9.35
 -91954.495   164.096    -2.95   12.62
 -91578.513   158.204   -15.67   16.02
 -91202.528   156.078    -5.66   19.04
 -90826.539   157.447     3.64   19.20
 -90450.545   159.703     6.00   19.78
 -90074.548   160.006     0.81   19.66
 -89698.547   157.596    -6.41   23.68
 -89322.542   150.015   -20.16   29.48
 -88946.533   141.288   -23.21   27.41
 -88570.520   140.984    -0.81   25.97
 -88194.503   142.853     4.97   22.46
 -87818.482   144.083     3.27   20.61
 -87442.457   146.519     6.48   19.39
 -87066.428   145.596    -2.45   19.54
 -86690.396   147.211     4.30   19.10
 -86314.359   147.529     0.84   15.11
 -85938.318   147.123    -1.08   13.33
 -85562.273   149.015     5.03   21.74
 -85186.225   154.984    15.87   26.97
 -84810.172   156.953     5.23   32.46
 -84434.115   153.690    -8.67   37.21
 -84058.055   146.072   -20.26   42.21
 -83681.990   127.955   -48.17   41.11
 -83305.922   115.135   -34.09   34.14
 -82929.849   110.555   -12.18   30.90
 -82553.772   116.494    15.79   37.88
 -82177.692   125.468    23.86   40.71
 -81801.607   127.797     6.19   41.90
 -81425.519   114.211   -36.12   38.52
 -81049.426   102.408   -31.38   35.05
 -80673.330    89.616   -34.01   30.43
 -80297.229    76.827   -34.00   17.98
 -79921.125    71.310   -14.67   12.16
 -79545.016    72.312     2.66   13.69
 -79168.904    75.010     7.17   21.15
 -78792.787    81.642    17.63   26.01
 -78416.667    85.853    11.19   25.51
 -78040.542    88.420     6.83   23.08
 -77664.413    83.121   -14.09   17.95
 -77288.281    78.160   -13.19   15.36
 -76912.144    74.314   -10.23   13.76
 -76536.004    72.663    -4.39   14.28
 -76159.859    71.596    -2.84   12.69
 -75783.710    69.417    -5.79   11.11
 -75407.558    65.297   -10.95    9.20
 -75031.401    64.699    -1.59    8.57
 -74655.240    65.019     0.85    9.66
 -74279.076    65.981     2.56    9.66
 -73902.907    64.545    -3.82    8.91
 -73526.734    63.195    -3.59    8.39
 -73150.557    61.744    -3.86    7.84
 -72774.376    62.042     0.79    9.30
 -72398.191    61.668    -0.99    9.32
 -72022.002    60.417    -3.33    9.21
 -71645.809    61.964     4.11   10.12
 -71269.612    64.853     7.68   10.97
 -70893.411    65.955     2.93   10.73
 -70517.206    66.123     0.45   10.56
 -70140.997    63.458    -7.08   10.19
 -69764.784    61.537    -5.11   10.80
 -69388.567    61.596     0.16   11.41
 -69012.345    62.464     2.31   11.68
 -68636.120    63.596     3.01    9.60
 -68259.890    61.474    -5.64    8.17
 -67883.657    57.827    -9.69    8.24
 -67507.419    52.417   -14.38    7.66
 -67131.178    47.024   -14.33    7.45
 -66754.932    42.988   -10.73    6.90
 -66378.682    40.285    -7.18    4.68
 -66002.428    40.668     1.02    5.92
 -65626.171    42.958     6.08    6.66
 -65249.909    44.880     5.11    7.80
 -64873.643    49.901    13.34    8.99
 -64497.373    54.853    13.16    9.88
 -64121.098    61.339    17.24    8.53
 -63744.820    65.083     9.95    6.23
 -63368.538    66.642     4.14    5.08
 -62992.251    67.237     1.58    5.42
 -62615.961    66.015    -3.25    5.53
 -62239.666    64.955    -2.82    5.71
 -61863.368    63.042    -5.08    6.22
 -61487.065    60.596    -6.50    6.43
 -61110.758    57.053    -9.42    5.77
 -60734.447    54.047    -7.99    4.74
 -60358.132    52.339    -4.54    4.92
 -59981.813    49.528    -7.47    4.97
 -59605.489    48.555    -2.59    5.17
 -59229.162    47.528    -2.73    5.27
 -58852.831    48.325     2.12    6.10
 -58476.495    53.953    14.95   14.30
 -58100.155    58.237    11.38   15.02
 -57723.812    58.474     0.63   15.94
 -57347.464    52.135   -16.84   17.08
 -56971.112    44.563   -20.12   13.13
 -56594.756    37.750   -18.10    6.48
 -56218.396    36.195    -4.13    3.26
 -55842.031    36.391     0.52    2.90
 -55465.663    37.231     2.23    2.10
 -55089.290    38.089     2.28    2.59
 -54712.913    39.253     3.09    4.12
 -54336.533    41.395     5.69    4.98
 -53960.148    44.015     6.96    4.94
 -53583.759    46.663     7.04    5.01
 -53207.365    49.096     6.46    6.18
 -52830.968    50.258     3.09    5.87
 -52454.567    51.408     3.06    4.46
 -52078.161    51.578     0.45    5.21
 -51701.751    53.545     5.23    5.74
 -51325.337    56.447     7.71    7.22
 -50948.919    62.160    15.18   11.19
 -50572.497    66.116    10.51   12.64
 -50196.071    68.879     7.34   12.67
 -49819.640    70.905     5.38   13.34
 -49443.206    72.878     5.24   12.28
 -49066.767    72.312    -1.50   10.25
 -48690.324    77.442    13.63   11.62
 -48313.877    85.228    20.68   18.80
 -47937.426    83.853    -3.65   25.99
 -47560.970    75.484   -22.23   28.91
 -47184.511    60.015   -41.09   20.83
 -46808.047    51.825   -21.75    6.76
 -46431.579    51.312    -1.36    5.96
 -46055.107    51.603     0.77    6.43
 -45678.631    57.428    15.47   11.66
 -45302.151    64.776    19.52   18.04
 -44925.666    71.204    17.07   19.58
 -44549.177    85.109    36.93   20.19
 -44172.685    90.069    13.17   17.80
 -43796.187    89.160    -2.41   17.62
 -43419.686    82.570   -17.50   19.14
 -43043.181    73.160   -24.99   14.89
 -42666.792    64.096   -24.08   10.04
 -42291.111    59.801   -11.43    7.23
 -41915.427    57.926    -4.99    7.96
 -41539.738    53.269   -12.39    6.63
 -41164.045    52.417    -2.27    6.33
 -40788.348    50.484    -5.14    5.97
 -40412.646    54.636    11.05   15.74
 -40036.941    59.069    11.80   18.71
 -39661.231    56.424    -7.04   21.33
 -39285.517    50.553   -15.63   20.68
 -38909.799    42.853   -20.49   14.11
 -38534.077    38.961   -10.36    5.45
 -38158.350    41.263     6.13    7.24
 -37782.619    46.797    14.73   12.29
 -37406.885    53.904    18.91   17.47
 -37031.146    61.668    20.66   20.04
 -36655.402    74.006    32.84   29.21
 -36279.655    85.015    29.30   28.83
 -35903.903    90.417    14.38   33.55
 -35528.148    80.267   -27.01   40.38
 -35152.388    58.714   -57.36   36.29
 -34776.623    46.826   -31.64   22.45
 -34400.855    41.826   -13.31   10.72
 -34025.082    49.528    20.50   11.97
 -33649.306    63.934    38.33   19.80
 -33273.525    87.624    63.04   41.10
 -32897.739   124.442    97.98   52.39
 -32521.950   134.724    27.36   46.56
 -32146.156   127.630   -18.88   49.40
 -31770.358    97.981   -78.90   43.67
 -31394.556    73.663   -64.71   28.10
 -31018.750    60.288   -35.59   28.28
 -30642.939    50.800   -25.25   27.04
 -30267.125    40.032   -28.65   20.03
 -29891.306    33.563   -17.21   14.37
 -29515.482    29.494   -10.83    3.84
 -29139.655    31.365     4.98    5.36
 -28763.823    35.528    11.08    5.77
 -28387.987    36.116     1.56    5.41
 -28012.147    34.300    -4.83    6.11
 -27636.303    32.123    -5.79    5.70
 -27260.454    29.589    -6.74    5.02
 -26884.601    27.647    -5.17    5.72
 -26508.744    25.750    -5.05    6.46
 -26132.883    21.776   -10.57    6.48
 -25757.017    18.991    -7.41    4.02
 -25381.148    17.186    -4.80    3.39
 -25005.274    18.690     4.00    8.10
 -24629.395    29.442    28.60   21.33
 -24253.513    39.468    26.67   27.91
 -23877.626    51.596    32.27   28.44
 -23501.735    68.537    45.07   29.56
 -23125.839    80.929    32.97   34.73
 -22749.940    87.353    17.09   37.73
 -22374.036    91.158    10.12   40.89
 -21998.128    66.442   -65.75   41.91
 -21622.215    45.431   -55.89   31.98
 -21246.299    35.204   -27.21   22.67
 -20870.378    31.801    -9.05   16.68
 -20494.453    37.634    15.52   24.27
 -20118.523    57.083    51.74   37.13
 -19742.590    72.853    41.95   36.22
 -19366.651    82.501    25.67   31.29
 -18990.709    79.160    -8.89   31.34
 -18614.763    73.501   -15.05   29.50
 -18238.812    74.263     2.03   28.23
 -17862.857    78.878    12.28   31.79
 -17486.897    63.622   -40.58   44.76
 -17110.933    35.774   -74.07   45.50
 -16734.965     7.724   -74.61   25.69
 -16358.993    -3.942   -31.03    2.71
 -15983.017    -3.925     0.05    2.53
 -15607.036    -4.147    -0.59    1.59
 -15231.051    -4.445    -0.79    1.45
 -14855.061    -4.305     0.37    1.42
 -14479.067    -4.045     0.69    1.60
 -14103.069    -3.022     2.72    2.69
 -13727.067    -1.558     3.90    2.23
 -13351.060     0.135     4.50    3.28
 -12975.049     1.771     4.35    3.28
 -12599.034     3.494     4.58    3.77
 -12223.014     5.096     4.26    3.45
 -11846.990     6.160     2.83    2.48
 -11470.962     6.468     0.82    1.53
 -11094.930     6.109    -0.95    1.55
 -10718.893     6.247     0.37    1.53
 -10342.851     6.545     0.79    1.52
  -9966.806     6.545     0.00    1.58
  -9590.756     6.285    -0.69    1.61
  -9214.702     5.878    -1.08    1.50
  -8838.643     5.771    -0.28    1.30
  -8462.581     5.724    -0.13    1.40
  -8086.513     5.288    -1.16    1.43
  -7710.442     5.134    -0.41    1.57
  -7334.366     4.673    -1.23    1.50
  -6958.286     4.545    -0.34    1.73
  -6582.201     4.150    -1.05    1.73
  -6206.113     3.801    -0.93    1.69
  -5830.019     3.474    -0.87    1.92
  -5453.922     4.032     1.48    1.94
  -5077.820     4.673     1.70    1.82
  -4701.714     4.774     0.27    1.94
  -4325.603     4.721    -0.14    1.70
  -3949.488     4.596    -0.33    1.63
  -3573.369     4.340    -0.68    1.59
  -3197.245     4.015    -0.86    2.62
  -2821.117     3.981    -0.09    3.58
  -2444.985     2.690    -3.43    4.68
  -2068.848     1.981    -1.89    5.05
  -1692.707    -0.378    -6.27    4.97
  -1316.562    -2.804    -6.45    3.77
   -940.412    -2.737     0.18    3.27
   -564.258    -2.175     1.50    3.76
   -188.099    -0.621     4.13    3.61
    188.064     0.563     3.15    3.62
    564.231     1.797     3.28    2.34
    940.403     2.413     1.64    1.29
   1316.579     2.904     1.30    1.70
   1692.759     3.800     2.38    3.79
   2068.944     4.442     1.71    4.81
   2445.133     5.109     1.77    5.36
   2821.327     7.442     6.20    6.37
   3197.525     8.771     3.53    6.12
   3573.727     8.699    -0.19    5.70
   3949.934     7.519    -3.14    4.65
   4326.145     5.981    -4.09    4.59
   4702.360     4.978    -2.67    4.20
   5078.580     5.281     0.81    3.88
   5454.805     5.750     1.25    3.60
   5831.033     7.096     3.58    3.89
   6207.267     8.300     3.20    3.76
   6583.504    10.744     6.50    3.71
   6959.746    11.103     0.95    3.84
   7335.992    10.728    -1.00    4.57
   7712.243     9.724    -2.67    4.51
   8088.498     8.931    -2.11    4.72
   8464.758     8.519    -1.10    4.18
   8841.022     7.647    -2.32    3.59
   9217.290     6.699    -2.52    3.12
   9593.563     6.274    -1.13    2.91
   9969.840     5.750    -1.39    2.23
  10346.122     5.366    -1.02    1.54
  10722.408     5.300    -0.18    1.48
  11098.699     4.953    -0.92    1.61
  11474.994     4.253    -1.86    1.82
  11851.293     3.032    -3.24    2.71
  12227.597     1.501    -4.07    3.37
  12603.905     0.528    -2.59    3.45
  12980.218    -0.526    -2.80    3.75
  13356.535    -0.925    -1.06    3.67
  13732.857    -1.122    -0.52    3.39
  14109.183    -1.942    -2.18    2.82
  14485.513    -2.661    -1.91    1.89
  14861.848    -3.071    -1.09    1.22
  15238.187    -2.963     0.29    1.23
  15614.531    -2.404     1.49    1.65
  15990.879    -1.411     2.64    2.21
  16367.232    -0.660     1.99    2.30
  16743.589     0.420     2.87    3.39
  17119.951     0.135    -0.76    4.36
  17496.317    -0.472    -1.61    4.33
  17872.687    -0.759    -0.76    4.07
  18249.062    -0.411     0.92    3.75
  18625.442     0.988     3.72    3.70
  19001.826     1.907     2.44    3.28
  19378.214     2.420     1.36    3.26
  19754.607     2.936     1.37    3.70
  20131.004     3.578     1.70    5.23
  20507.406     4.981     3.73    5.55
  20883.812     6.961     5.26    5.18
  21260.223     9.468     6.66    4.48
  21636.638    10.123     1.74    4.23
  22013.058     9.673    -1.19    4.41
  22389.482     8.721    -2.53    4.75
  22765.911     7.058    -4.42    5.97
  23142.344     3.988    -8.16    5.63
  23518.781     1.853    -5.67    4.90
  23895.224     2.267     1.10    4.64
  24271.670     4.658     6.35    5.66
  24648.121     7.801     8.35    4.72
  25024.577     9.695     5.03    2.01
  25401.037     9.690    -0.01    1.80
  25777.502     9.285    -1.08    1.72
  26153.971     8.395    -2.36    1.65
  26530.444     7.878    -1.37    2.24
  26906.922     8.203     0.86    2.86
  27283.405     8.042    -0.43    3.17
  27659.892     7.647    -1.05    3.43
  28036.384     6.658    -2.63    3.23
  28412.880     5.288    -3.64    1.94
  28789.381     4.981    -0.82    1.51
  29165.886     4.589    -1.04    1.62
  29542.395     3.596    -2.64    2.10
  29918.910     3.109    -1.29    2.12
  30295.428     3.728     1.64    3.24
  30671.952     2.880    -2.25    4.32
  31048.479     2.128    -2.00    4.96
  31425.012     0.800    -3.53    5.42
  31801.549    -1.175    -5.24    4.34
  32178.090    -1.904    -1.94    2.96
  32554.244    -2.039    -0.36    2.28
  32929.890    -2.378    -0.90    2.52
  33305.541    -3.532    -3.07    2.96
  33681.196    -4.120    -1.56    2.58
  34056.856    -4.569    -1.19    2.00
  34432.520    -3.897     1.79    2.17
  34808.189    -3.095     2.14    1.86
  35183.862    -2.481     1.63    1.78
  35559.540    -2.661    -0.48    1.82
  35935.223    -2.942    -0.75    1.54
  36310.910    -3.353    -1.09    1.24
  36686.601    -3.772    -1.12    1.44
  37062.297    -3.796    -0.06    1.64
  37437.998    -1.947     4.92    4.39
  37813.703     0.042     5.29    5.21
  38189.412     1.312     3.38    4.40
  38565.126     1.537     0.60    3.63
  38940.845    -0.572    -5.61    2.26
  39316.568    -1.789    -3.24    1.90
  39692.296    -2.700    -2.43    1.48
  40068.028    -3.391    -1.84    1.46
  40443.765    -3.674    -0.75    1.29
  40819.507    -3.564     0.29    1.27
  41195.253    -3.569    -0.01    1.29
  41571.003    -3.481     0.23    1.30
  41946.758    -3.688    -0.55    1.17
  42322.518    -4.276    -1.56    1.20
  42698.282    -4.532    -0.68    1.39
  43074.051    -3.481     2.80    2.74
  43449.824    -2.877     1.61    3.17
  43825.602    -2.019     2.28    3.40
  44201.385    -1.580     1.17    3.22
  44577.172    -2.147    -1.51    3.52
  44952.963    -3.147    -2.66    2.56
  45328.759    -3.460    -0.83    2.40
  45704.560    -4.378    -2.44    1.13
  46080.365    -4.700    -0.86    1.18
  46456.175    -5.042    -0.91    1.29
  46831.990    -4.463     1.54    2.31
  47207.809    -3.731     1.95    3.02
  47583.633    -2.532     3.19    2.80
  47959.461    -1.609     2.46    2.38
  48335.294    -0.911     1.86    1.94
  48711.131    -0.897     0.04    1.86
  49086.973    -1.045    -0.39    1.96
  49462.820    -1.173    -0.34    2.03
  49838.671    -0.958     0.57    2.16
  50214.527    -1.122    -0.44    2.05
  50590.387    -0.931     0.51    1.86
  50966.252    -1.276    -0.92    1.66
  51342.122    -1.197     0.21    1.80
  51717.996    -1.605    -1.08    1.84
  52093.875    -0.455     3.06    2.39
  52469.758     0.204     1.75    2.28
  52845.646     0.826     1.66    1.91
  53221.539     0.853     0.07    1.62
  53597.436     0.491    -0.96    1.50
  53973.338     0.178    -0.84    1.65
  54349.244    -0.301    -1.27    1.31
  54725.155    -0.437    -0.36    1.16
  55101.071    -0.327     0.29    1.32
  55476.992    -0.071     0.68    1.26
  55852.917     0.058     0.34    1.24
  56228.846     0.326     0.71    1.29
  56604.780     0.109    -0.58    2.11
  56980.719    -0.931    -2.77    2.90
  57356.663    -1.301    -0.98    3.22
  57732.611    -1.472    -0.46    3.02
  58108.564    -0.776     1.85    2.04
  58484.521    -0.229     1.46    1.48
  58860.483    -0.391    -0.43    1.40
  59236.450    -0.715    -0.86    1.46
  59612.421    -0.715     0.00    1.61
  59988.397    -0.814    -0.26    1.43
  60364.378    -0.772     0.11    1.41
  60740.363    -0.686     0.23    1.25
  61116.353    -0.823    -0.36    1.36
  61492.347    -0.763     0.16    1.35
  61868.347    -0.647     0.31    1.31
  62244.351    -0.327     0.85    1.27
  62620.359    -0.516    -0.50    1.70
  62996.372    -1.327    -2.16    2.23
  63372.390    -2.769    -3.84    1.95
  63748.413    -3.647    -2.34    1.39
  64124.440    -3.272     1.00    1.62
  64500.472    -3.036     0.63    1.95
  64876.508    -3.039    -0.01    1.94
  65252.550    -3.175    -0.36    1.91
  65628.595    -3.175     0.00    1.61
  66004.646    -3.742    -1.51    1.30
  66380.701    -3.862    -0.32    1.20
  66756.761    -4.297    -1.16    1.17
  67132.826    -4.779    -1.28    1.08
  67508.895    -4.958    -0.48    0.97
  67884.969    -4.814     0.38    1.08
  68261.048    -4.595     0.58    1.11
  68637.131    -4.353     0.64    1.26
  69013.219    -4.095     0.69    1.21
  69389.312    -4.096    -0.00    1.21
  69765.409    -4.200    -0.28    1.18
  70141.511    -4.096     0.28    1.45
  70517.618    -3.822     0.73    1.75
  70893.730    -3.509     0.83    2.17
  71269.846    -3.796    -0.76    2.21
  71645.967    -3.877    -0.22    2.01
  72022.093    -4.418    -1.44    1.50
  72398.223    -4.532    -0.30    1.29
  72774.358    -4.605    -0.19    1.01
  73150.498    -4.922    -0.85    1.17
  73526.642    -5.122    -0.53    1.27
  73902.791    -5.175    -0.14    1.25
  74278.945    -5.404    -0.61    1.33
  74655.104    -5.580    -0.47    1.32
  75031.267    -5.532     0.13    1.29
  75407.435    -5.506     0.07    1.29
  75783.608    -5.276     0.61    1.15
  76159.786    -5.437    -0.43    1.14
  76535.968    -5.353     0.22    1.24
  76912.155    -5.173     0.48    1.22
  77288.347    -5.175    -0.01    1.13
  77664.543    -5.224    -0.13    1.11
  78040.744    -5.226    -0.01    1.00
  78416.950    -5.200     0.07    0.93
  78793.161    -5.404    -0.54    1.07
  79169.376    -5.304     0.27    1.05
  79545.596    -5.558    -0.68    1.09
  79921.821    -5.763    -0.55    0.88
  80298.051    -5.607     0.41    0.87
  80674.285    -4.840     2.04    1.91
  81050.525    -3.931     2.41    2.37
  81426.768    -3.917     0.04    2.30
  81803.017    -3.942    -0.07    2.19
  82179.270    -4.917    -2.59    1.61
  82555.529    -5.253    -0.89    1.13
  82931.792    -5.173     0.21    1.18
  83308.059    -5.250    -0.20    1.05
  83684.332    -5.202     0.13    1.13
  84060.609    -5.147     0.14    1.19
  84436.891    -4.931     0.57    1.06
  84813.178    -4.609     0.86    1.07
  85189.469    -4.609     0.00    0.97
  85565.766    -4.429     0.48    0.81
  85942.067    -4.481    -0.14    0.90
  86318.372    -4.490    -0.02    0.88
  86694.683    -4.411     0.21    0.79
  87070.999    -4.506    -0.25    0.90
  87447.319    -4.499     0.02    0.95
  87823.644    -4.672    -0.46    1.06
  88199.974    -4.635     0.10    1.23
  88576.308    -4.674    -0.10    1.22
  88952.647    -5.224    -1.46    1.18
  89328.992    -5.199     0.07    1.19
  89705.341    -5.378    -0.48    1.22
  90081.694    -5.472    -0.25    1.25
  90458.053    -5.122     0.93    1.39
  90834.416    -4.904     0.58    1.55
  91210.784    -3.250     4.40    3.00
  91587.157    -1.247     5.32    3.52
  91963.535     0.167     3.76    3.34
  92339.918     1.006     2.23    2.80
  92716.305     0.880    -0.34    2.88
  93092.697     0.405    -1.26    2.44
  93469.094    -0.202    -1.61    2.65
  93845.496    -1.203    -2.66    3.01
  94221.903    -2.522    -3.51    3.12
  94598.314    -3.891    -3.64    2.19
  94974.730    -4.647    -2.01    1.11
  95351.151    -4.737    -0.24    1.45
  95727.577    -4.814    -0.20    1.38
  96104.008    -5.173    -0.95    1.18
  96480.444    -5.463    -0.77    1.09
  96856.884    -5.276     0.50    1.06
  97233.329    -5.337    -0.16    0.97
  97609.779    -5.305     0.08    0.95
  97986.234    -5.522    -0.58    1.19
  98362.694    -5.805    -0.75    1.28
  98739.158    -5.891    -0.23    1.14
  99115.628    -5.958    -0.18    1.08
  99492.102    -6.066    -0.29    1.12
  99868.581    -5.823     0.65    1.06
 100245.065    -5.897    -0.20    1.08
 100621.554    -5.747     0.40    0.98
 100998.048    -5.737     0.03    1.09
 101374.546    -5.904    -0.44    0.95
 101751.050    -5.789     0.31    1.01
 102127.558    -5.753     0.09    1.03
 102504.071    -5.942    -0.50    1.13
 102880.589    -5.516     1.13    1.30
 103257.112    -5.147     0.98    1.43
 103633.639    -5.012     0.36    1.46
 104010.172    -3.609     3.73    2.90
 104386.709    -1.635     5.24    3.78
 104763.252    -0.481     3.07    4.20
 105139.799    -0.301     0.48    5.01
 105516.351    -1.305    -2.67    5.88
 105892.908    -1.796    -1.30    6.19
 106269.469    -0.985     2.15    7.06
 106646.036    -0.319     1.77    6.83
 107022.608     1.853     5.77    6.57
 107399.184     2.494     1.70    5.96
 107775.067     3.474     2.61    5.34
 108150.682     4.211     1.96    6.03
 108526.301     4.130    -0.22    6.11
 108901.926     5.468     3.56    5.52
 109277.555     6.721     3.34    3.81
 109653.189     7.484     2.03    2.54
 110028.828     7.288    -0.52    2.34
 110404.472     6.468    -2.18    3.36
 110780.120     4.023    -6.51    4.86
 111155.774     2.231    -4.77    5.07
 111531.432    -0.173    -6.40    5.30
 111907.096    -1.884    -4.56    4.74
 112282.764    -2.911    -2.73    3.55
 112658.437    -4.542    -4.34    1.03
 113034.115    -4.360     0.49    1.27
 113409.798    -4.353     0.02    1.44
 113785.485    -4.327     0.07    1.50
 114161.178    -4.553    -0.60    1.59
 114536.876    -3.455     2.92    3.63
 114912.578    -2.092     3.63    5.03
 115288.285    -0.532     4.15    5.41
 115663.998     1.288     4.85    5.31
 116039.715     2.300     2.69    5.28
 116415.437     2.724     1.13    4.77
 116791.164     2.545    -0.48    4.38
 117166.895     3.032     1.30    4.08
 117542.632     2.853    -0.48    4.13
 117918.374     3.135     0.75    4.22
 118294.120     2.744    -1.04    4.50
 118669.872     2.442    -0.80    4.65
 119045.628     0.929    -4.03    5.15
 119421.389    -0.335    -3.37    5.07
 119797.156    -1.712    -3.66    4.32
 120172.927    -2.700    -2.63    3.45
 120548.703    -3.358    -1.75    2.90
 120924.484    -4.122    -2.03    1.91
 121300.270    -4.120     0.00    1.55
 121676.061    -4.172    -0.14    1.33
 122051.856    -4.019     0.41    1.24
 122427.657    -4.042    -0.06    1.20
 122803.463    -4.071    -0.08    1.29
 123179.273    -3.660     1.09    1.52
 123555.089    -3.506     0.41    1.44
 123930.909    -2.786     1.92    1.51
 124306.735    -1.096     4.50    3.03
 124682.565    -0.958     0.37    3.32
 125058.400    -1.378    -1.12    3.48
 125434.241    -2.763    -3.68    3.04
 125810.086    -4.290    -4.06    1.73
 126185.936    -3.202     2.90    4.33
 126561.791     0.339     9.42    7.01
 126937.651     4.010     9.77    7.14
 127313.516     7.596     9.54    5.29
 127689.386     9.380     4.75    2.02
 128065.261     8.877    -1.34    1.75
 128441.141     9.135     0.69    1.72
 128817.026     9.123    -0.03    1.54
 129192.915     8.878    -0.65    1.75
 129568.810     8.721    -0.42    2.15
 129944.710     6.878    -4.90    3.48
 130320.615     5.285    -4.24    3.93
 130696.524     3.904    -3.67    4.56
 131072.439     3.609    -0.78    4.34
 131448.359     4.032     1.12    4.70
 131824.283     5.028     2.65    4.42
 132200.213     5.908     2.34    3.47
 132576.148     6.744     2.22    2.21
 132952.087     7.123     1.01    1.50
 133328.032     6.988    -0.36    1.62
 133703.982     7.417     1.14    1.97
 134079.936     8.744     3.53    4.33
 134455.896    12.519    10.04    7.26
 134831.860    16.288    10.03    7.57
 135207.830    19.690     9.05    6.96
 135583.804    19.929     0.64    8.21
 135959.784    14.904   -13.37   13.44
 136335.768     7.083   -20.80   15.54
 136711.758    -1.753   -23.50   11.97
 137087.753    -6.997   -13.95    5.12
 137463.752    -8.147    -3.06    0.00
 137839.757    -8.147     0.00    0.00
 138215.766    -8.147     0.00    0.00
 138591.781    -8.147     0.00    0.00
 138967.801    -8.147     0.00    0.00
 139343.825    -8.147     0.00    0.00
 139719.855    -8.147     0.00    0.00
 140095.890    -8.147     0.00    0.00
 140471.929    -8.147     0.00    0.00
 140847.974    -8.147     0.00    0.00
 141224.024    -8.147     0.00    0.00
 141600.079    -8.147     0.00    0.00
 141976.139    -8.147     0.00    0.00
 142352.203    -8.147     0.00    0.00
 142728.273    -8.147     0.00    0.00
 143104.348    -8.147     0.00    0.00
 143480.428    -8.147     0.00    0.00
 143856.513    -8.147     0.00    0.00
 144232.603    -8.147     0.00    0.00
 144608.698    -8.147     0.00    0.00
 144984.799    -8.147     0.00    0.00
 145360.904    -8.147     0.00    0.00
 145737.014    -8.147     0.00    0.00
 146113.129    -8.147     0.00    0.00
 146489.250    -8.147     0.00    0.00
 146865.375    -8.147     0.00    0.00
 147241.506    -8.147     0.00    0.00
 147617.641    -8.147     0.00    0.00
 147993.782    -8.147     0.00    0.00
 148369.927    -8.147     0.00    0.00
 148746.078    -8.147     0.00    0.00
 149122.234    -8.147     0.00    0.00
 149498.395    -8.147     0.00    0.00
 149874.561    -8.147     0.00    0.00
 150250.732    -8.147     0.00    0.00
 150626.908    -8.147     0.00    0.00
 151003.089    -8.147     0.00    0.00
 151379.275    -8.147     0.00    0.00
 151755.467    -8.147     0.00    0.00
 152131.663    -8.147     0.00    0.00
 152507.865    -8.147     0.00    0.00
 152884.071    -8.147     0.00    0.00
 153260.283    -8.147     0.00    0.00
 153636.500    -8.147     0.00    0.00
 154012.722    -8.147     0.00    0.00
 154388.949    -8.147     0.00    0.00
 154765.181    -8.147     0.00    0.00
 155141.418    -8.147     0.00    0.00
 155517.660    -8.147     0.00    0.00
 155893.907    -8.147     0.00    0.00
 156270.160    -8.147     0.00    0.00
 156646.417    -8.147     0.00    0.00
 157022.680    -8.147     0.00    0.00
 157398.948    -8.147     0.00    0.00
 157775.221    -8.147     0.00    0.00
 158151.499    -8.147     0.00    0.00
 158527.782    -8.147     0.00    0.00
 158904.070    -8.147     0.00    0.00
 159280.364    -8.147     0.00    0.00
