# NaN NaN NaN ;Mean Elev.(m), Avg Gradient(m/km), RMS Gradient(m/km) - SRTM1     
#   42.511  -2.051   3.888 ;Mean Elev.(m), Avg Gradient(m/km), RMS Gradient(m/km) - ASTER GDEM
#   39.175  -1.246   4.054 ;Mean Elev.(m), Avg Gradient(m/km), RMS Gradient(m/km) - GMTED2010 
  8 292.468275   5.896399    51.926    51.905 10 52499.60677517 49.693
  9 292.465279   5.893205    50.475    50.476 11 52534.60676350 45.703
 10 292.468849   5.897544    45.697    45.668 10 52569.60679244 46.418
 11 292.465125   5.892442    47.011    47.015 11 52604.60677483 33.673
 12 292.465618   5.893409    44.474    44.439 11 52639.60675692 22.777
 13 292.467533   5.896237    41.115    41.120 10 52674.60675148 49.177
 14 292.467253   5.895427    40.700    40.669 10 52709.60676811 34.708
 16 292.466621   5.894367    47.413    47.389 10 52779.60673262 47.670
 17 292.464467   5.892005    49.621    49.621 12 52814.60681686 37.172
 18 292.468149   5.896452    51.847    51.828 10 52849.60686857 49.871
 19 292.463030   5.890251    51.030    50.954 11 52884.60690527 30.164
 20 292.468206   5.896680    49.116    49.095 10 52919.60686026 49.434
 21 292.475812   5.905782    47.790    47.860  7 52954.60682188 48.460
 22 292.478504   5.905626    45.906    46.037  7 52989.60683205 15.117
 23 292.476868   5.904428    43.089    43.265  7 53024.60681229 16.115
 24 292.479280   5.906859    40.547    40.560  7 53059.60681033 49.671
 25 292.458683   5.888174    41.111    41.174 13 53094.60685165 44.584
 26 292.475734   5.903487    44.325    44.231  7 53129.60681983 47.997
 28 292.468079   5.896628    51.125    51.011 10 53199.60689196 29.496
 29 292.478307   5.905799    51.281    51.235  7 53234.60685985 42.729
 30 292.467868   5.895467    49.625    49.606 10 53269.60682705 29.509
 31 292.458877   5.887473    46.865    46.871 12 53304.60689059 17.463
 32 292.466660   5.894890    46.021    45.883 10 53339.60685768 20.054
 33 292.470804   5.899515    43.294    43.360  9 53374.60678817 22.403
 34 292.472435   5.902622    41.610    41.590  8 53409.60683007 43.160
 35 292.467059   5.894074    41.942    41.584 10 53444.60681503 35.437
 36 292.460723   5.889889    44.312    44.327 12 53479.60689499 45.710
 37 292.467663   5.895396    47.977    47.970 10 53514.60690077 23.964
 38 292.460432   5.887653    49.618    49.620 12 53549.60692178 36.741
 39 292.469773   5.898451    49.833    49.929  8 53584.60688180 23.863
 40 292.463184   5.891432    49.640    49.646 12 53619.60683992 45.472
 41 292.466950   5.894733    46.029    45.995 10 53654.60686580 44.310
 42 292.464147   5.892331    46.388    46.343 11 53689.60686127 49.312
 43 292.470418   5.899122    45.740    45.670  8 53724.60678418 20.512
 44 292.477919   5.905029    41.916    42.011  7 53759.60672564 18.339
 45 292.472476   5.900698    42.158    42.286  7 53794.60674540 17.319
 46 292.473917   5.903172    42.726    42.793  7 53829.60672092 43.434
 47 292.464702   5.892468    45.206    45.261 11 53864.60680235 29.230
 48 292.467684   5.895388    49.048    49.013 10 53899.60682721 42.382
 49 292.455467   5.884888    50.786    50.806 14 53934.60687304 25.715
 50 292.461080   5.889493    50.823    50.765 12 53969.60684226 33.282
 51 292.472804   5.902486    48.365    48.367  8 54004.60681348 45.703
 52 292.472925   5.902212    46.730    46.716  7 54039.60684608 19.653
 53 292.469096   5.897591    46.286    46.286 10 54074.60684156 25.747
 54 292.465339   5.892078    44.270    44.248 11 54109.60678717 22.920
 55 292.468317   5.896789    41.164    41.177  9 54144.60677963 37.220
 56 292.466168   5.893979    41.746    41.705 11 54179.60677205 45.241
 57 292.467073   5.895211    44.051    44.039 10 54214.60678740 33.849
 58 292.467519   5.896140    47.402    47.386 10 54249.60681472 32.412
 59 292.469383   5.897929    51.491    51.477  9 54284.60682232 45.362
 60 292.470076   5.898436    51.126    51.127  9 54319.60681948 44.724
 61 292.468790   5.896824    49.895    49.926  9 54354.60678268 43.148
 62 292.469741   5.898949    48.627    48.649  9 54389.60675987 45.685
 63 292.468034   5.896231    46.430    46.542 10 54424.60673304 20.834
 64 292.470118   5.898773    45.026    45.315  9 54459.60673543 18.248
 65 292.469354   5.898272    42.515    41.831  9 54494.60673765 21.336
 66 292.471301   5.899880    41.396    41.377  8 54529.60674799 23.407
 67 292.467413   5.895232    41.325    41.237 10 54564.60674455 42.730
 68 292.468172   5.896170    44.413    44.362 10 54599.60674401 48.375
 69 292.466173   5.893498    48.457    48.477 10 54634.60675745 46.221
 70 292.466505   5.894061    51.711    51.696 10 54669.60676167 28.069
 71 292.470106   5.899706    50.339    50.288  9 54704.60672374 29.142
 72 292.469178   5.898036    48.128    48.142  9 54739.60672391 46.192
 73 292.469816   5.899290    46.564    46.561  9 54774.60670557 40.957
 74 292.468582   5.897171    46.666    46.749  9 54809.60671726 19.945
 75 292.467882   5.895359    44.507    44.654 10 54844.60670457 20.345
 76 292.466314   5.893627    42.908    43.039 10 54879.60672179 22.492
 77 292.464769   5.891544    42.150    42.213 11 54914.60670910 42.294
 79 292.465807   5.894196    44.747    44.674 11 54984.60673875 24.756
 80 292.469299   5.897064    49.372    49.313  9 55019.60673375 32.417
 81 292.469919   5.899576    50.880    50.889  9 55054.60672917 46.599
 82 292.466711   5.894838    48.783    48.787 11 55089.60669065 39.381
 83 292.470001   5.899558    46.412    46.384  9 55124.60666728 45.762
 84 292.466588   5.894276    44.933    44.751 10 55159.60665180 20.795
 85 292.468698   5.897470    42.462    42.200  9 55194.60665757 18.565
 86 292.466088   5.893736    40.856    40.836 10 55229.60665463 34.453
 87 292.469474   5.898799    40.917    40.957  9 55264.60665255 47.624
 88 292.468677   5.897137    42.837    42.552 10 55299.60663571 24.058
 89 292.466796   5.894612    47.655    47.665 11 55334.60663048 32.734
 90 292.469105   5.897820    49.967    49.807  9 55369.60662101 26.354
 91 292.470314   5.899866    51.357    51.377  9 55404.60663744 49.008
 92 292.469961   5.899059    50.825    50.794  9 55439.60663886 32.311
 93 292.468770   5.897041    47.421    47.421 10 55474.60658549 41.149
