# NaN NaN NaN ;Mean Elev.(m), Avg Gradient(m/km), RMS Gradient(m/km) - SRTM1     
#   16.524  -2.651  18.427 ;Mean Elev.(m), Avg Gradient(m/km), RMS Gradient(m/km) - ASTER GDEM
#   26.359  -2.825  19.038 ;Mean Elev.(m), Avg Gradient(m/km), RMS Gradient(m/km) - GMTED2010 
  8    39.163 52492.09938043 54.58 293.163832   7.201982 34.644
  8    39.101 52492.09938108 50.35 293.163102   7.205282 34.644
  8    39.221 52492.09938172 48.90 293.162362   7.208592 34.644
  8    39.079 52492.09938237 51.91 293.161632   7.211892 34.644
  8    39.177 52492.09938301 48.34 293.160892   7.215202 34.644
  8    39.090 52492.09938366 47.58 293.160162   7.218502 34.644
  8    39.030 52492.09938430 50.03 293.159432   7.221812 34.644
  8    38.954 52492.09938495 47.84 293.158698   7.225115 44.199
  8    39.032 52492.09938559 47.94 293.157958   7.228425 44.199
  8    38.999 52492.09938624 46.80 293.157228   7.231725 44.199
 10    36.280 52562.09940976 35.38 293.156030   7.202331 24.153
 10    36.104 52562.09941040 23.11 293.155300   7.205631 24.153
 10    34.960 52562.09941104 22.47 293.154570   7.208941 24.153
 10    35.683 52562.09941169 22.29 293.153830   7.212241 24.153
 10    36.239 52562.09941233 21.39 293.153100   7.215551 24.153
 10    36.635 52562.09941298 25.60 293.152360   7.218851 24.153
 10    36.685 52562.09941362 36.88 293.151630   7.222161 24.153
 12    34.902 52632.09936706 22.10 293.154452   7.201501 22.926
 12    33.137 52632.09936771 16.78 293.153712   7.204811 22.926
 12    32.381 52632.09936835 17.64 293.152982   7.208111 22.926
 12    32.455 52632.09936900 17.20 293.152242   7.211421 22.926
 12    33.253 52632.09936964 16.70 293.151512   7.214721 22.926
 12    33.908 52632.09937028 17.23 293.150782   7.218031 22.926
 13    28.799 52667.09938694 43.92 293.153362   7.200538 20.372
 13    29.654 52667.09938759 35.81 293.152632   7.203838 20.372
 13    28.803 52667.09938823 31.45 293.151892   7.207148 20.372
 13    28.689 52667.09938888 31.97 293.151162   7.210448 20.372
 13    28.716 52667.09938952 38.84 293.150422   7.213758 20.372
 13    28.795 52667.09939016 44.73 293.149692   7.217058 20.372
 14    30.097 52702.09935746 26.10 293.162369   7.200720 26.464
 14    27.879 52702.09935811 34.27 293.161639   7.204020 26.464
 14    28.403 52702.09935875 39.24 293.160899   7.207330 26.464
 14    27.491 52702.09935940 23.97 293.160169   7.210630 26.464
 14    27.704 52702.09936004 28.38 293.159439   7.213940 26.464
 14    27.650 52702.09936069 33.84 293.158699   7.217240 26.464
 14    27.544 52702.09936133 39.85 293.157969   7.220550 26.464
 14    27.701 52702.09936198 49.71 293.157229   7.223850 26.464
 14    28.020 52702.09936262 34.08 293.156499   7.227160 26.464
 14    27.509 52702.09936327 25.85 293.155759   7.230460 26.464
 15    28.299 52737.09940014 34.37 293.156934   7.203935 15.532
 15    28.065 52737.09940078 25.79 293.156204   7.207235 15.532
 15    27.688 52737.09940143 27.10 293.155464   7.210545 15.532
 15    28.135 52737.09940207 25.40 293.154734   7.213845 15.532
 15    28.292 52737.09940272 34.29 293.153994   7.217155 15.532
 15    28.561 52737.09940336 40.72 293.153264   7.220455 15.532
 15    28.543 52737.09940400 27.92 293.152524   7.223765 15.532
 16    33.471 52772.09936841 44.06 293.157893   7.201696 16.195
 16    33.231 52772.09936905 51.26 293.157153   7.205006 16.195
 16    33.126 52772.09936970 52.80 293.156423   7.208306 16.195
 16    33.203 52772.09937034 51.84 293.155693   7.211616 16.195
 16    33.744 52772.09937099 51.63 293.154953   7.214916 16.195
 16    33.149 52772.09937163 49.03 293.154223   7.218226 16.195
 16    33.172 52772.09937228 50.81 293.153485   7.221528 36.711
 16    33.374 52772.09937292 46.52 293.152755   7.224838 36.711
 17    36.970 52807.09942332 41.16 293.152191   7.200974 27.262
 17    36.747 52807.09942397 23.98 293.151451   7.204284 27.262
 17    36.022 52807.09942461 18.19 293.150721   7.207584 27.262
 17    35.631 52807.09942526 20.57 293.149981   7.210894 27.262
 17    35.681 52807.09942590 21.86 293.149251   7.214194 27.262
 17    35.841 52807.09942655 26.15 293.148521   7.217504 27.262
 18    38.709 52842.09948208 48.10 293.154807   7.200821 22.195
 18    38.682 52842.09948272 48.05 293.154078   7.204121 44.078
 18    38.603 52842.09948337 49.90 293.153338   7.207431 44.078
 18    38.523 52842.09948401 51.18 293.152608   7.210731 44.078
 18    38.687 52842.09948466 49.05 293.151868   7.214041 44.078
 18    38.557 52842.09948530 51.01 293.151138   7.217341 44.078
 18    38.624 52842.09948595 50.32 293.150408   7.220651 44.078
 19    39.005 52877.09952077 51.04 293.153410   7.201794 29.838
 19    39.091 52877.09952142 49.77 293.152684   7.205095 47.197
 19    38.955 52877.09952206 52.97 293.151944   7.208405 47.197
 19    39.060 52877.09952271 51.96 293.151214   7.211705 47.197
 19    38.938 52877.09952335 51.36 293.150474   7.215015 47.197
 19    38.979 52877.09952399 52.36 293.149744   7.218315 47.197
 20    37.645 52912.09947885 24.15 293.163431   7.201759 12.190
 20    37.537 52912.09947950 23.15 293.162691   7.205069 12.190
 20    37.312 52912.09948014 23.39 293.161961   7.208369 12.190
 20    37.275 52912.09948079 22.75 293.161231   7.211679 12.190
 20    37.217 52912.09948143 22.84 293.160491   7.214979 12.190
 20    36.894 52912.09948208 23.28 293.159761   7.218289 12.190
 20    37.160 52912.09948272 22.90 293.159022   7.221590 26.753
 20    37.443 52912.09948337 24.41 293.158292   7.224900 26.753
 20    37.614 52912.09948401 31.42 293.157562   7.228200 26.753
 20    37.716 52912.09948465 39.31 293.156822   7.231510 26.753
 21    36.249 52947.09943559 23.36 293.159470   7.201419 26.734
 21    36.265 52947.09943623 20.51 293.158740   7.204719 26.734
 21    35.813 52947.09943688 20.58 293.158000   7.208029 26.734
 21    35.692 52947.09943752 20.86 293.157270   7.211329 26.734
 21    36.113 52947.09943817 20.84 293.156540   7.214639 26.734
 21    36.509 52947.09943881 22.73 293.155800   7.217939 26.734
 21    36.618 52947.09943946 26.22 293.155070   7.221249 26.734
 21    36.624 52947.09944010 34.07 293.154330   7.224549 26.734
 23    32.043 53017.09946881 39.66 293.154649   7.202680 12.796
 23    31.210 53017.09946946 38.74 293.153909   7.205990 12.796
 23    31.363 53017.09947010 40.22 293.153179   7.209290 12.796
 23    31.099 53017.09947075 27.88 293.152449   7.212600 12.796
 23    30.222 53017.09947139 24.52 293.151709   7.215901 29.245
 23    33.517 53017.09947204 23.40 293.150979   7.219211 29.245
 24    28.502 53052.09944791 31.62 293.157373   7.201284  6.945
 24    28.343 53052.09944855 29.26 293.156643   7.204584  6.945
 24    28.100 53052.09944920 22.84 293.155903   7.207894  6.945
 24    27.965 53052.09944984 24.16 293.155174   7.211196 30.373
 24    28.260 53052.09945049 28.07 293.154434   7.214506 30.373
 24    28.380 53052.09945113 38.89 293.153704   7.217806 30.373
 24    28.633 53052.09945178 44.75 293.152964   7.221116 30.373
 25    28.866 53087.09948438 16.21 293.147877   7.200079  4.626
 25    28.468 53087.09948502 17.21 293.147137   7.203379  4.626
 25    28.483 53087.09948566 19.10 293.146407   7.206689  4.626
 25    28.691 53087.09948631 21.61 293.145668   7.209991 26.922
 26    30.993 53122.09945452 43.34 293.153814   7.200364 10.790
 26    32.223 53122.09945516 34.52 293.153084   7.203664 10.790
 26    30.754 53122.09945581 43.34 293.152344   7.206974 10.790
 26    31.429 53122.09945645 38.70 293.151616   7.210274 30.248
 26    30.713 53122.09945710 42.10 293.150876   7.213584 30.248
 26    30.800 53122.09945774 30.31 293.150146   7.216884 30.248
 27    36.927 53157.09951053 35.14 293.148796   7.198655 20.888
 27    36.228 53157.09951118 19.60 293.148066   7.201965 20.888
 27    35.744 53157.09951182 16.64 293.147326   7.205265 20.888
 27    35.149 53157.09951247 16.91 293.146596   7.208575 20.888
 27    34.997 53157.09951311 20.34 293.145856   7.211875 20.888
 28    38.339 53192.09950329 26.91 293.159790   7.201358 27.275
 28    38.059 53192.09950394 21.32 293.159057   7.204661 30.013
 28    37.833 53192.09950458 19.39 293.158317   7.207971 30.013
 28    37.415 53192.09950523 20.32 293.157587   7.211271 30.013
 28    37.727 53192.09950587 20.58 293.156847   7.214581 30.013
 28    37.889 53192.09950652 23.00 293.156117   7.217881 30.013
 28    38.318 53192.09950716 22.72 293.155377   7.221191 30.013
 28    38.350 53192.09950781 30.33 293.154647   7.224491 30.013
 29    38.895 53227.09950431 42.47 293.158907   7.201015 25.794
 29    38.767 53227.09950496 38.12 293.158167   7.204325 25.794
 29    38.755 53227.09950560 40.51 293.157437   7.207625 25.794
 29    38.833 53227.09950625 44.24 293.156707   7.210935 25.794
 29    38.813 53227.09950689 43.74 293.155965   7.214237 41.582
 29    38.808 53227.09950753 43.73 293.155235   7.217547 41.582
 29    38.824 53227.09950818 45.41 293.154505   7.220847 41.582
 29    38.767 53227.09950882 48.06 293.153765   7.224157 41.582
 30    38.444 53262.09947805 49.59 293.152520   7.202011 30.498
 30    38.357 53262.09947869 50.85 293.151790   7.205321 30.498
 30    38.359 53262.09947934 47.35 293.151050   7.208621 30.498
 30    38.407 53262.09947998 52.05 293.150320   7.211931 30.498
 30    38.384 53262.09948063 52.32 293.149583   7.215234 44.082
 30    38.401 53262.09948127 50.18 293.148853   7.218544 44.082
 31    36.832 53297.09951342 19.91 293.146293   7.198620 16.607
 31    36.577 53297.09951407 21.52 293.145553   7.201930 16.607
 31    36.789 53297.09951471 24.85 293.144826   7.205231 39.611
 31    37.073 53297.09951535 30.50 293.144086   7.208541 39.611
 32    34.987 53332.09948579 38.02 293.155254   7.202428 12.452
 32    34.165 53332.09948643 27.50 293.154514   7.205738 12.452
 32    34.199 53332.09948708 21.69 293.153790   7.209039 19.817
 32    34.340 53332.09948772 21.39 293.153050   7.212349 19.817
 32    34.773 53332.09948837 22.03 293.152320   7.215649 19.817
 32    34.697 53332.09948901 21.88 293.151580   7.218959 19.817
 33    32.425 53367.09943076 42.54 293.158941   7.200709  7.812
 33    32.987 53367.09943141 36.39 293.158211   7.204019  7.812
 33    32.177 53367.09943205 32.32 293.157471   7.207319  7.812
 33    32.427 53367.09943270 36.67 293.156741   7.210629  7.812
 33    32.370 53367.09943334 34.14 293.156003   7.213932 23.010
 33    32.336 53367.09943399 36.31 293.155273   7.217242 23.010
 33    32.428 53367.09943463 34.49 293.154543   7.220542 23.010
 33    32.336 53367.09943527 31.33 293.153803   7.223852 23.010
 35    29.217 53437.09944804 33.85 293.157276   7.201462  7.079
 35    29.092 53437.09944868 27.91 293.156536   7.204762  7.079
 35    29.074 53437.09944933 21.86 293.155806   7.208072  7.079
 35    28.616 53437.09944997 23.48 293.155067   7.211374 22.593
 35    28.735 53437.09945062 24.28 293.154337   7.214684 22.593
 35    28.967 53437.09945126 26.81 293.153597   7.217984 22.593
 35    29.048 53437.09945191 30.26 293.152867   7.221294 22.593
 36    29.472 53472.09950020 44.61 293.151741   7.199254  6.534
 36    30.146 53472.09950085 52.52 293.151014   7.202553 36.663
 36    29.271 53472.09950149 47.91 293.150274   7.205863 36.663
 36    29.396 53472.09950214 53.00 293.149544   7.209163 36.663
 36    29.207 53472.09950278 52.48 293.148804   7.212473 36.663
 36    29.688 53472.09950342 48.02 293.148074   7.215773 36.663
 37    36.220 53507.09953118 41.89 293.152639   7.200398  8.399
 37    35.691 53507.09953183 32.77 293.151899   7.203708  8.399
 37    34.973 53507.09953247 33.33 293.151169   7.207008  8.399
 37    34.789 53507.09953312 34.58 293.150429   7.210318  8.399
 37    34.942 53507.09953376 32.68 293.149705   7.213619 28.707
 37    34.862 53507.09953441 38.93 293.148965   7.216929 28.707
 38    37.141 53542.09953829 44.24 293.151737   7.201322 11.569
 38    36.670 53542.09953893 41.88 293.151004   7.204625 20.529
 38    36.743 53542.09953958 39.23 293.150264   7.207935 20.529
 38    36.724 53542.09954022 42.75 293.149534   7.211235 20.529
 38    36.740 53542.09954087 44.16 293.148794   7.214545 20.529
 39    37.353 53577.09952568 50.83 293.153152   7.203011 27.535
 39    37.285 53577.09952633 49.39 293.152422   7.206311 27.535
 39    37.294 53577.09952697 49.83 293.151692   7.209621 27.535
 39    37.260 53577.09952762 51.23 293.150951   7.212924 45.424
 39    37.239 53577.09952826 54.32 293.150221   7.216234 45.424
 39    37.359 53577.09952891 49.72 293.149491   7.219534 45.424
 40    37.887 53612.09947765 27.83 293.153165   7.202202 21.312
 40    37.659 53612.09947830 26.75 293.152425   7.205502 21.312
 40    37.595 53612.09947894 26.84 293.151695   7.208812 21.312
 40    37.718 53612.09947959 27.44 293.150957   7.212114 41.217
 40    37.876 53612.09948023 29.14 293.150227   7.215424 41.217
 40    37.962 53612.09948088 42.57 293.149497   7.218724 41.217
 41    35.875 53647.09948260 30.53 293.155374   7.203336 14.911
 41    35.633 53647.09948324 30.34 293.154634   7.206646 14.911
 41    35.557 53647.09948389 29.76 293.153905   7.209947 24.730
 41    35.636 53647.09948453 30.47 293.153165   7.213257 24.730
 41    35.891 53647.09948518 29.62 293.152435   7.216557 24.730
 41    36.464 53647.09948582 31.34 293.151695   7.219867 24.730
 42    35.144 53682.09949792 40.85 293.149857   7.201271 12.572
 42    34.367 53682.09949856 40.89 293.149127   7.204571 12.572
 42    34.263 53682.09949921 44.86 293.148397   7.207881 12.572
 42    34.405 53682.09949985 39.31 293.147665   7.211183 19.999
 42    34.311 53682.09950049 43.57 293.146925   7.214493 19.999
 43    34.150 53717.09942503 18.20 293.159233   7.200817  9.055
 43    33.653 53717.09942568 17.92 293.158503   7.204127  9.055
 43    33.146 53717.09942632 17.71 293.157763   7.207427  9.055
 43    32.852 53717.09942696 16.91 293.157033   7.210737  9.055
 43    33.084 53717.09942761 15.88 293.156294   7.214039 29.110
 43    33.499 53717.09942825 14.76 293.155564   7.217349 29.110
 43    34.108 53717.09942890 14.35 293.154834   7.220649 29.110
 43    34.468 53717.09942954 15.02 293.154094   7.223959 29.110
 44    30.294 53752.09934428 22.63 293.160879   7.200795  5.776
 44    30.527 53752.09934493 22.22 293.160139   7.204105  5.776
 44    30.236 53752.09934557 25.70 293.159409   7.207405  5.776
 44    30.120 53752.09934622 19.57 293.158669   7.210715  5.776
 44    31.233 53752.09934686 16.67 293.157939   7.214015 27.218
 44    29.951 53752.09934751 18.03 293.157199   7.217325 27.218
 44    32.738 53752.09934815 17.57 293.156469   7.220625 27.218
 44    29.944 53752.09934879 21.06 293.155729   7.223935 27.218
 44    33.474 53752.09934944 18.91 293.154999   7.227235 27.218
 45    30.609 53787.09937447 24.94 293.159604   7.200789  4.912
 45    30.492 53787.09937511 23.10 293.158874   7.204089  4.912
 45    30.501 53787.09937576 23.04 293.158144   7.207399  4.912
 45    30.321 53787.09937640 19.23 293.157402   7.210701 24.868
 45    30.403 53787.09937704 17.86 293.156672   7.214011 24.868
 45    32.126 53787.09937769 18.30 293.155942   7.217311 24.868
 45    32.953 53787.09937833 16.49 293.155202   7.220621 24.868
 45    33.299 53787.09937898 16.71 293.154472   7.223921 24.868
 46    30.658 53822.09932973 30.61 293.158845   7.203759  7.723
 46    30.259 53822.09933038 26.85 293.158105   7.207069  7.723
 46    29.396 53822.09933102 23.35 293.157375   7.210369  7.723
 46    28.944 53822.09933167 23.80 293.156645   7.213679  7.723
 46    29.221 53822.09933231 21.67 293.155905   7.216979  7.723
 46    29.395 53822.09933296 21.97 293.155175   7.220289  7.723
 46    29.446 53822.09933360 23.48 293.154435   7.223589  7.723
 46    32.996 53822.09933425 19.96 293.153705   7.226899  7.723
 47    32.706 53857.09942059 46.65 293.150873   7.201036 17.557
 47    31.718 53857.09942124 50.89 293.150143   7.204336 17.557
 47    32.775 53857.09942188 43.38 293.149403   7.207646 17.557
 47    31.723 53857.09942253 36.45 293.148673   7.210946 17.557
 47    31.780 53857.09942317 48.53 293.147933   7.214256 17.557
 48    35.706 53892.09943332 23.02 293.159831   7.200749  9.821
 48    35.800 53892.09943397 21.20 293.159096   7.204049 23.600
 48    35.543 53892.09943461 22.39 293.158366   7.207359 23.600
 48    35.562 53892.09943525 21.75 293.157636   7.210659 23.600
 48    35.515 53892.09943590 21.36 293.156896   7.213969 23.600
 48    35.593 53892.09943654 21.00 293.156166   7.217269 23.600
 48    35.518 53892.09943719 20.99 293.155426   7.220579 23.600
 48    35.500 53892.09943783 21.38 293.154696   7.223879 23.600
 48    35.214 53892.09943848 25.63 293.153956   7.227189 23.600
 49    37.893 53927.09949391 26.17 293.145474   7.197249 23.290
 49    37.685 53927.09949455 26.01 293.144744   7.200549 23.290
 49    37.995 53927.09949520 27.19 293.144004   7.203859 23.290
 49    38.191 53927.09949584 30.24 293.143274   7.207159 23.290
 50    39.252 53962.09947854 30.02 293.149231   7.199350 25.995
 50    38.874 53962.09947918 29.75 293.148491   7.202660 25.995
 50    38.654 53962.09947983 29.77 293.147761   7.205960 25.995
 50    38.891 53962.09948047 30.73 293.147021   7.209270 25.995
 50    38.922 53962.09948112 34.50 293.146291   7.212570 25.995
 51    37.447 53997.09942249 45.64 293.156441   7.202002 24.037
 51    37.444 53997.09942314 44.37 293.155711   7.205302 24.037
 51    37.320 53997.09942378 46.30 293.154971   7.208612 24.037
 51    37.465 53997.09942443 45.41 293.154231   7.211912 24.037
 51    37.433 53997.09942507 45.29 293.153501   7.215222 24.037
 51    37.385 53997.09942572 46.97 293.152766   7.218522 40.711
 51    37.470 53997.09942636 47.82 293.152036   7.221832 40.711
 52    35.356 54032.09947413 46.60 293.157148   7.201900 18.104
 52    35.536 54032.09947478 46.48 293.156408   7.205200 18.104
 52    35.474 54032.09947542 41.84 293.155678   7.208510 18.104
 52    35.352 54032.09947607 42.39 293.154948   7.211810 18.104
 52    35.488 54032.09947671 45.76 293.154208   7.215120 18.104
 52    35.451 54032.09947736 48.03 293.153478   7.218420 18.104
 52    35.324 54032.09947800 49.21 293.152738   7.221730 18.104
 53    35.236 54067.09946757 47.12 293.157575   7.201994 16.348
 53    35.523 54067.09946821 46.37 293.156845   7.205294 16.348
 53    35.276 54067.09946886 46.65 293.156105   7.208604 16.348
 53    35.275 54067.09946950 45.14 293.155375   7.211904 16.348
 53    35.284 54067.09947015 47.97 293.154635   7.215214 16.348
 53    35.310 54067.09947079 42.14 293.153905   7.218514 16.348
 53    35.279 54067.09947144 47.34 293.153175   7.221824 16.348
 54    33.812 54102.09942845 19.81 293.155358   7.202817  7.488
 54    31.639 54102.09942909 19.51 293.154618   7.206127  7.488
 54    31.682 54102.09942974 17.89 293.153888   7.209427  7.488
 54    32.427 54102.09943038 18.06 293.153148   7.212737  7.488
 54    33.151 54102.09943103 18.20 293.152418   7.216037  7.488
 54    33.680 54102.09943167 18.29 293.151688   7.219347  7.488
 55    29.012 54137.09939640 18.16 293.153893   7.203810 11.982
 55    28.817 54137.09939704 19.45 293.153163   7.207110 11.982
 55    29.185 54137.09939769 19.48 293.152423   7.210420 11.982
 55    29.209 54137.09939833 26.91 293.151693   7.213720 11.982
 55    29.402 54137.09939898 31.99 293.150953   7.217030 11.982
 55    29.393 54137.09939962 34.50 293.150225   7.220332 35.399
 56    27.906 54172.09940531 20.94 293.154934   7.201200 25.331
 56    27.712 54172.09940596 24.00 293.154204   7.204500 25.331
 56    27.600 54172.09940660 22.34 293.153464   7.207810 25.331
 56    27.738 54172.09940725 26.87 293.152734   7.211110 25.331
 56    27.974 54172.09940789 29.42 293.151994   7.214420 25.331
 56    28.067 54172.09940853 35.34 293.151264   7.217720 25.331
 56    29.063 54172.09940918 29.65 293.150534   7.221030 25.331
 57    31.489 54207.09940108 49.36 293.153281   7.202145 27.404
 57    31.567 54207.09940173 43.01 293.152551   7.205445 27.404
 57    31.750 54207.09940237 42.25 293.151821   7.208755 27.404
 57    31.407 54207.09940302 36.63 293.151081   7.212055 27.404
 57    31.514 54207.09940366 38.46 293.150351   7.215365 27.404
 57    31.540 54207.09940431 39.07 293.149611   7.218665 27.404
 58    35.535 54242.09943430 43.13 293.155114   7.203183 23.261
 58    34.239 54242.09943494 33.24 293.154374   7.206493 23.261
 58    34.423 54242.09943559 38.85 293.153644   7.209793 23.261
 58    34.304 54242.09943623 43.35 293.152914   7.213103 23.261
 58    34.464 54242.09943688 27.02 293.152174   7.216403 23.261
 58    33.862 54242.09943752 22.26 293.151444   7.219713 23.261
 59    37.793 54277.09944836 37.07 293.155213   7.201805 30.145
 59    37.020 54277.09944900 22.13 293.154483   7.205105 30.145
 59    36.139 54277.09944965 19.60 293.153743   7.208415 30.145
 59    35.767 54277.09945029 22.08 293.153013   7.211715 30.145
 59    36.101 54277.09945094 23.74 293.152283   7.215025 30.145
 59    36.859 54277.09945158 26.16 293.151543   7.218325 30.145
 59    36.894 54277.09945223 42.15 293.150813   7.221635 30.145
 60    39.326 54312.09944871 41.10 293.156337   7.201919 31.817
 60    38.906 54312.09944935 34.69 293.155597   7.205229 31.817
 60    38.799 54312.09945000 35.51 293.154867   7.208529 31.817
 60    38.585 54312.09945064 34.94 293.154127   7.211839 31.817
 60    38.683 54312.09945129 34.38 293.153397   7.215139 31.817
 60    38.807 54312.09945193 34.60 293.152657   7.218449 31.817
 60    38.783 54312.09945258 41.89 293.151927   7.221749 31.817
 61    38.541 54347.09942139 47.39 293.156615   7.201611 39.210
 61    38.675 54347.09942203 45.58 293.155875   7.204911 39.210
 61    38.503 54347.09942268 41.88 293.155145   7.208221 39.210
 61    38.517 54347.09942332 41.71 293.154415   7.211521 39.210
 61    38.431 54347.09942397 35.82 293.153675   7.214831 39.210
 61    38.493 54347.09942461 32.39 293.152945   7.218131 39.210
 61    38.313 54347.09942526 37.08 293.152205   7.221441 39.210
 62    37.557 54382.09938605 47.71 293.155061   7.203341 38.098
 62    37.465 54382.09938670 49.19 293.154331   7.206641 38.098
 62    37.408 54382.09938734 51.96 293.153591   7.209951 38.098
 62    37.398 54382.09938799 49.74 293.152861   7.213251 38.098
 62    37.333 54382.09938863 50.28 293.152121   7.216561 38.098
 62    37.254 54382.09938927 52.23 293.151391   7.219861 38.098
 63    35.053 54417.09937083 23.64 293.154929   7.204052 23.980
 63    34.986 54417.09937148 18.79 293.154199   7.207362 23.980
 63    35.233 54417.09937212 17.60 293.153459   7.210662 23.980
 63    35.777 54417.09937277 17.89 293.152729   7.213972 23.980
 63    35.936 54417.09937341 18.69 293.151999   7.217272 23.980
 63    35.837 54417.09937406 22.11 293.151259   7.220582 23.980
 64    34.024 54452.09935516 18.88 293.154364   7.202836 21.885
 64    31.549 54452.09935580 17.36 293.153634   7.206136 21.885
 64    33.296 54452.09935645 17.58 293.152894   7.209446 21.885
 64    33.057 54452.09935709 17.60 293.152164   7.212746 21.885
 64    33.804 54452.09935774 16.21 293.151434   7.216056 21.885
 64    34.306 54452.09935838 16.45 293.150694   7.219356 21.885
 65    34.088 54487.09936768 17.15 293.156713   7.202674  7.091
 65    32.977 54487.09936833 16.86 293.155983   7.205974  7.091
 65    32.302 54487.09936897 14.31 293.155243   7.209284  7.091
 65    32.384 54487.09936962 13.49 293.154513   7.212584  7.091
 65    33.179 54487.09937026 12.60 293.153773   7.215894  7.091
 65    33.567 54487.09937091 13.77 293.153043   7.219194  7.091
 65    33.809 54487.09937155 17.76 293.152313   7.222504  7.091
 66    29.863 54522.09936853 19.64 293.155734   7.204236 24.704
 66    28.843 54522.09936917 21.78 293.155004   7.207536 24.704
 66    28.964 54522.09936981 20.45 293.154264   7.210846 24.704
 66    29.242 54522.09937046 21.86 293.153534   7.214146 24.704
 66    29.403 54522.09937110 27.85 293.152794   7.217456 24.704
 66    29.181 54522.09937175 31.94 293.152064   7.220756 24.704
 67    34.324 54557.09937778 19.57 293.155633   7.201331  7.273
 67    28.790 54557.09937842 16.90 293.154894   7.204632 22.395
 67    28.688 54557.09937907 18.21 293.154164   7.207942 22.395
 67    28.923 54557.09937971 19.97 293.153424   7.211242 22.395
 67    28.971 54557.09938036 23.99 293.152694   7.214552 22.395
 67    28.966 54557.09938100 30.67 293.151964   7.217852 22.395
 67    28.918 54557.09938165 30.97 293.151224   7.221162 22.395
 68    31.885 54592.09936489 30.77 293.154166   7.202593 20.417
 68    30.397 54592.09936554 17.15 293.153436   7.205893 20.417
 68    30.788 54592.09936618 14.46 293.152696   7.209203 20.417
 68    31.535 54592.09936683 14.15 293.151966   7.212503 20.417
 68    32.070 54592.09936747 14.21 293.151226   7.215813 20.417
 68    32.605 54592.09936812 14.90 293.150496   7.219113 20.417
 69    34.925 54627.09938051 21.26 293.154459   7.203971 13.710
 69    34.976 54627.09938116 21.24 293.153729   7.207271 13.710
 69    35.019 54627.09938180 20.94 293.152989   7.210581 13.710
 69    34.954 54627.09938244 20.91 293.152259   7.213881 13.710
 69    34.924 54627.09938309 21.19 293.151519   7.217191 13.710
 69    34.523 54627.09938373 23.10 293.150789   7.220491 13.710
 70    38.331 54662.09938770 47.98 293.152874   7.202069 40.671
 70    38.183 54662.09938834 45.31 293.152134   7.205379 40.671
 70    38.282 54662.09938899 44.62 293.151404   7.208679 40.671
 70    38.298 54662.09938963 41.64 293.150664   7.211989 40.671
 70    38.190 54662.09939028 41.75 293.149934   7.215289 40.671
 70    38.060 54662.09939092 48.03 293.149194   7.218599 40.671
 71    39.013 54697.09936347 47.00 293.156711   7.202722 22.120
 71    38.643 54697.09936411 45.58 293.155971   7.206024 34.986
 71    38.678 54697.09936476 46.07 293.155241   7.209334 34.986
 71    38.596 54697.09936540 44.74 293.154501   7.212634 34.986
 71    38.587 54697.09936605 44.96 293.153771   7.215944 34.986
 71    38.537 54697.09936669 46.37 293.153041   7.219244 34.986
 71    38.630 54697.09936734 47.18 293.152301   7.222554 34.986
 72    37.587 54732.09934462 47.88 293.154249   7.203397 43.932
 72    37.277 54732.09934526 47.98 293.153519   7.206697 43.932
 72    37.216 54732.09934591 48.41 293.152779   7.210007 43.932
 72    37.068 54732.09934655 46.93 293.152049   7.213307 43.932
 72    37.213 54732.09934720 41.30 293.151319   7.216617 43.932
 72    37.016 54732.09934784 45.43 293.150579   7.219917 43.932
 73    35.354 54767.09934206 24.04 293.155802   7.202200 12.800
 73    35.227 54767.09934270 21.59 293.155069   7.205502 28.256
 73    35.038 54767.09934334 20.74 293.154329   7.208812 28.256
 73    35.120 54767.09934399 20.49 293.153599   7.212112 28.256
 73    35.384 54767.09934463 19.55 293.152859   7.215422 28.256
 73    35.638 54767.09934528 20.24 293.152129   7.218722 28.256
 73    35.741 54767.09934592 24.24 293.151389   7.222032 28.256
 74    35.461 54802.09933742 30.37 293.153812   7.201000 24.995
 74    34.802 54802.09933806 22.19 293.153072   7.204310 24.995
 74    34.664 54802.09933871 18.75 293.152342   7.207610 24.995
 74    34.651 54802.09933935 18.85 293.151602   7.210920 24.995
 74    34.785 54802.09934000 18.44 293.150872   7.214220 24.995
 74    34.923 54802.09934064 19.44 293.150142   7.217530 24.995
 75    34.355 54837.09933525 15.74 293.154915   7.203766 22.044
 75    31.258 54837.09933590 17.31 293.154175   7.207076 22.044
 75    32.899 54837.09933654 14.05 293.153445   7.210376 22.044
 75    33.065 54837.09933719 14.18 293.152705   7.213686 22.044
 75    33.587 54837.09933783 14.42 293.151975   7.216986 22.044
 75    34.056 54837.09933848 17.87 293.151235   7.220296 22.044
 76    31.929 54872.09933660 24.34 293.154453   7.202241 21.911
 76    30.701 54872.09933724 16.66 293.153723   7.205541 21.911
 76    31.544 54872.09933789 16.19 293.152983   7.208851 21.911
 76    32.370 54872.09933853 15.49 293.152253   7.212151 21.911
 76    33.173 54872.09933917 14.71 293.151523   7.215461 21.911
 76    33.595 54872.09933982 16.03 293.150783   7.218761 21.911
 77    35.097 54907.09934211 19.71 293.154063   7.202036  8.337
 77    29.021 54907.09934276 18.82 293.153325   7.205337 23.251
 77    29.114 54907.09934340 20.58 293.152595   7.208647 23.251
 77    29.124 54907.09934405 24.88 293.151865   7.211947 23.251
 77    29.359 54907.09934469 30.85 293.151125   7.215257 23.251
 77    29.525 54907.09934534 35.65 293.150395   7.218557 23.251
 78    30.500 54942.09932992 16.30 293.153115   7.203675 26.778
 78    30.475 54942.09933057 17.03 293.152375   7.206985 26.778
 78    31.245 54942.09933121 17.19 293.151645   7.210285 26.778
 78    31.967 54942.09933186 18.38 293.150915   7.213595 26.778
 78    30.531 54942.09933250 32.28 293.150175   7.216895 26.778
 79    33.991 54977.09935773 38.13 293.153741   7.202388 16.310
 79    32.613 54977.09935838 26.69 293.153011   7.205688 16.310
 79    32.175 54977.09935902 24.84 293.152271   7.208998 16.310
 79    31.901 54977.09935966 23.67 293.151541   7.212298 16.310
 79    31.794 54977.09936031 24.50 293.150801   7.215608 16.310
 79    32.256 54977.09936095 24.06 293.150071   7.218908 16.310
 80    35.149 55012.09936573  6.13 293.154302   7.203484  5.580
 80    34.689 55012.09936637  4.58 293.153572   7.206794  5.580
 80    33.582 55012.09936702  3.99 293.152842   7.210094  5.580
 80    32.349 55012.09936766  4.01 293.152102   7.213404  5.580
 80    31.130 55012.09936831  3.42 293.151372   7.216704  5.580
 80    34.226 55012.09936895  3.32 293.150632   7.220014  5.580
 81    38.332 55047.09935764 53.17 293.155357   7.202576 41.695
 81    38.201 55047.09935828 49.31 293.154617   7.205886 41.695
 81    38.152 55047.09935893 49.05 293.153887   7.209186 41.695
 81    38.196 55047.09935957 44.30 293.153147   7.212496 41.695
 81    38.253 55047.09936022 41.64 293.152417   7.215796 41.695
 81    38.147 55047.09936086 37.92 293.151677   7.219106 41.695
 82    37.820 55082.09932970 47.97 293.156016   7.202172 18.462
 82    37.687 55082.09933034 46.01 293.155278   7.205475 40.401
 82    37.619 55082.09933099 46.11 293.154548   7.208785 40.401
 82    37.795 55082.09933163 45.53 293.153818   7.212085 40.401
 82    37.672 55082.09933228 47.32 293.153078   7.215395 40.401
 82    37.542 55082.09933292 48.62 293.152348   7.218695 40.401
 82    37.690 55082.09933357 47.37 293.151608   7.222005 40.401
 83    35.033 55117.09928936 21.79 293.155479   7.202530 23.546
 83    34.881 55117.09929001 15.15 293.154739   7.205840 23.546
 83    34.926 55117.09929065 15.78 293.154009   7.209140 23.546
 83    35.481 55117.09929130 16.14 293.153269   7.212450 23.546
 83    35.672 55117.09929194 17.80 293.152539   7.215750 23.546
 83    35.363 55117.09929259 21.39 293.151799   7.219060 23.546
 84    33.564 55152.09928702 39.97 293.154388   7.202479  8.567
 84    32.460 55152.09928767 30.75 293.153658   7.205789  8.567
 84    32.350 55152.09928831 38.53 293.152926   7.209089 25.927
 84    32.583 55152.09928896 35.10 293.152186   7.212399 25.927
 84    32.306 55152.09928960 24.63 293.151456   7.215699 25.927
 84    32.348 55152.09929025 34.49 293.150716   7.219009 25.927
 85    22.149 55187.09927639 21.27 293.153624   7.202886 26.009
 85    29.115 55187.09927704 17.91 293.152894   7.206186 26.009
 85    29.481 55187.09927768 20.48 293.152154   7.209496 26.009
 85    29.812 55187.09927833 24.90 293.151424   7.212796 26.009
 85    29.877 55187.09927897 32.95 293.150694   7.216106 26.009
 85    30.118 55187.09927962 37.40 293.149954   7.219406 26.009
 86    28.007 55222.09928615 21.32 293.154386   7.203596 23.715
 86    27.702 55222.09928680 23.07 293.153656   7.206906 23.715
 86    27.858 55222.09928744 24.10 293.152926   7.210206 23.715
 86    28.162 55222.09928809 28.46 293.152186   7.213516 23.715
 86    28.257 55222.09928873 30.29 293.151456   7.216816 23.715
 86    29.716 55222.09928937 28.14 293.150716   7.220126 23.715
 87    27.366 55257.09927166 22.56 293.155923   7.201714 19.496
 87    27.072 55257.09927231 21.63 293.155183   7.205024 19.496
 87    26.997 55257.09927295 22.02 293.154453   7.208324 19.496
 87    27.426 55257.09927360 23.57 293.153713   7.211634 19.496
 87    27.365 55257.09927424 32.55 293.152983   7.214934 19.496
 87    27.212 55257.09927489 29.06 293.152243   7.218244 19.496
 87    27.481 55257.09927553 23.66 293.151513   7.221544 19.496
 88    28.184 55292.09927409 48.36 293.155056   7.202694  8.712
 88    28.509 55292.09927473 52.01 293.154318   7.205994 29.134
 88    28.197 55292.09927538 51.04 293.153588   7.209304 29.134
 88    28.215 55292.09927602 51.16 293.152848   7.212604 29.134
 88    28.196 55292.09927666 48.29 293.152118   7.215914 29.134
 88    28.076 55292.09927731 29.28 293.151388   7.219214 29.134
 89    34.301 55327.09925671 51.51 293.153081   7.200743 33.742
 89    34.269 55327.09925735 48.81 293.152341   7.204053 33.742
 89    34.236 55327.09925800 51.50 293.151611   7.207353 33.742
 89    34.363 55327.09925864 47.52 293.150871   7.210663 33.742
 89    34.302 55327.09925929 44.19 293.150141   7.213963 33.742
 89    34.240 55327.09925993 48.09 293.149401   7.217273 33.742
 90    37.389 55362.09925284 54.10 293.154872   7.202947 34.666
 90    37.667 55362.09925348 50.78 293.154142   7.206257 34.666
 90    37.508 55362.09925413 49.81 293.153412   7.209557 34.666
 90    37.433 55362.09925477 50.00 293.152672   7.212867 34.666
 90    37.432 55362.09925542 52.25 293.151942   7.216167 34.666
 90    37.269 55362.09925606 52.70 293.151202   7.219477 34.666
 91    38.645 55397.09925978 49.26 293.154493   7.201044 48.021
 91    38.723 55397.09926042 50.91 293.153753   7.204354 48.021
 91    38.719 55397.09926107 49.64 293.153023   7.207654 48.021
 91    38.642 55397.09926171 52.38 293.152283   7.210964 48.021
 91    38.729 55397.09926235 51.51 293.151553   7.214264 48.021
 91    38.597 55397.09926300 52.46 293.150813   7.217574 48.021
 92    39.051 55432.09926798 51.34 293.156773   7.202218 29.081
 92    39.008 55432.09926862 50.11 293.156040   7.205519 45.738
 92    38.953 55432.09926927 51.80 293.155300   7.208829 45.738
 92    39.036 55432.09926991 50.48 293.154570   7.212129 45.738
 92    38.952 55432.09927056 53.30 293.153830   7.215439 45.738
 92    38.961 55432.09927120 51.18 293.153100   7.218739 45.738
 92    39.032 55432.09927185 50.29 293.152360   7.222049 45.738
 93    36.958 55467.09922746 36.35 293.157094   7.203232 19.430
 93    37.017 55467.09922811 37.39 293.156358   7.206536 34.103
 93    37.104 55467.09922875 39.43 293.155628   7.209846 34.103
 93    37.274 55467.09922940 33.53 293.154888   7.213146 34.103
 93    36.632 55467.09923004 32.33 293.154158   7.216456 34.103
 93    36.928 55467.09923069 34.00 293.153428   7.219756 34.103
 93    37.084 55467.09923133 40.60 293.152688   7.223066 34.103
