# NaN NaN NaN ;Mean Elev.(m), Avg Gradient(m/km), RMS Gradient(m/km) - SRTM1     
#   29.349  -2.096   6.000 ;Mean Elev.(m), Avg Gradient(m/km), RMS Gradient(m/km) - ASTER GDEM
#   15.432  -3.011   5.355 ;Mean Elev.(m), Avg Gradient(m/km), RMS Gradient(m/km) - GMTED2010 
  7 295.019494   7.705921    26.386    26.782 11 52477.60045790 29.978
  8 295.030711   7.695358    27.317    27.406 11 52512.60040208 29.484
  9 295.023497   7.702263    25.001    25.244 11 52547.60044027 28.153
 10 295.025261   7.699108    21.137    21.124 10 52582.60044763 43.196
 11 295.019586   7.703270    21.282    21.015 10 52617.60042009 16.002
 12 295.031049   7.694904    16.961    16.796 11 52652.60039579 19.327
 13 295.024371   7.698101    16.946    17.123 10 52687.60039330 20.936
 14 295.023428   7.700978    16.583    16.145 10 52722.60044022 22.122
 15 295.013985   7.713850    17.871    17.919 10 52757.60045971 19.918
 17 295.027681   7.696003    23.124    23.382 11 52827.60048248 23.263
 18 295.029082   7.695500    26.475    26.635 10 52862.60052778 25.096
 19 295.022135   7.703634    26.711    26.555 10 52897.60055618 26.959
 20 295.020447   7.704066    24.507    24.593 10 52932.60050253 26.249
 21 295.025312   7.698768    22.784    22.686 11 52967.60050854 20.388
 22 295.018247   7.708209    20.942    20.932 11 53002.60053190 17.849
 23 295.020198   7.705352    16.713    16.020 11 53037.60048150 22.421
 24 295.020926   7.696535    15.647    16.113  7 53072.60050886 22.813
 25 295.020002   7.705383    16.946    16.655 10 53107.60048194 21.160
 26 295.025159   7.707785    20.847    20.991  7 53142.60051504 43.492
 27 295.025067   7.699870    24.099    23.923 11 53177.60054006 25.644
 28 295.020775   7.697671    27.530    27.635  7 53212.60056090 26.728
 29 295.023923   7.700493    27.021    27.112 11 53247.60052898 30.040
 30 295.021511   7.703035    25.769    25.775 11 53282.60051831 25.321
 31 295.026146   7.697921    22.315    22.086 11 53317.60052184 18.895
 32 295.027102   7.696720    19.848    19.691 10 53352.60048786 17.779
 33 295.023898   7.701840    16.717    16.689 11 53387.60047988 49.255
 34 295.029467   7.696257    17.524    17.296 11 53422.60048204 20.082
 35 295.028139   7.697033    15.455    14.847 11 53457.60048709 25.621
 36 295.019096   7.712589    20.536    20.557  7 53492.60056936 46.803
 37 295.027754   7.697001    22.282    22.297 10 53527.60055165 14.305
 38 295.017950   7.705929    24.774    24.822  9 53562.60057988 47.101
 39 295.026756   7.697894    25.157    25.083 10 53597.60052090 23.592
 40 295.022336   7.710434    25.177    25.091  6 53632.60051395 41.571
 41 295.020032   7.705011    21.945    21.918 11 53667.60053754 18.814
 42 295.027121   7.697458    21.503    21.422 11 53702.60048428 17.595
 44 295.028633   7.694387    18.621    18.038 11 53772.60040526 17.818
 47 295.026473   7.697717    21.126    21.132 11 53877.60046156 18.418
 48 295.019102   7.707218    23.463    23.491 11 53912.60051160 26.041
 49 295.015785   7.705343    26.882    27.308  9 53947.60052725 30.312
 50 295.022577   7.702774    27.052    27.209 11 53982.60047012 28.430
 51 295.025965   7.698515    23.515    23.416 10 54017.60049808 23.914
 52 295.030641   7.692642    21.721    21.667 11 54052.60049473 20.156
 53 295.024739   7.700162    20.453    20.264 11 54087.60048509 17.824
 54 295.023159   7.702258    17.213    16.604 10 54122.60040805 19.703
 55 295.022175   7.695548    17.551    17.838  8 54157.60044816 21.322
 56 295.023505   7.701967    15.806    15.798 10 54192.60040781 24.407
 57 295.024072   7.701430    19.365    18.808 11 54227.60045812 15.065
 58 295.024478   7.699260    21.924    21.788 10 54262.60047780 18.425
 59 295.024620   7.700317    24.835    24.884 10 54297.60048292 25.295
 60 295.025159   7.699924    26.726    26.651 10 54332.60047284 34.069
 62 295.024676   7.700479    22.992    22.952 11 54402.60041598 26.583
 63 295.022863   7.701097    20.925    20.846 11 54437.60037300 23.695
 64 295.026063   7.697624    20.175    20.554 11 54472.60040175 17.641
 65 295.023832   7.701361    16.538    16.011 10 54507.60038421 30.232
 66 295.025345   7.700086    16.647    16.058 11 54542.60041564 22.590
 67 295.023595   7.700970    16.389    15.838 11 54577.60038609 23.904
 68 295.024721   7.698896    19.452    19.551 11 54612.60040681 20.551
 69 295.023729   7.700718    22.710    22.750 10 54647.60041363 17.055
 70 295.024111   7.701319    25.907    26.085 10 54682.60041379 28.163
 71 295.024216   7.700038    25.515    25.583 10 54717.60036205 27.766
 72 295.024008   7.700449    23.419    23.436 11 54752.60038695 25.306
 73 295.023556   7.701468    22.222    22.087 11 54787.60035242 19.374
 74 295.025105   7.699934    20.948    20.549 11 54822.60038085 21.179
 75 295.024299   7.700197    18.670    17.781 10 54857.60034864 26.545
 76 295.022550   7.701239    16.896    16.768 11 54892.60038389 25.904
 77 295.020343   7.694028    18.003    17.871  6 54927.60034734 22.698
 78 295.023734   7.701366    21.191    21.191  2 54962.60038228 15.575
 79 295.021965   7.702204    20.477    20.386 11 54997.60040356 16.698
 80 295.023300   7.700725    23.837    23.591 11 55032.60039314 25.370
 81 295.024734   7.700857    24.710    24.818 11 55067.60038146 30.224
 82 295.022345   7.703504    23.114    22.958 11 55102.60032081 27.040
 83 295.024451   7.700515    21.062    20.862 10 55137.60032865 26.027
 84 295.023772   7.700660    18.813    17.779 10 55172.60028965 26.740
 85 295.024544   7.700914    16.950    16.483 10 55207.60032271 26.200
 86 295.020431   7.692007    18.572    19.644  5 55242.60029655 20.986
 87 295.021456   7.691646    17.268    17.402  5 55277.60031803 17.490
 88 295.023830   7.701193    19.680    19.608 11 55312.60027930 18.498
 89 295.024703   7.700375    22.530    22.502 11 55347.60028665 48.120
 90 295.023788   7.701442    26.268    26.461 10 55382.60027741 28.105
 91 295.025145   7.700406    27.129    27.432 11 55417.60030532 29.767
 92 295.024401   7.699781    26.196    26.385 11 55452.60028729 31.705
 93 295.024236   7.699464    22.859    22.643 11 55487.60020965 21.435
