# NaN NaN NaN ;Mean Elev.(m), Avg Gradient(m/km), RMS Gradient(m/km) - SRTM1     
#   13.772  -0.225   2.808 ;Mean Elev.(m), Avg Gradient(m/km), RMS Gradient(m/km) - ASTER GDEM
#   21.000  -0.049   2.330 ;Mean Elev.(m), Avg Gradient(m/km), RMS Gradient(m/km) - GMTED2010 
  9 293.564750   7.582661    33.935    33.741  5 52515.60442181 23.925
 11 293.568556   7.582555    30.365    30.366  3 52585.60444237 17.139
 15 293.560862   7.578906    24.574    24.702  3 52725.60445336 20.444
 17 293.566751   7.583087    31.406    31.393  4 52795.60442660 23.557
 18 293.568254   7.582822    31.863    31.801  3 52830.60449327 23.431
 19 293.569862   7.583058    35.544    35.527  3 52865.60453716 31.915
 22 293.558904   7.577465    31.560    31.560  2 52970.60453065 19.657
 28 293.564233   7.582215    32.669    32.679  6 53180.60455015 24.804
 32 293.568658   7.582176    30.849    30.825  3 53320.60452223 19.277
 33 293.566147   7.582672    28.895    28.899  5 53355.60449113 20.880
 34 293.558923   7.577161    26.613    26.613  2 53390.60450208 16.001
 35 293.565334   7.582572    25.891    25.940  5 53425.60449818 16.126
 36 293.566310   7.581848    24.829    24.771  4 53460.60450606 19.945
 38 293.565844   7.582199    32.076    32.075  4 53530.60456444 42.392
 40 293.561659   7.578995    34.348    34.357  3 53600.60453617 33.399
 43 293.567319   7.584211    30.164    30.247  4 53705.60448731 18.536
 44 293.564122   7.583149    26.707    26.676  6 53740.60439996 19.406
 45 293.566430   7.582418    27.301    27.286  4 53775.60442147 14.859
 46 293.562732   7.582345    26.039    26.173  5 53810.60440266 16.048
 48 293.565251   7.582722    31.082    31.061  5 53880.60447412 32.963
 52 293.561538   7.578759    32.362    32.370  3 54020.60451686 18.422
 53 293.569114   7.581662    30.348    30.284  3 54055.60450785 20.220
 54 293.560662   7.578747    29.194    29.194  2 54090.60449525 16.198
 55 293.563249   7.583984    25.951    25.906  6 54125.60442268 19.257
 56 293.558639   7.577654    24.210    24.210  2 54160.60446301 20.395
 57 293.561303   7.579097    24.759    24.759  2 54195.60442561 22.117
 58 293.560646   7.579156    28.132    28.132  2 54230.60447464 17.570
 59 293.561300   7.579671    32.017    32.011  3 54265.60449232 24.501
 60 293.561402   7.578061    35.312    35.311  3 54300.60449740 35.867
 61 293.560572   7.578431    34.986    34.986  2 54335.60448589 36.641
 63 293.559556   7.579020    32.792    32.792  2 54405.60443053 26.516
 64 293.562950   7.583239    29.470    29.499  5 54440.60438707 20.303
 65 293.562230   7.580415    27.626    27.531  4 54475.60441748 14.949
 66 293.561688   7.578714    24.880    24.870  3 54510.60440310 21.681
 67 293.560568   7.578982    25.101    25.164  3 54545.60443187 18.251
 68 293.563457   7.583818    25.373    25.384  5 54580.60439704 45.198
 69 293.561713   7.579332    29.072    29.072  2 54615.60442110 19.430
 71 293.559859   7.579077    35.439    35.439  2 54685.60442683 25.974
 72 293.563239   7.582612    34.823    34.833  6 54720.60437718 39.884
 73 293.559352   7.576789    32.353    32.353  2 54755.60440234 24.598
 74 293.559791   7.577886    30.895    30.895  2 54790.60437197 31.950
 75 293.560875   7.578184    29.676    29.297  3 54825.60439788 16.642
 76 293.563008   7.583227    26.439    26.462  6 54860.60436435 21.989
 78 293.559424   7.578056    26.307    26.307  2 54930.60436284 16.663
 79 293.559433   7.576693    28.416    28.416  2 54965.60439938 17.815
 81 293.561363   7.577766    33.419    33.446  3 55035.60440490 23.549
 82 293.559734   7.578044    34.535    34.535  2 55070.60439436 33.509
 83 293.559678   7.578148    32.318    32.318  2 55105.60433730 28.089
 85 293.563678   7.583907    26.955    26.965  5 55175.60430355 18.383
 86 293.560243   7.579176    25.114    25.114  2 55210.60433840 20.583
 87 293.560368   7.578905    24.054    24.054  2 55245.60431070 21.924
 88 293.559020   7.577934    24.533    24.533  2 55280.60433194 22.115
 89 293.559243   7.577531    29.272    29.272  2 55315.60429803 21.351
 90 293.560315   7.579893    32.504    32.504  2 55350.60430341 26.498
 92 293.561172   7.578346    35.771    35.825  3 55420.60432169 28.820
 93 293.559669   7.576907    34.866    34.866  2 55455.60429866 23.713
 94 293.560681   7.578981    31.208    31.208  2 55490.60421642 23.504
