# NaN NaN NaN ;Mean Elev.(m), Avg Gradient(m/km), RMS Gradient(m/km) - SRTM1     
#   49.753  -2.665  16.844 ;Mean Elev.(m), Avg Gradient(m/km), RMS Gradient(m/km) - ASTER GDEM
#   54.972  -2.296  15.358 ;Mean Elev.(m), Avg Gradient(m/km), RMS Gradient(m/km) - GMTED2010 
  8    66.712 52499.60684770 39.02 292.386034   5.524506 22.102
  8    66.561 52499.60684834 34.94 292.385304   5.521206 22.102
  8    66.359 52499.60684899 34.29 292.384574   5.517896 22.102
  8    66.375 52499.60684963 32.61 292.383844   5.514596 22.102
  8    66.604 52499.60685028 32.72 292.383114   5.511286 22.102
  8    67.080 52499.60685092 34.08 292.382384   5.507976 22.102
  9    66.159 52534.60683506 44.39 292.384065   5.526282 19.210
  9    65.746 52534.60683570 43.02 292.383335   5.522982 19.210
  9    65.715 52534.60683634 41.80 292.382605   5.519672 19.210
  9    65.630 52534.60683699 36.12 292.381875   5.516362 19.210
  9    65.359 52534.60683763 35.94 292.381135   5.513062 19.210
  9    65.676 52534.60683828 35.65 292.380405   5.509752 19.210
  9    66.040 52534.60683892 35.62 292.379675   5.506452 19.210
 10    61.546 52569.60686497 40.89 292.386572   5.525657 35.621
 10    61.500 52569.60686561 46.55 292.385842   5.522357 35.621
 10    61.519 52569.60686626 49.79 292.385112   5.519047 35.621
 10    61.516 52569.60686690 43.05 292.384382   5.515747 35.621
 10    61.586 52569.60686755 42.36 292.383652   5.512437 35.621
 10    61.503 52569.60686819 43.53 292.382922   5.509127 35.621
 11    63.228 52604.60684639 43.76 292.383982   5.525505 28.187
 11    63.164 52604.60684703 47.20 292.383252   5.522205 28.187
 11    63.188 52604.60684768 41.43 292.382522   5.518895 28.187
 11    63.020 52604.60684832 36.88 292.381792   5.515585 28.187
 11    62.918 52604.60684897 36.62 292.381062   5.512285 28.187
 11    63.182 52604.60684961 39.82 292.380322   5.508975 28.187
 12    59.449 52639.60682848 48.44 292.384423   5.526482 21.050
 12    60.059 52639.60682913 41.50 292.383693   5.523172 21.050
 12    59.416 52639.60682977 42.55 292.382963   5.519872 21.050
 12    59.403 52639.60683042 43.87 292.382233   5.516562 21.050
 12    59.413 52639.60683106 42.92 292.381503   5.513262 21.050
 12    59.327 52639.60683171 41.61 292.380773   5.509952 21.050
 12    59.400 52639.60683235 39.40 292.380033   5.506652 21.050
 13    54.997 52674.60682400 46.90 292.385294   5.524348 33.118
 13    55.231 52674.60682465 49.08 292.384564   5.521038 33.118
 13    55.049 52674.60682529 43.83 292.383834   5.517738 33.118
 13    55.141 52674.60682594 44.55 292.383094   5.514428 33.118
 13    55.239 52674.60682658 43.43 292.382364   5.511128 33.118
 13    55.285 52674.60682723 40.89 292.381634   5.507818 33.118
 14    54.466 52709.60684064 49.95 292.384972   5.523548 23.254
 14    55.389 52709.60684128 50.48 292.384242   5.520248 23.254
 14    54.482 52709.60684193 47.55 292.383512   5.516938 23.254
 14    54.537 52709.60684257 47.84 292.382772   5.513638 23.254
 14    54.602 52709.60684322 46.64 292.382041   5.510326 38.649
 14    54.736 52709.60684386 42.24 292.381311   5.507026 38.649
 16    63.808 52779.60680450 41.77 292.385050   5.525795 20.037
 16    63.897 52779.60680515 44.50 292.384320   5.522485 20.037
 16    63.891 52779.60680579 41.59 292.383590   5.519175 20.037
 16    63.684 52779.60680644 36.37 292.382860   5.515875 20.037
 16    63.448 52779.60680708 35.74 292.382130   5.512565 20.037
 16    63.773 52779.60680773 36.66 292.381400   5.509265 20.037
 17    65.574 52814.60688810 45.68 292.383631   5.526740 18.647
 17    65.576 52814.60688874 42.16 292.382901   5.523430 18.647
 17    65.294 52814.60688939 38.96 292.382171   5.520120 18.647
 17    65.270 52814.60689003 33.88 292.381441   5.516820 18.647
 17    65.028 52814.60689068 32.76 292.380701   5.513510 18.647
 17    65.257 52814.60689132 33.87 292.379971   5.510210 18.647
 17    65.507 52814.60689197 33.61 292.379247   5.506897 19.653
 18    66.754 52849.60694110 40.52 292.385860   5.524570 22.579
 18    66.638 52849.60694174 39.13 292.385130   5.521260 22.579
 18    66.528 52849.60694239 37.31 292.384400   5.517960 22.579
 18    66.473 52849.60694303 34.17 292.383670   5.514650 22.579
 18    66.546 52849.60694368 33.36 292.382940   5.511350 22.579
 18    66.993 52849.60694432 32.74 292.382210   5.508040 22.579
 19    66.535 52884.60697618 50.59 292.382596   5.526630 25.056
 19    66.416 52884.60697683 47.12 292.381866   5.523320 25.056
 19    66.494 52884.60697747 46.42 292.381136   5.520010 25.056
 19    66.492 52884.60697812 42.38 292.380406   5.516710 25.056
 19    66.284 52884.60697876 37.20 292.379676   5.513400 25.056
 19    66.334 52884.60697941 34.94 292.378946   5.510100 25.056
 19    66.477 52884.60698005 33.64 292.378216   5.506790 25.056
 20    64.587 52919.60693278 40.89 292.385965   5.524792 19.579
 20    64.525 52919.60693343 40.38 292.385235   5.521482 19.579
 20    64.411 52919.60693407 37.20 292.384505   5.518182 19.579
 20    64.137 52919.60693472 35.14 292.383775   5.514872 19.579
 20    64.403 52919.60693536 33.66 292.383045   5.511562 19.579
 20    64.816 52919.60693601 35.25 292.382315   5.508262 19.579
 21    62.906 52954.60689473 41.21 292.393147   5.532244 20.959
 21    63.054 52954.60689537 41.22 292.392417   5.528944 20.959
 21    63.067 52954.60689602 40.96 292.391687   5.525634 20.959
 21    63.235 52954.60689666 42.44 292.390957   5.522334 20.959
 21    63.254 52954.60689730 44.92 292.390227   5.519024 20.959
 22    60.962 52989.60690490 45.53 292.395868   5.532084 24.402
 22    60.967 52989.60690554 45.74 292.395138   5.528784 24.402
 22    61.170 52989.60690619 48.43 292.394408   5.525474 24.402
 22    61.246 52989.60690683 46.09 292.393678   5.522174 24.402
 22    61.146 52989.60690748 44.16 292.392948   5.518864 24.402
 23    57.739 53024.60688514 39.63 292.394261   5.530882 25.728
 23    57.592 53024.60688578 35.95 292.393531   5.527572 25.728
 23    57.520 53024.60688643 32.02 292.392801   5.524272 25.728
 23    57.802 53024.60688707 31.36 292.392071   5.520962 25.728
 23    57.765 53024.60688771 36.90 292.391341   5.517652 25.728
 24    54.135 53059.60688318 51.38 292.396646   5.533321 35.486
 24    54.208 53059.60688383 48.39 292.395916   5.530021 35.486
 24    54.384 53059.60688447 47.36 292.395176   5.526711 35.486
 24    54.370 53059.60688512 47.64 292.394446   5.523411 35.486
 24    54.337 53059.60688576 44.64 292.393716   5.520101 35.486
 25    55.466 53094.60692192 43.44 292.379015   5.527848 27.365
 25    55.272 53094.60692256 48.27 292.378275   5.524538 27.365
 25    55.275 53094.60692321 49.99 292.377545   5.521238 27.365
 25    55.646 53094.60692385 40.44 292.376815   5.517928 27.365
 25    55.723 53094.60692449 37.89 292.376085   5.514628 27.365
 25    55.658 53094.60692514 37.22 292.375355   5.511318 27.365
 25    56.020 53094.60692578 34.70 292.374625   5.508008 27.365
 26    60.158 53129.60689203 48.68 292.393816   5.533247 30.484
 26    60.381 53129.60689267 48.32 292.393086   5.529947 30.484
 26    60.417 53129.60689332 50.16 292.392356   5.526637 30.484
 26    60.437 53129.60689396 48.74 292.391616   5.523327 30.484
 26    60.472 53129.60689461 50.72 292.390886   5.520027 30.484
 28    66.141 53199.60696449 40.42 292.385814   5.524741 20.513
 28    66.034 53199.60696513 40.14 292.385084   5.521441 20.513
 28    65.895 53199.60696578 36.50 292.384354   5.518131 20.513
 28    65.714 53199.60696642 35.06 292.383624   5.514831 20.513
 28    65.933 53199.60696707 34.04 292.382894   5.511521 20.513
 28    66.380 53199.60696771 34.20 292.382164   5.508221 20.513
 29    65.598 53234.60693270 34.78 292.395700   5.532254 20.887
 29    65.691 53234.60693335 36.10 292.394970   5.528944 20.887
 29    65.741 53234.60693399 34.28 292.394230   5.525644 20.887
 29    65.921 53234.60693464 33.59 292.393500   5.522334 20.887
 29    66.091 53234.60693528 34.61 292.392770   5.519034 20.887
 30    65.345 53269.60689958 40.26 292.385561   5.523580 21.372
 30    65.099 53269.60690022 38.60 292.384831   5.520280 21.372
 30    65.091 53269.60690087 33.40 292.384101   5.516970 21.372
 30    64.794 53269.60690151 33.13 292.383361   5.513670 21.372
 30    65.159 53269.60690216 32.64 292.382631   5.510360 21.372
 30    65.656 53269.60690280 35.34 292.381901   5.507060 21.372
 31    63.290 53304.60696118 40.54 292.378786   5.525505 24.895
 31    62.855 53304.60696182 30.71 292.378056   5.522205 24.895
 31    62.933 53304.60696247 32.03 292.377326   5.518895 24.895
 31    63.066 53304.60696311 37.64 292.376596   5.515585 24.895
 31    62.894 53304.60696376 34.71 292.375866   5.512285 24.895
 31    62.964 53304.60696440 36.66 292.375136   5.508975 24.895
 32    61.572 53339.60692956 47.72 292.385144   5.526308 37.859
 32    61.607 53339.60693021 49.56 292.384414   5.522998 37.859
 32    61.446 53339.60693085 47.66 292.383684   5.519698 37.859
 32    61.509 53339.60693150 45.64 292.382954   5.516388 37.859
 32    61.553 53339.60693214 43.47 292.382224   5.513088 37.859
 32    61.475 53339.60693279 43.12 292.381494   5.509778 37.859
 32    61.739 53339.60693343 44.11 292.380764   5.506468 37.859
 33    58.661 53374.60686102 45.35 292.388220   5.525964 38.722
 33    58.690 53374.60686166 44.88 292.387490   5.522664 38.722
 33    58.770 53374.60686231 48.63 292.386760   5.519354 38.722
 33    58.756 53374.60686295 45.92 292.386030   5.516054 38.722
 33    58.916 53374.60686360 47.45 292.385300   5.512744 38.722
 33    58.934 53374.60686424 45.46 292.384570   5.509444 38.722
 33    59.038 53374.60686489 40.86 292.383840   5.506134 38.722
 34    56.197 53409.60690324 43.66 292.389430   5.527436 40.842
 34    56.169 53409.60690389 50.81 292.388700   5.524126 40.842
 34    56.263 53409.60690453 45.41 292.387970   5.520826 40.842
 34    56.256 53409.60690518 44.40 292.387240   5.517516 40.842
 34    56.280 53409.60690582 42.51 292.386510   5.514216 40.842
 34    56.386 53409.60690647 42.78 292.385780   5.510906 40.842
 35    56.535 53444.60688691 41.95 292.385575   5.525483 41.595
 35    56.835 53444.60688755 45.36 292.384845   5.522173 41.595
 35    56.438 53444.60688820 43.38 292.384115   5.518873 41.595
 35    56.503 53444.60688884 43.59 292.383385   5.515563 41.595
 35    56.650 53444.60688949 42.27 292.382655   5.512263 41.595
 35    56.637 53444.60689013 42.25 292.381925   5.508953 41.595
 36    61.498 53479.60696559 48.35 292.380634   5.527917 34.314
 36    61.089 53479.60696623 52.46 292.379904   5.524607 34.314
 36    61.173 53479.60696687 51.22 292.379174   5.521307 34.314
 36    61.090 53479.60696752 49.90 292.378444   5.517997 34.314
 36    61.161 53479.60696816 46.95 292.377714   5.514687 34.314
 36    60.992 53479.60696881 41.80 292.376984   5.511387 34.314
 36    61.097 53479.60696945 45.37 292.376254   5.508077 34.314
 37    64.232 53514.60697330 41.95 292.385402   5.523501 27.057
 37    64.276 53514.60697394 42.65 292.384672   5.520201 27.057
 37    63.989 53514.60697458 37.30 292.383942   5.516891 27.057
 37    63.909 53514.60697523 35.94 292.383212   5.513591 27.057
 37    64.094 53514.60697587 35.28 292.382482   5.510281 27.057
 37    64.302 53514.60697652 36.46 292.381752   5.506971 27.057
 38    65.512 53549.60699237 48.53 292.380378   5.525688 28.261
 38    65.242 53549.60699302 49.03 292.379648   5.522378 28.261
 38    65.247 53549.60699366 45.66 292.378918   5.519078 28.261
 38    65.229 53549.60699431 42.33 292.378188   5.515768 28.261
 38    65.023 53549.60699495 38.39 292.377458   5.512458 28.261
 38    65.147 53549.60699560 37.79 292.376728   5.509158 28.261
 39    65.466 53584.60695497 38.09 292.386794   5.523257 27.146
 39    65.446 53584.60695562 32.95 292.386064   5.519947 27.146
 39    65.292 53584.60695626 31.68 292.385334   5.516647 27.146
 39    65.101 53584.60695691 33.38 292.384604   5.513337 27.146
 39    65.555 53584.60695755 34.48 292.383874   5.510037 27.146
 39    65.969 53584.60695819 35.60 292.383144   5.506727 27.146
 40    65.398 53619.60691115 48.87 292.382434   5.526139 32.110
 40    65.263 53619.60691180 46.65 292.381704   5.522839 32.110
 40    65.269 53619.60691244 47.76 292.380974   5.519529 32.110
 40    65.366 53619.60691309 41.90 292.380244   5.516229 32.110
 40    65.011 53619.60691373 38.68 292.379514   5.512919 32.110
 40    65.211 53619.60691438 39.10 292.378784   5.509619 32.110
 41    61.909 53654.60693768 44.46 292.385401   5.526161 31.528
 41    61.989 53654.60693832 49.56 292.384671   5.522851 31.528
 41    61.743 53654.60693897 48.36 292.383941   5.519551 31.528
 41    61.707 53654.60693961 46.31 292.383211   5.516241 31.528
 41    61.716 53654.60694026 42.26 292.382481   5.512931 31.528
 41    61.679 53654.60694090 42.11 292.381751   5.509631 31.528
 41    62.002 53654.60694154 41.93 292.381021   5.506321 31.528
 42    62.378 53689.60693283 47.99 292.382988   5.525404 37.067
 42    62.306 53689.60693348 48.70 292.382258   5.522094 37.067
 42    62.310 53689.60693412 46.10 292.381528   5.518794 37.067
 42    62.209 53689.60693476 41.67 292.380798   5.515484 37.067
 42    62.186 53689.60693541 39.19 292.380068   5.512184 37.067
 42    62.194 53689.60693605 43.97 292.379338   5.508874 37.067
 43    60.501 53724.60685735 48.39 292.387472   5.523923 40.072
 43    60.416 53724.60685799 49.37 292.386742   5.520613 40.072
 43    60.572 53724.60685864 46.30 292.386012   5.517313 40.072
 43    60.474 53724.60685928 44.20 292.385282   5.514003 40.072
 43    60.592 53724.60685993 43.58 292.384552   5.510703 40.072
 43    60.630 53724.60686057 41.01 292.383822   5.507393 40.072
 44    58.438 53759.60679849 46.77 292.395256   5.531500 30.976
 44    58.455 53759.60679914 47.53 292.394526   5.528190 30.976
 44    58.407 53759.60679978 54.34 292.393796   5.524890 30.976
 44    58.586 53759.60680043 52.56 292.393066   5.521580 30.976
 44    58.611 53759.60680107 47.15 292.392336   5.518270 30.976
 45    57.358 53794.60681824 34.54 292.389868   5.527158 37.022
 45    57.179 53794.60681889 38.63 292.389138   5.523848 37.022
 45    57.100 53794.60681953 45.02 292.388408   5.520548 37.022
 45    57.247 53794.60682018 43.03 292.387678   5.517238 37.022
 45    57.150 53794.60682082 43.12 292.386948   5.513938 37.022
 46    58.878 53829.60679441 50.61 292.390516   5.526333 40.665
 46    59.025 53829.60679505 51.31 292.389786   5.523033 40.665
 46    59.046 53829.60679570 48.71 292.389056   5.519723 40.665
 46    59.051 53829.60679634 49.34 292.388326   5.516413 40.665
 47    61.989 53864.60687391 40.69 292.383522   5.525536 14.578
 47    61.916 53864.60687455 43.48 292.382792   5.522236 14.578
 47    61.876 53864.60687520 46.60 292.382051   5.518922 24.662
 47    62.083 53864.60687584 41.69 292.381321   5.515622 24.662
 47    61.937 53864.60687649 39.27 292.380591   5.512312 24.662
 47    62.006 53864.60687713 40.30 292.379861   5.509012 24.662
 48    64.560 53899.60689974 42.31 292.385415   5.523495 25.821
 48    64.743 53899.60690038 40.48 292.384685   5.520195 25.821
 48    64.586 53899.60690103 36.26 292.383955   5.516885 25.821
 48    64.350 53899.60690167 36.01 292.383225   5.513585 25.821
 48    64.572 53899.60690232 36.26 292.382495   5.510275 25.821
 48    64.925 53899.60690296 37.87 292.381765   5.506965 25.821
 49    66.706 53934.60694299 38.70 292.376136   5.526220 22.621
 49    66.403 53934.60694363 43.88 292.375406   5.522920 22.621
 49    66.530 53934.60694428 42.85 292.374669   5.519606 27.961
 49    66.461 53934.60694492 40.16 292.373939   5.516306 27.961
 49    66.351 53934.60694556 36.38 292.373209   5.512996 27.961
 49    66.329 53934.60694621 35.50 292.372479   5.509696 27.961
 50    66.233 53969.60691285 34.05 292.381029   5.527518 17.219
 50    66.516 53969.60691349 28.03 292.380299   5.524218 17.219
 50    66.206 53969.60691414 32.70 292.379569   5.520908 17.219
 50    66.277 53969.60691478 36.81 292.378839   5.517608 17.219
 50    66.158 53969.60691543 35.97 292.378105   5.514294 15.084
 50    66.160 53969.60691607 35.73 292.377375   5.510994 15.084
 50    66.241 53969.60691672 35.15 292.376645   5.507684 15.084
 51    63.723 54004.60688665 38.05 292.389762   5.527293 17.520
 51    63.925 54004.60688730 37.86 292.389032   5.523993 17.520
 51    63.997 54004.60688794 39.63 292.388307   5.520679 29.257
 51    63.902 54004.60688859 39.47 292.387567   5.517379 29.257
 51    63.785 54004.60688923 35.19 292.386837   5.514069 29.257
 52    62.828 54039.60691957 43.78 292.389553   5.525377 22.087
 52    62.915 54039.60692021 46.02 292.388823   5.522067 22.087
 52    62.868 54039.60692086 44.57 292.388083   5.518767 22.087
 52    62.953 54039.60692150 39.54 292.387362   5.515455 28.813
 53    62.449 54074.60691409 43.84 292.386844   5.525702 20.585
 53    62.456 54074.60691474 46.35 292.386114   5.522392 20.585
 53    62.567 54074.60691538 46.44 292.385384   5.519092 20.585
 53    62.446 54074.60691602 42.24 292.384648   5.515787 35.614
 53    62.262 54074.60691667 38.87 292.383918   5.512477 35.614
 53    62.421 54074.60691731 40.44 292.383188   5.509167 35.614
 54    59.180 54109.60685873 36.68 292.384220   5.525129 22.335
 54    59.098 54109.60685937 44.73 292.383490   5.521829 22.335
 54    59.283 54109.60686002 46.51 292.382760   5.518519 22.335
 54    59.324 54109.60686066 46.34 292.382030   5.515209 22.335
 54    59.206 54109.60686131 44.93 292.381300   5.511912 32.060
 54    59.239 54109.60686195 42.91 292.380570   5.508602 32.060
 55    55.270 54144.60685248 52.07 292.385675   5.523257 19.119
 55    55.381 54144.60685312 49.19 292.384934   5.519944 42.051
 55    55.380 54144.60685377 46.13 292.384204   5.516644 42.051
 55    55.437 54144.60685441 46.14 292.383474   5.513334 42.051
 55    55.581 54144.60685506 43.68 292.382744   5.510034 42.051
 55    55.878 54144.60685570 40.17 292.382014   5.506724 42.051
 56    54.438 54179.60684425 45.56 292.384309   5.523734 39.674
 56    55.139 54179.60684489 49.32 292.383579   5.520434 39.674
 56    54.812 54179.60684554 51.61 292.382849   5.517124 39.674
 56    54.765 54179.60684618 47.48 292.382119   5.513824 39.674
 56    54.732 54179.60684683 44.14 292.381379   5.510514 39.674
 56    55.153 54179.60684747 38.83 292.380659   5.507214 39.674
 57    60.516 54214.60685928 45.87 292.385525   5.526620 28.275
 57    60.525 54214.60685992 51.58 292.384795   5.523310 28.275
 57    60.511 54214.60686057 49.84 292.384065   5.520010 28.275
 57    60.364 54214.60686121 47.37 292.383335   5.516700 28.275
 57    60.447 54214.60686186 44.67 292.382605   5.513400 28.275
 57    60.542 54214.60686250 42.44 292.381875   5.510090 28.275
 57    60.589 54214.60686315 43.31 292.381135   5.506780 28.275
 58    63.842 54249.60688724 38.11 292.385249   5.524252 19.321
 58    63.766 54249.60688789 37.01 292.384519   5.520942 19.321
 58    63.701 54249.60688853 33.36 292.383789   5.517642 19.321
 58    63.575 54249.60688918 32.47 292.383059   5.514332 19.321
 58    63.586 54249.60688982 33.03 292.382329   5.511032 19.321
 58    64.046 54249.60689047 36.01 292.381599   5.507722 19.321
 59    66.456 54284.60689517 39.51 292.386760   5.524397 23.981
 59    66.290 54284.60689582 37.63 292.386030   5.521087 23.981
 59    66.066 54284.60689646 37.34 292.385300   5.517787 23.981
 59    66.041 54284.60689711 34.59 292.384570   5.514477 23.981
 59    66.280 54284.60689775 33.69 292.383840   5.511167 23.981
 59    66.814 54284.60689840 33.86 292.383110   5.507867 23.981
 60    66.256 54319.60689233 37.99 292.387449   5.524893 24.823
 60    66.076 54319.60689297 37.96 292.386719   5.521583 24.823
 60    66.023 54319.60689361 36.15 292.385989   5.518283 24.823
 60    65.909 54319.60689426 34.57 292.385259   5.514973 24.823
 60    66.127 54319.60689490 33.42 292.384529   5.511673 24.823
 60    66.642 54319.60689555 33.44 292.383799   5.508363 24.823
 61    65.036 54354.60685553 36.73 292.386200   5.523277 17.916
 61    65.068 54354.60685617 35.41 292.385460   5.519967 17.916
 61    64.963 54354.60685682 33.58 292.384730   5.516667 17.916
 61    64.802 54354.60685746 32.25 292.384000   5.513357 17.916
 61    65.069 54354.60685811 32.97 292.383270   5.510047 17.916
 61    65.490 54354.60685875 33.49 292.382540   5.506747 17.916
 62    64.198 54389.60683272 39.50 292.387110   5.525409 24.845
 62    64.070 54389.60683336 40.70 292.386380   5.522109 24.845
 62    64.049 54389.60683401 39.27 292.385650   5.518799 24.845
 62    63.847 54389.60683465 36.22 292.384920   5.515489 24.845
 62    63.946 54389.60683530 34.99 292.384190   5.512189 24.845
 62    64.379 54389.60683594 35.23 292.383460   5.508879 24.845
 63    62.148 54424.60680557 41.31 292.385788   5.524335 35.134
 63    62.070 54424.60680621 45.01 292.385058   5.521035 35.134
 63    61.971 54424.60680686 47.53 292.384328   5.517725 35.134
 63    62.026 54424.60680750 41.37 292.383598   5.514425 35.134
 63    61.997 54424.60680815 39.89 292.382868   5.511115 35.134
 63    62.018 54424.60680879 42.38 292.382138   5.507815 35.134
 64    59.838 54459.60680828 49.83 292.387467   5.525228 36.781
 64    59.773 54459.60680893 49.15 292.386737   5.521928 36.781
 64    59.890 54459.60680957 46.84 292.386007   5.518618 36.781
 64    59.779 54459.60681022 45.56 292.385277   5.515318 36.781
 64    59.848 54459.60681086 48.11 292.384547   5.512008 36.781
 64    60.000 54459.60681150 46.18 292.383817   5.508708 36.781
 65    57.096 54494.60681050 38.94 292.386746   5.524731 28.149
 65    57.438 54494.60681114 36.95 292.386016   5.521421 28.149
 65    57.083 54494.60681179 36.13 292.385286   5.518121 28.149
 65    57.086 54494.60681243 37.63 292.384556   5.514811 28.149
 65    57.074 54494.60681308 35.76 292.383826   5.511511 28.149
 65    57.299 54494.60681372 33.74 292.383096   5.508201 28.149
 66    56.220 54529.60682116 45.82 292.388295   5.524687 27.057
 66    56.461 54529.60682181 47.79 292.387565   5.521377 27.057
 66    56.156 54529.60682245 46.52 292.386835   5.518077 27.057
 66    56.163 54529.60682310 43.66 292.386105   5.514767 27.057
 66    56.335 54529.60682374 45.58 292.385365   5.511467 27.057
 66    56.410 54529.60682439 44.03 292.384645   5.508153 35.874
 67    55.542 54564.60681708 50.84 292.385183   5.523338 34.905
 67    55.540 54564.60681772 52.69 292.384453   5.520028 34.905
 67    55.520 54564.60681837 45.69 292.383723   5.516718 34.905
 67    55.537 54564.60681901 47.44 292.382993   5.513418 34.905
 67    55.656 54564.60681966 45.57 292.382263   5.510108 34.905
 67    55.996 54564.60682030 39.39 292.381533   5.506808 34.905
 68    60.709 54599.60681654 48.89 292.385908   5.524281 25.958
 68    60.718 54599.60681718 51.08 292.385178   5.520981 25.958
 68    60.758 54599.60681783 46.77 292.384448   5.517671 25.958
 68    60.657 54599.60681847 43.03 292.383718   5.514371 25.958
 68    60.747 54599.60681912 42.32 292.382988   5.511061 25.958
 68    60.831 54599.60681976 44.19 292.382258   5.507761 25.958
 69    64.616 54634.60682933 35.28 292.384644   5.524927 11.893
 69    64.359 54634.60682998 35.14 292.383914   5.521617 11.893
 69    64.183 54634.60683062 30.70 292.383184   5.518307 11.893
 69    64.148 54634.60683127 30.89 292.382454   5.515007 11.893
 69    64.143 54634.60683191 33.37 292.381724   5.511697 11.893
 69    64.498 54634.60683256 34.06 292.380994   5.508397 11.893
 70    66.856 54669.60683355 34.18 292.384981   5.525473 18.289
 70    66.493 54669.60683420 31.51 292.384251   5.522163 18.289
 70    69.519 54669.60683484 30.65 292.383521   5.518863 18.289
 70    66.350 54669.60683549 30.83 292.382791   5.515553 18.289
 70    66.464 54669.60683613 30.86 292.382061   5.512253 18.289
 70    66.908 54669.60683678 31.44 292.381331   5.508943 18.289
 71    65.851 54704.60679723 37.39 292.386769   5.522852 19.643
 71    65.778 54704.60679788 35.09 292.386039   5.519552 19.643
 71    65.719 54704.60679852 34.01 292.385309   5.516242 19.643
 71    65.653 54704.60679917 31.56 292.384579   5.512932 19.643
 71    66.275 54704.60679981 31.29 292.383849   5.509632 19.643
 71    66.585 54704.60680046 31.17 292.383119   5.506322 19.643
 72    63.619 54739.60679676 44.72 292.386536   5.524510 20.287
 72    63.725 54739.60679741 43.95 292.385806   5.521200 20.287
 72    63.634 54739.60679805 41.08 292.385076   5.517900 20.287
 72    63.579 54739.60679870 36.86 292.384346   5.514590 20.287
 72    63.562 54739.60679934 36.83 292.383606   5.511290 20.287
 72    63.780 54739.60679999 38.41 292.382876   5.507978 30.587
 73    62.643 54774.60677842 39.58 292.387202   5.525749 21.513
 73    62.610 54774.60677907 42.40 292.386472   5.522439 21.513
 73    62.710 54774.60677971 42.00 292.385742   5.519129 21.513
 73    62.543 54774.60678035 37.50 292.385012   5.515829 21.513
 73    62.508 54774.60678100 35.40 292.384282   5.512519 21.513
 73    62.693 54774.60678164 36.02 292.383552   5.509219 21.513
 74    63.092 54809.60679010 39.86 292.385926   5.523631 20.605
 74    62.721 54809.60679075 40.99 292.385196   5.520321 20.605
 74    62.786 54809.60679139 39.21 292.384466   5.517021 20.605
 74    62.579 54809.60679204 35.85 292.383736   5.513711 20.605
 74    62.605 54809.60679268 37.32 292.382996   5.510401 20.605
 74    62.852 54809.60679333 39.83 292.382274   5.507096 28.655
 75    60.354 54844.60677709 34.24 292.385635   5.523472 18.555
 75    59.383 54844.60677774 31.43 292.384905   5.520162 18.555
 75    59.513 54844.60677838 33.60 292.384175   5.516862 18.555
 75    59.401 54844.60677903 39.20 292.383445   5.513552 18.555
 75    59.569 54844.60677967 39.93 292.382715   5.510252 18.555
 75    59.620 54844.60678032 35.98 292.381985   5.506942 18.555
 76    59.563 54879.60679367 39.32 292.384777   5.525051 19.259
 76    58.388 54879.60679432 32.96 292.384047   5.521751 19.259
 76    57.966 54879.60679496 36.22 292.383317   5.518441 19.259
 76    58.063 54879.60679560 41.12 292.382587   5.515141 19.259
 76    58.127 54879.60679625 36.59 292.381848   5.511829 30.504
 76    58.209 54879.60679689 36.86 292.381118   5.508529 30.504
 77    57.746 54914.60678066 51.83 292.383633   5.524606 29.733
 77    57.596 54914.60678131 52.30 292.382903   5.521296 29.733
 77    57.634 54914.60678195 48.44 292.382173   5.517986 29.733
 77    57.757 54914.60678260 41.89 292.381443   5.514686 29.733
 77    57.699 54914.60678324 37.99 292.380713   5.511376 29.733
 77    57.884 54914.60678388 38.95 292.379983   5.508076 29.733
 79    61.061 54984.60681095 42.54 292.383910   5.523970 21.404
 79    61.064 54984.60681160 43.52 292.383180   5.520660 21.404
 79    61.120 54984.60681224 37.70 292.382450   5.517360 21.404
 79    60.859 54984.60681289 36.41 292.381720   5.514050 21.404
 79    61.020 54984.60681353 37.71 292.380990   5.510750 21.404
 79    61.187 54984.60681418 37.21 292.380252   5.507438 20.576
 80    64.982 55019.60680660 40.13 292.386674   5.523524 17.258
 80    65.057 55019.60680724 35.95 292.385944   5.520214 17.258
 80    64.890 55019.60680789 35.03 292.385214   5.516914 17.258
 80    64.687 55019.60680853 34.04 292.384484   5.513604 17.258
 80    65.084 55019.60680917 33.90 292.383754   5.510304 17.258
 80    65.501 55019.60680982 36.18 292.383024   5.506994 17.258
 81    66.033 55054.60680202 37.86 292.387297   5.526032 21.491
 81    65.987 55054.60680267 39.40 292.386567   5.522722 21.491
 81    65.809 55054.60680331 37.10 292.385837   5.519412 21.491
 81    65.523 55054.60680396 34.99 292.385107   5.516112 21.491
 81    65.545 55054.60680460 34.28 292.384377   5.512802 21.491
 81    66.030 55054.60680524 33.88 292.383647   5.509502 21.491
 81    66.499 55054.60680589 35.72 292.382917   5.506192 21.491
 82    64.289 55089.60676285 39.24 292.384845   5.524602 22.477
 82    64.269 55089.60676349 37.82 292.384115   5.521302 22.477
 82    64.193 55089.60676414 35.90 292.383385   5.517992 22.477
 82    64.005 55089.60676478 34.64 292.382655   5.514692 22.477
 82    64.028 55089.60676543 34.45 292.381925   5.511382 22.477
 82    64.487 55089.60676607 35.42 292.381195   5.508072 22.477
 83    62.431 55124.60674013 42.86 292.387365   5.526025 20.958
 83    62.458 55124.60674078 46.50 292.386635   5.522715 20.958
 83    62.463 55124.60674142 44.07 292.385905   5.519415 20.958
 83    62.397 55124.60674207 42.33 292.385175   5.516105 20.958
 83    62.443 55124.60674271 38.79 292.384445   5.512805 20.958
 83    62.478 55124.60674335 38.67 292.383706   5.509492 34.942
 83    62.671 55124.60674400 39.20 292.382976   5.506192 34.942
 84    60.511 55159.60672368 45.63 292.385072   5.525684 28.620
 84    59.555 55159.60672433 45.24 292.384342   5.522384 28.620
 84    59.579 55159.60672497 46.16 292.383612   5.519074 28.620
 84    59.605 55159.60672562 47.88 292.382882   5.515764 28.620
 84    59.590 55159.60672626 43.51 292.382152   5.512464 28.620
 84    59.621 55159.60672691 43.52 292.381422   5.509154 28.620
 85    57.167 55194.60673042 37.18 292.386046   5.523938 15.990
 85    57.123 55194.60673106 36.14 292.385316   5.520628 15.990
 85    57.111 55194.60673170 35.68 292.384586   5.517328 15.990
 85    57.113 55194.60673235 34.38 292.383856   5.514018 15.990
 85    57.253 55194.60673299 33.02 292.383116   5.510718 15.990
 85    57.297 55194.60673364 35.76 292.382385   5.507405 27.049
 86    54.510 55229.60672651 41.39 292.384584   5.525156 24.289
 86    55.422 55229.60672715 47.61 292.383854   5.521846 24.289
 86    54.671 55229.60672780 50.36 292.383124   5.518546 24.289
 86    54.671 55229.60672844 47.70 292.382394   5.515236 24.289
 86    54.829 55229.60672909 41.80 292.381664   5.511936 24.289
 86    54.940 55229.60672973 37.24 292.380934   5.508626 24.289
 87    54.518 55264.60672539 41.97 292.386843   5.525256 21.710
 87    55.551 55264.60672604 46.86 292.386113   5.521946 21.710
 87    54.654 55264.60672668 45.24 292.385383   5.518646 21.710
 87    54.766 55264.60672733 44.70 292.384653   5.515336 21.710
 87    54.884 55264.60672797 46.22 292.383923   5.512026 21.710
 87    54.890 55264.60672862 44.98 292.383185   5.508721 36.411
 88    60.602 55299.60670824 30.37 292.386450   5.525239 13.945
 88    59.780 55299.60670888 24.83 292.385710   5.521929 13.945
 88    57.750 55299.60670953 23.13 292.384980   5.518629 13.945
 88    58.041 55299.60671017 22.16 292.384250   5.515319 13.945
 88    58.056 55299.60671082 24.24 292.383520   5.512009 13.945
 88    58.298 55299.60671146 23.84 292.382790   5.508709 13.945
 89    64.206 55334.60670268 40.81 292.384910   5.524384 17.412
 89    64.181 55334.60670333 42.23 292.384180   5.521074 17.412
 89    64.090 55334.60670397 37.74 292.383450   5.517774 17.412
 89    63.793 55334.60670462 35.94 292.382720   5.514464 17.412
 89    63.921 55334.60670526 34.88 292.381990   5.511164 17.412
 89    64.359 55334.60670591 36.65 292.381260   5.507854 17.412
 90    65.478 55369.60669386 39.48 292.386486   5.524282 17.147
 90    65.324 55369.60669451 38.58 292.385756   5.520972 17.147
 90    65.174 55369.60669515 35.42 292.385026   5.517672 17.147
 90    64.922 55369.60669580 34.55 292.384296   5.514362 17.147
 90    65.162 55369.60669644 33.81 292.383566   5.511062 17.147
 90    65.516 55369.60669709 36.34 292.382836   5.507752 17.147
 91    65.785 55404.60671093 35.32 292.386938   5.523014 21.287
 91    65.798 55404.60671157 35.18 292.386208   5.519714 21.287
 91    65.629 55404.60671222 33.97 292.385478   5.516404 21.287
 91    65.514 55404.60671286 34.20 292.384748   5.513104 21.287
 91    65.927 55404.60671351 34.26 292.384018   5.509794 21.287
 91    66.362 55404.60671415 35.25 292.383288   5.506494 21.287
 92    65.947 55439.60671171 31.05 292.387344   5.525520 22.027
 92    65.760 55439.60671236 29.51 292.386614   5.522210 22.027
 92    65.828 55439.60671300 30.48 292.385884   5.518900 22.027
 92    65.774 55439.60671365 30.19 292.385154   5.515600 22.027
 92    65.950 55439.60671429 31.78 292.384424   5.512290 22.027
 92    66.176 55439.60671494 34.74 292.383694   5.508990 22.027
 93    63.099 55474.60665801 43.72 292.386551   5.525156 22.517
 93    63.061 55474.60665866 43.34 292.385811   5.521846 22.517
 93    63.015 55474.60665930 41.12 292.385081   5.518546 22.517
 93    62.850 55474.60665995 37.24 292.384351   5.515236 22.517
 93    62.816 55474.60666059 36.06 292.383621   5.511926 22.517
 93    63.048 55474.60666124 36.96 292.382891   5.508626 22.517
