-163606.689    -5.261     0.00    2.72
-163230.651    -4.669     1.58    3.03
-162854.618    -3.662     2.68    3.83
-162478.588    -3.078     1.55    3.88
-162102.561    -2.781     0.79    3.87
-161726.538    -2.332     1.19    3.81
-161350.519    -3.510    -3.13    4.19
-160974.503    -4.186    -1.80    4.45
-160598.490    -4.943    -2.01    4.28
-160222.481    -4.616     0.87    3.48
-159846.476    -4.640    -0.06    3.45
-159470.474    -4.823    -0.49    3.82
-159094.476    -5.204    -1.01    4.65
-158718.481    -5.485    -0.75    4.89
-158342.490    -6.760    -3.39    4.91
-157966.502    -6.614     0.39    4.58
-157590.518    -5.853     2.02    4.20
-157214.537    -6.332    -1.27    3.54
-156838.560    -6.666    -0.89    2.61
-156462.587    -7.087    -1.12    1.74
-156086.616    -7.051     0.10    1.84
-155710.650    -7.001     0.13    1.91
-155334.687    -6.332     1.78    2.66
-154958.727    -5.926     1.08    2.77
-154582.771    -5.754     0.46    2.79
-154206.818    -5.672     0.22    2.39
-153830.869    -5.483     0.50    2.26
-153454.924    -4.717     2.04    2.77
-153078.982    -3.652     2.83    2.95
-152703.043    -3.076     1.53    3.36
-152327.108    -2.353     1.92    3.21
-151951.177    -1.454     2.39    3.48
-151575.249    -1.819    -0.97    3.94
-151199.324    -2.669    -2.26    3.68
-150823.403    -3.024    -0.95    3.24
-150447.485    -4.153    -3.00    3.25
-150071.571    -4.587    -1.16    2.95
-149695.661    -5.186    -1.59    2.76
-149319.753    -5.171     0.04    2.48
-148943.850    -5.178    -0.02    2.52
-148567.950    -4.760     1.11    2.55
-148192.053    -4.078     1.81    2.69
-147816.160    -3.024     2.80    3.16
-147440.270    -2.429     1.58    3.06
-147064.384    -2.614    -0.49    3.02
-146688.501    -3.337    -1.92    3.06
-146312.621    -4.230    -2.37    3.00
-145936.746    -4.827    -1.59    2.88
-145560.873    -5.065    -0.63    3.07
-145185.004    -4.717     0.93    3.07
-144809.139    -4.153     1.50    3.20
-144433.277    -4.281    -0.34    3.16
-144057.418    -4.143     0.37    2.76
-143681.563    -4.137     0.01    2.70
-143305.711    -4.159    -0.06    2.53
-142929.863    -3.684     1.26    3.17
-142554.018    -3.435     0.66    3.83
-142178.177    -3.343     0.24    3.87
-141802.339    -3.645    -0.81    3.56
-141426.505    -3.835    -0.50    2.84
-141050.674    -4.078    -0.65    2.81
-140674.846    -3.845     0.62    2.62
-140299.022    -3.537     0.82    2.55
-139923.202    -3.794    -0.68    2.29
-139547.385    -3.143     1.73    2.48
-139171.571    -2.926     0.58    2.77
-138795.760    -3.127    -0.53    2.87
-138419.954    -2.973     0.41    2.90
-138044.150    -3.691    -1.91    3.34
-137668.350    -3.827    -0.36    2.99
-137292.553    -3.712     0.30    3.34
-136916.760    -3.916    -0.54    3.40
-136540.970    -3.237     1.81    3.90
-136165.184    -1.742     3.98    7.06
-135789.401     2.157    10.38   11.86
-135413.622     6.436    11.39   16.71
-135037.675    11.841    14.38   19.87
-134661.225    13.274     3.81   19.39
-134284.779    12.719    -1.47   17.16
-133908.336    10.463    -5.99   15.58
-133531.896     5.693   -12.67    9.24
-133155.460     3.410    -6.07    6.36
-132779.027     1.157    -5.99    2.83
-132402.597     1.565     1.08    3.44
-132026.171     2.258     1.84    3.96
-131649.748     2.847     1.57    3.96
-131273.329     3.540     1.84    3.94
-130896.913     3.668     0.34    3.61
-130520.501     4.042     0.99    4.08
-130144.092     4.642     1.60    4.25
-129767.686     5.288     1.71    4.53
-129391.284     5.685     1.06    4.40
-129014.885     5.949     0.70    4.41
-128638.490     6.598     1.72    4.85
-128262.098     5.625    -2.59    4.59
-127885.709     5.078    -1.45    4.32
-127509.324     3.320    -4.67    3.56
-127132.942     2.813    -1.35    2.44
-126756.564     3.015     0.54    2.72
-126380.188     4.219     3.20    3.16
-126003.817     5.514     3.44    2.80
-125627.448     6.726     3.22    3.06
-125251.084     7.591     2.30    3.16
-124874.722     8.357     2.04    3.11
-124498.364     8.309    -0.13    2.64
-124122.009     8.598     0.77    2.46
-123745.658     8.647     0.13    2.61
-123369.310     9.088     1.17    2.76
-122992.965     9.546     1.22    2.69
-122616.624     9.436    -0.29    2.29
-122240.286     8.841    -1.58    2.46
-121863.951     9.057     0.57    2.67
-121487.620     8.490    -1.51    2.46
-121111.292     8.234    -0.68    2.59
-120734.968     7.663    -1.52    2.54
-120358.646     7.258    -1.08    2.67
-119982.329     7.138    -0.32    3.05
-119606.014     6.437    -1.86    3.08
-119229.703     6.805     0.98    3.30
-118853.396     6.200    -1.61    3.48
-118477.091     5.884    -0.84    2.84
-118100.790     4.822    -2.82    2.53
-117724.493     3.895    -2.46    2.36
-117348.198     3.147    -1.99    2.23
-116971.907     2.463    -1.82    2.72
-116595.620     1.691    -2.05    2.99
-116219.335     0.463    -3.27    3.54
-115843.054    -0.970    -3.81    4.34
-115466.777    -2.348    -3.66    4.90
-115090.502    -3.456    -2.95    4.79
-114714.232    -4.482    -2.73    4.83
-114337.964    -4.562    -0.21    3.85
-113961.700    -4.512     0.13    3.41
-113585.439    -5.240    -1.94    3.48
-113209.181    -6.153    -2.43    3.75
-112832.927    -6.300    -0.39    3.90
-112456.676    -6.274     0.07    3.21
-112080.428    -6.985    -1.89    3.72
-111704.184    -7.050    -0.17    3.89
-111327.943    -6.754     0.79    3.99
-110951.705    -6.037     1.90    3.98
-110575.471    -5.762     0.73    4.49
-110199.239    -4.704     2.81    3.70
-109823.012    -4.327     1.00    3.90
-109446.787    -3.754     1.52    3.18
-109070.566    -4.672    -2.44    3.55
-108694.348    -4.321     0.93    3.54
-108318.133    -4.287     0.09    3.64
-107941.922    -3.312     2.59    4.21
-107565.714    -1.127     5.81    4.27
-107189.510     0.598     4.59    4.47
-106813.308     2.360     4.68    3.37
-106437.110     3.949     4.22    2.04
-106060.915     4.568     1.64    1.80
-105684.724     4.514    -0.14    1.97
-105308.536     4.770     0.68    1.98
-104932.351     4.571    -0.53    1.93
-104556.169     4.542    -0.08    1.71
-104179.991     4.181    -0.96    1.97
-103803.815     4.463     0.75    1.90
-103427.644     4.232    -0.61    1.78
-103051.475     4.138    -0.25    1.65
-102675.310     4.328     0.50    1.65
-102299.148     3.976    -0.93    1.66
-101922.989     3.713    -0.70    2.02
-101546.834     3.538    -0.47    2.18
-101170.682     3.088    -1.20    2.20
-100794.533     3.057    -0.08    2.20
-100418.387     2.693    -0.97    1.83
-100042.245     2.489    -0.54    1.92
 -99666.105     2.411    -0.21    2.28
 -99289.970     2.642     0.61    2.51
 -98913.837     3.642     2.66    3.61
 -98537.708     4.544     2.40    4.01
 -98161.582     4.752     0.55    3.99
 -97785.459     4.163    -1.57    4.30
 -97409.339     2.517    -4.38    4.14
 -97033.223     1.693    -2.19    3.66
 -96657.110     1.094    -1.59    3.49
 -96281.000     0.760    -0.89    3.55
 -95904.893     1.003     0.65    3.21
 -95528.790     0.274    -1.94    3.73
 -95152.690    -0.281    -1.47    3.47
 -94776.593    -0.712    -1.15    3.26
 -94400.499    -0.970    -0.68    2.29
 -94024.409    -0.837     0.35    3.59
 -93648.321    -1.300    -1.23    3.90
 -93272.238    -1.614    -0.83    4.36
 -92896.157    -1.307     0.82    6.43
 -92520.079     1.752     8.13   13.08
 -92144.005     4.490     7.28   18.47
 -91767.934     3.910    -1.54   17.97
 -91391.866    -0.387   -11.43    9.14
 -91015.801    -1.426    -2.76    3.12
 -90639.740     2.027     9.18    9.23
 -90263.682     6.331    11.45   14.48
 -89887.627     8.976     7.03   16.58
 -89511.575     8.544    -1.15   14.85
 -89135.527     6.598    -5.17    5.76
 -88759.481     8.796     5.85    8.83
 -88383.439     9.338     1.44    8.54
 -88007.400    10.138     2.13    8.54
 -87631.365     9.363    -2.06    7.86
 -87255.332     7.094    -6.03    2.51
 -86879.303     7.410     0.84    2.52
 -86503.277     7.542     0.35    2.42
 -86127.254     7.540    -0.01    2.32
 -85751.234     7.713     0.46    1.92
 -85375.217     8.700     2.62    3.53
 -84999.204    10.088     3.69    5.04
 -84623.194     9.963    -0.33    5.21
 -84247.187     9.001    -2.56    4.68
 -83871.183     7.924    -2.86    3.71
 -83495.183     8.787     2.29    5.29
 -83119.185    10.138     3.59    5.78
 -82743.191    11.355     3.23    7.10
 -82367.200    13.617     6.02   16.32
 -81991.212    12.338    -3.40   16.32
 -81615.227     7.922   -11.74    2.71
 -81239.246     7.113    -2.15    2.55
 -80863.268     6.015    -2.92    2.32
 -80487.292     5.726    -0.77    2.15
 -80111.320     5.219    -1.35    1.89
 -79735.352     4.104    -2.97    2.42
 -79359.386     3.226    -2.34    2.70
 -78983.423     2.574    -1.73    3.18
 -78607.464     1.647    -2.47    2.52
 -78231.508     1.518    -0.34    2.41
 -77855.555     1.822     0.81    2.90
 -77479.605     2.258     1.16    2.73
 -77103.658     2.219    -0.10    2.99
 -76727.715     1.706    -1.37    3.00
 -76351.774     0.246    -3.88    3.57
 -75975.837    -1.666    -5.09    3.59
 -75599.903    -2.962    -3.45    2.69
 -75223.972    -3.510    -1.46    2.25
 -74848.044    -3.812    -0.80    2.53
 -74472.120    -5.353    -4.10    3.86
 -74096.198    -7.985    -7.00    4.68
 -73720.280   -10.132    -5.71    4.58
 -73344.364   -10.717    -1.56    4.31
 -72968.452   -11.485    -2.04    3.56
 -72592.543   -10.426     2.82    3.95
 -72216.637    -9.564     2.29    4.25
 -71840.735    -9.510     0.14    4.98
 -71464.835    -9.768    -0.69    5.25
 -71088.938   -10.896    -3.00    5.47
 -70713.045   -11.676    -2.07    5.72
 -70337.155   -13.294    -4.30    3.63
 -69961.268   -13.672    -1.01    3.44
 -69585.384   -12.204     3.91    6.17
 -69209.503    -9.287     7.76    8.35
 -68833.625    -7.835     3.86    8.84
 -68457.751    -5.409     6.45    9.42
 -68081.879    -3.774     4.35    9.88
 -67706.011    -1.958     4.83   10.43
 -67330.145    -2.564    -1.61   10.07
 -66954.283    -3.462    -2.39    9.31
 -66578.424    -4.985    -4.05    8.33
 -66202.568    -6.132    -3.05    7.79
 -65826.715    -5.932     0.53    7.19
 -65450.865    -6.176    -0.65    5.85
 -65075.019    -7.178    -2.67    5.24
 -64699.175    -8.409    -3.27    5.42
 -64323.334    -9.898    -3.96    6.13
 -63947.497   -11.645    -4.65    5.89
 -63571.663   -13.429    -4.75    3.69
 -63195.831   -14.537    -2.95    0.00
 -62820.003   -14.487     0.13    0.22
 -62444.178   -12.132     6.27    6.06
 -62068.356    -9.358     7.38    6.98
 -61692.537    -6.432     7.79    7.00
 -61316.722    -4.537     5.04    5.46
 -60940.909    -4.672    -0.36    5.10
 -60565.099    -5.637    -2.57    5.92
 -60189.293    -6.195    -1.48    6.90
 -59813.135    -4.916     3.40    8.10
 -59436.716    -2.456     6.53    8.40
 -59060.299     1.963    11.74    6.38
 -58683.886     3.283     3.51    4.44
 -58307.476     1.001    -6.06    5.70
 -57931.069    -1.052    -5.45    6.17
 -57554.665    -2.429    -3.66    4.93
 -57178.264    -0.672     4.67    4.95
 -56801.867     1.868     6.75    4.95
 -56425.472     4.213     6.23    4.07
 -56049.080     5.598     3.68    3.99
 -55672.692     6.989     3.70    4.50
 -55296.306     9.042     5.45    4.02
 -54919.924    11.258     5.89    3.64
 -54543.544    13.030     4.71    3.28
 -54167.168    14.283     3.33    2.80
 -53790.795    15.647     3.62    2.18
 -53414.424    16.046     1.06    2.42
 -53038.057    16.436     1.04    2.44
 -52661.693    17.138     1.87    2.45
 -52285.332    16.936    -0.54    2.81
 -51908.974    16.950     0.04    2.81
 -51532.619    17.806     2.28    3.09
 -51156.267    17.382    -1.13    2.86
 -50779.918    15.949    -3.81    3.25
 -50403.572    15.409    -1.44    3.31
 -50027.229    14.104    -3.47    3.29
 -49650.889    13.895    -0.55    4.27
 -49274.553    11.565    -6.19    4.68
 -48898.219     9.847    -4.57    4.65
 -48521.888     7.847    -5.31    5.46
 -48145.561     5.301    -6.77    4.27
 -47769.236     4.540    -2.02    4.60
 -47392.914     4.305    -0.62    4.89
 -47016.596     4.879     1.53    5.18
 -46640.280     3.625    -3.33    5.20
 -46263.968     1.787    -4.88    4.94
 -45887.658     1.726    -0.16    5.00
 -45511.352     0.668    -2.81    4.15
 -45135.048     0.900     0.62    4.15
 -44758.748     1.384     1.29    3.94
 -44382.450     1.873     1.30    3.55
 -44006.156     2.192     0.85    4.05
 -43629.864     1.873    -0.85    4.59
 -43253.576     2.030     0.42    4.93
 -42877.290     2.437     1.08    5.59
 -42501.008     1.386    -2.79    6.01
 -42124.728    -0.537    -5.11    7.93
 -41748.452    -2.669    -5.66    8.52
 -41372.178    -6.537   -10.28    8.09
 -40995.908    -9.281    -7.29    7.40
 -40619.641   -12.260    -7.92    5.05
 -40243.376   -14.274    -5.35    1.00
 -39867.115   -14.375    -0.27    0.90
 -39490.856   -14.429    -0.14    0.61
 -39114.601   -14.512    -0.22    0.16
 -38738.348   -14.537    -0.07    0.00
 -38362.099   -14.460     0.20    0.48
 -37985.852   -13.589     2.32    3.84
 -37609.608   -13.037     1.47    4.94
 -37233.368   -11.383     4.40    7.16
 -36857.130    -8.916     6.56   10.19
 -36480.896    -7.101     4.82   10.70
 -36104.664    -3.879     8.56   11.97
 -35728.435    -1.222     7.06   11.60
 -35352.210     1.936     8.39   11.07
 -34975.987     5.232     8.76    9.65
 -34599.767     7.563     6.20    6.69
 -34223.550     9.436     4.98    3.33
 -33847.336     9.568     0.35    2.59
 -33471.125     8.436    -3.01    2.85
 -33094.918     7.192    -3.31    3.45
 -32718.713     6.517    -1.80    3.05
 -32342.510     7.492     2.59    2.93
 -31966.311     8.617     2.99    2.65
 -31590.115     9.027     1.09    2.82
 -31213.922     9.296     0.72    3.23
 -30837.732     9.001    -0.78    3.76
 -30461.545     6.963    -5.42    5.21
 -30085.360     4.950    -5.35    5.54
 -29709.179     2.594    -6.26    5.07
 -29333.000     1.591    -2.67    4.54
 -28956.825     0.192    -3.72    5.00
 -28580.652    -1.640    -4.87    4.20
 -28204.483    -2.367    -1.93    3.36
 -27828.316    -2.815    -1.19    2.64
 -27452.152    -2.589     0.60    2.72
 -27075.991    -2.011     1.54    2.44
 -26699.833    -0.429     4.21    3.58
 -26323.679     1.165     4.24    4.66
 -25947.526     3.091     5.12    5.35
 -25571.377     5.206     5.62    5.57
 -25195.231     7.386     5.79    5.54
 -24819.088    10.074     7.15    5.96
 -24442.947    13.129     8.12    5.55
 -24066.810    15.824     7.16    4.85
 -23690.675    17.206     3.68    4.51
 -23314.544    19.822     6.95    3.20
 -22938.415    21.278     3.87    2.95
 -22562.289    22.030     2.00    3.80
 -22186.166    22.565     1.42    3.58
 -21810.046    25.013     6.51   12.62
 -21433.929    24.733    -0.74   14.50
 -21057.815    24.386    -0.92   15.02
 -20681.704    19.278   -13.58    7.13
 -20305.595    17.030    -5.98    7.51
 -19929.490    18.328     3.45    9.19
 -19553.387    19.406     2.87   10.45
 -19177.288    25.232    15.49   13.69
 -18801.191    29.263    10.72   11.82
 -18425.097    30.895     4.34   11.33
 -18049.006    29.770    -2.99   10.87
 -17672.918    28.185    -4.22    9.13
 -17296.832    26.936    -3.32    6.56
 -16920.750    26.155    -2.08    7.23
 -16544.671    32.963    18.10   18.73
 -16168.594    56.192    61.77   47.44
 -15792.520    83.488    72.58   58.71
 -15416.449    98.813    40.75   53.28
 -15040.381    97.436    -3.66   57.24
 -14664.316    78.438   -50.52   54.19
 -14288.254    53.571   -66.12   27.34
 -13912.195    46.409   -19.05   18.65
 -13536.138    48.544     5.68   20.04
 -13160.085    46.129    -6.42   20.77
 -12784.034    41.540   -12.21   18.98
 -12407.986    38.763    -7.38   19.68
 -12031.941    36.157    -6.93   19.02
 -11655.899    30.713   -14.48   13.48
 -11279.859    26.989    -9.90    5.64
 -10903.823    25.078    -5.08    5.50
 -10527.789    25.411     0.89    7.47
 -10151.758    22.936    -6.58    4.69
  -9775.730    21.824    -2.96    4.85
  -9399.705    23.884     5.48    9.99
  -9023.683    28.538    12.38   18.80
  -8647.664    30.935     6.38   21.28
  -8271.647    39.001    21.45   37.03
  -7895.634    36.594    -6.40   35.24
  -7519.623    30.544   -16.09   22.06
  -7143.615    35.084    12.08   27.02
  -6767.609    40.074    13.27   36.13
  -6391.607    37.950    -5.65   37.24
  -6015.608    29.913   -21.38   33.69
  -5639.611    19.787   -26.93   15.62
  -5263.617    14.088   -15.16    6.48
  -4887.626    13.147    -2.50    5.28
  -4511.638    14.594     3.85    5.71
  -4135.652    17.700     8.26    5.06
  -3759.670    19.700     5.32    6.42
  -3383.690    20.213     1.36    6.21
  -3007.713    20.673     1.22   13.02
  -2631.739    18.213    -6.54    4.94
  -2255.768    20.740     6.72    9.05
  -1879.799    21.411     1.78    8.97
  -1503.834    21.360    -0.14    9.15
  -1127.871    18.274    -8.21   10.28
   -751.911    13.246   -13.37   12.07
   -375.953     7.382   -15.60    9.22
      0.001     2.796   -12.20    7.88
    375.953     2.138    -1.75    7.07
    751.901     4.382     5.97    7.92
   1127.847     8.163    10.06    7.46
   1503.791    11.884     9.90    5.80
   1879.731    15.278     9.03    4.67
   2255.669    16.003     1.93    5.40
   2631.604    16.899     2.38    6.07
   3007.536    14.015    -7.67    9.41
   3383.465     8.976   -13.40   10.37
   3759.391     3.542   -14.46    9.32
   4135.315    -0.398   -10.48    5.57
   4511.236     0.129     1.40    6.06
   4887.154     2.258     5.66    7.82
   5263.070     3.111     2.27    7.41
   5638.982     5.165     5.46    8.39
   6014.892     5.436     0.72    9.31
   6390.799     3.334    -5.59    8.49
   6766.703     1.788    -4.11    7.51
   7142.605     0.922    -2.30    6.23
   7518.503     1.334     1.10    7.54
   7894.399     1.568     0.62    7.24
   8270.293     1.384    -0.49    7.01
   8646.183     0.922    -1.23    7.01
   9022.071     0.513    -1.09    6.50
   9397.956    -0.748    -3.35    4.74
   9773.838    -0.871    -0.33    4.74
  10149.717    -1.011    -0.37    4.32
  10525.594    -0.037     2.59    7.65
  10901.468     3.334     8.97   11.10
  11277.339    10.693    19.58   14.46
  11653.207    22.574    31.61   27.17
  12029.073    46.841    64.56   41.34
  12404.936    56.219    24.95   38.67
  12780.796    54.357    -4.95   39.42
  13156.653    44.088   -27.32   38.01
  13532.508    29.301   -39.34   20.77
  13908.360    22.129   -19.08    6.35
  14284.209    24.568     6.49    9.59
  14660.055    25.924     3.61    9.37
  15035.899    27.355     3.81    8.18
  15412.226    25.988    -3.63    4.72
  15788.605    28.357     6.30    7.40
  16164.980    31.935     9.51   10.13
  16541.353    38.517    17.49   16.27
  16917.724    46.935    22.37   23.17
  17294.091    60.745    36.69   45.18
  17670.456    68.719    21.19   50.24
  18046.818    64.863   -10.25   50.67
  18423.177    54.355   -27.92   38.38
  18799.534    47.057   -19.39   18.66
  19175.888    46.192    -2.30   13.76
  19552.239    51.138    13.14   18.59
  19928.587    51.679     1.44   17.29
  20304.933    48.463    -8.55   10.17
  20681.276    46.719    -4.63    8.63
  21057.616    52.437    15.19   21.76
  21433.954    60.895    22.47   31.11
  21810.289    64.013     8.28   33.01
  22186.621    63.778    -0.62   33.05
  22562.950    60.713    -8.15   28.03
  22939.277    60.544    -0.45   19.47
  23315.601    70.787    27.22   22.35
  23691.922    82.305    30.61   26.10
  24068.241    84.104     4.78   22.48
  24444.557    87.025     7.76   23.04
  24820.870    98.778    31.23   25.72
  25197.180   104.922    16.33   24.21
  25573.488   108.598     9.77   21.93
  25949.793   125.027    43.66   22.48
  26326.096   137.192    32.33   20.82
  26702.395   140.950     9.99   17.20
  27078.693   139.873    -2.86   18.32
  27454.987   135.437   -11.79   18.81
  27831.279   128.165   -19.32   20.73
  28207.568   125.463    -7.18   21.08
  28583.854   131.305    15.53   22.74
  28960.138   135.407    10.90   25.47
  29336.419   133.949    -3.87   28.76
  29712.697   119.868   -37.42   33.24
  30088.973    98.030   -58.04   25.49
  30465.245    90.463   -20.11   17.94
  30841.516    90.775     0.83   18.13
  31217.783    91.104     0.87   18.33
  31594.048    88.411    -7.16   18.42
  31970.311    82.740   -15.07   17.04
  32346.570    78.899   -10.21   12.74
  32722.827    78.111    -2.09   12.54
  33099.082    79.437     3.52   15.11
  33475.333    77.621    -4.83   12.24
  33851.582    75.617    -5.33   12.36
  34227.829    72.173    -9.15    8.03
  34604.072    72.847     1.79    9.48
  34980.313    70.873    -5.25    8.88
  35356.552    70.907     0.09    9.50
  35732.787    70.192    -1.90    8.66
  36109.020    71.922     4.60   11.63
  36485.251    73.841     5.10   13.23
  36861.479    72.301    -4.09   12.74
  37237.704    71.404    -2.38   12.01
  37613.926    71.950     1.45   11.62
  37990.146    68.411    -9.41    9.80
  38366.364    67.463    -2.52   10.94
  38742.578    61.668   -15.40   10.67
  39118.790    56.625   -13.40    9.01
  39495.000    53.847    -7.38    6.32
  39871.206    57.042     8.49   19.77
  40247.410    72.360    40.72   37.96
  40623.612    91.382    50.56   47.25
  40999.811    96.258    12.96   44.38
  41376.007    98.288     5.40   41.88
  41752.201    96.629    -4.41   41.87
  42128.392   101.673    13.41   45.43
  42504.580   109.544    20.92   44.94
  42880.766   110.057     1.37   44.97
  43256.949    87.084   -61.07   43.71
  43633.130    59.434   -73.50   18.95
  44009.308    51.338   -21.52   12.21
  44385.483    47.463   -10.30    6.20
  44761.656    46.652    -2.16    5.18
  45137.826    48.617     5.22    4.28
  45513.993    48.517    -0.27    5.01
  45890.158    46.436    -5.53    5.67
  46266.321    46.642     0.55    9.67
  46642.480    47.642     2.66   10.73
  47018.638    53.517    15.62   14.05
  47394.792    60.778    19.31   19.29
  47770.944    72.514    31.20   24.65
  48147.093    89.852    46.09   29.57
  48523.240    99.181    24.80   33.40
  48899.384    97.490    -4.50   34.45
  49275.526    94.274    -8.55   34.38
  49651.665    89.003   -14.01   27.75
  50027.801    84.907   -10.89   19.25
  50403.935    78.745   -16.38   15.09
  50780.067    74.913   -10.19   15.09
  51156.195    71.760    -8.38   12.05
  51532.322    71.155    -1.61   10.68
  51908.445    72.384     3.27    9.38
  52284.566    73.386     2.66    7.69
  52660.685    75.129     4.64    8.29
  53036.800    77.976     7.57    9.09
  53412.914    79.713     4.62    9.63
  53789.024    77.542    -5.77    9.41
  54165.133    74.258    -8.73    9.15
  54541.238    70.407   -10.24    8.42
  54917.341    68.745    -4.42    9.08
  55293.442    67.226    -4.04    9.49
  55669.540    65.003    -5.91    6.74
  56045.635    63.895    -2.95    8.24
  56421.728    63.435    -1.22    8.34
  56797.818    64.386     2.53   10.92
  57173.906    71.338    18.48   19.71
  57549.991    78.625    19.38   22.33
  57926.074    80.863     5.95   21.42
  58302.154    78.621    -5.96   21.94
  58678.232    73.252   -14.27    9.80
  59054.307    76.895     9.69   12.20
  59430.379    80.263     8.95   13.14
  59806.449    84.629    11.61   14.67
  60182.517    83.030    -4.25   16.30
  60558.582    76.700   -16.83   19.31
  60934.644    68.806   -20.99   18.00
  61310.704    65.258    -9.43   12.91
  61686.761    63.873    -3.68   10.69
  62062.816    65.463     4.23   11.81
  62438.868    71.030    14.81   22.55
  62814.918    76.490    14.52   34.52
  63190.965    72.796    -9.82   39.99
  63567.010    70.213    -6.87   41.39
  63943.052    61.111   -24.20   33.39
  64319.092    54.181   -18.43   31.38
  64695.129    51.647    -6.74   28.51
  65071.164    44.936   -17.85   21.15
  65447.196    40.463   -11.90   11.37
  65823.225    44.738    11.37   14.10
  66199.252    53.305    22.78   11.31
  66575.277    59.328    16.02   10.40
  66951.299    65.752    17.09   11.75
  67327.319    75.740    26.56   15.93
  67703.336    79.822    10.85   15.70
  68079.351    83.540     9.89   16.82
  68455.363    95.691    32.32   28.91
  68831.372   111.895    43.09   32.46
  69207.380   119.219    19.48   29.45
  69583.384   119.278     0.16   33.87
  69959.386   104.113   -40.33   37.03
  70335.386    92.814   -30.05   39.93
  70711.383    86.357   -17.17   39.14
  71087.378    88.726     6.30   39.72
  71463.370    93.206    11.92   38.85
  71839.360    94.192     2.62   34.99
  72215.347    87.088   -18.90   35.75
  72591.332    76.357   -28.54   33.16
  72967.314    68.435   -21.07   25.17
  73343.294    71.544     8.27   28.01
  73719.272    82.074    28.01   37.91
  74095.246    87.181    13.58   45.53
  74471.219    85.001    -5.80   49.10
  74847.189    78.063   -18.45   46.11
  75223.156    65.219   -34.16   33.22
  75599.121    56.895   -22.14   15.39
  75975.084    53.382    -9.35    5.40
  76351.044    53.438     0.15    4.48
  76727.002    53.138    -0.80    4.61
  77102.957    52.621    -1.38    4.05
  77478.910    52.594    -0.07    4.01
  77854.860    54.232     4.36    4.37
  78230.808    55.138     2.41    3.39
  78606.753    55.838     1.86    2.95
  78982.696    56.252     1.10    2.63
  79358.637    55.713    -1.43    2.30
  79734.575    56.679     2.57    2.07
  80110.511    56.240    -1.17    2.13
  80486.444    56.514     0.73    2.11
  80862.374    57.437     2.46    2.40
  81238.303    57.577     0.37    2.43
  81614.229    58.078     1.33    2.46
  81990.152    58.571     1.31    2.08
  82366.073    58.935     0.97    2.20
  82741.992    59.104     0.45    3.72
  83117.908    57.805    -3.46    4.52
  83493.822    54.796    -8.00    4.75
  83869.733    51.989    -7.47    3.52
  84245.642    49.413    -6.85    3.10
  84621.548    46.165    -8.64    4.72
  84997.452    44.268    -5.05    5.32
  85373.354    42.001    -6.03    5.41
  85749.253    40.379    -4.31    5.44
  86125.150    39.706    -1.79    5.24
  86501.044    41.355     4.39    5.71
  86876.936    43.598     5.97    5.62
  87252.826    46.514     7.76    3.25
  87628.713    47.352     2.23    2.42
  88004.598    47.693     0.91    2.62
  88380.480    49.173     3.94    3.43
  88756.360    51.324     5.72    3.42
  89132.238    53.668     6.24    3.05
  89508.113    55.437     4.71    2.85
  89883.986    54.540    -2.39    3.60
  90259.967    53.357    -3.14    4.74
  90636.320    54.617     3.35    6.47
  91012.670    55.841     3.25    6.99
  91389.018    58.847     7.99    7.33
  91765.364    59.796     2.52    7.02
  92141.707    57.046    -7.31    5.88
  92518.047    56.625    -1.12    4.84
  92894.386    55.787    -2.23    4.10
  93270.722    54.733    -2.80    4.44
  93647.055    52.068    -7.08    5.74
  94023.386    49.879    -5.82    5.71
  94399.715    47.963    -5.09    4.89
  94776.041    47.384    -1.54    5.63
  95152.365    46.219    -3.09    5.97
  95528.687    44.181    -5.42    7.22
  95905.006    43.357    -2.19    9.69
  96281.323    43.515     0.42   11.34
  96657.638    44.200     1.82   12.57
  97033.950    45.591     3.70   12.06
  97410.260    46.355     2.03   10.68
  97786.567    47.565     3.22    9.35
  98162.872    48.238     1.79    8.93
  98539.175    48.720     1.28    8.19
  98915.475    50.138     3.77    7.10
  99291.773    51.274     3.02    5.94
  99668.068    49.409    -4.96    5.15
 100044.362    51.436     5.39    5.81
 100420.653    53.006     4.17    5.39
 100796.941    63.088    26.79   24.70
 101173.227    73.515    27.71   34.62
 101549.511    71.138    -6.32   37.80
 101925.793    60.873   -27.28   34.61
 102302.072    46.778   -37.46   19.08
 102678.348    41.591   -13.79    4.71
 103054.623    42.409     2.17    3.79
 103430.895    43.642     3.28    2.51
 103807.165    44.796     3.07    1.45
 104183.432    45.042     0.65    1.33
 104559.697    45.538     1.32    1.23
 104935.960    45.727     0.50    1.46
 105312.220    45.642    -0.23    1.92
 105688.479    45.409    -0.62    1.87
 106064.734    45.084    -0.86    2.02
 106440.988    45.409     0.86    1.94
 106817.239    45.574     0.44    1.86
 107193.488    45.924     0.93    1.70
 107569.734    46.309     1.02    1.57
 107945.978    46.226    -0.22    1.38
 108322.220    47.015     2.10    2.55
 108698.460    48.206     3.17    3.46
 109074.697    48.950     1.98    4.17
 109450.932    49.301     0.93    4.39
 109827.164    50.693     3.70    6.34
 110203.394    51.435     1.97    8.16
 110579.622    48.384    -8.11   11.37
 110955.848    45.226    -8.39   12.98
 111332.071    44.181    -2.78   12.83
 111708.292    44.950     2.04   10.97
 112084.511    48.700     9.97   11.75
 112460.728    52.379     9.78   12.66
 112836.942    55.030     7.05   12.89
 113213.154    55.407     1.00   13.00
 113589.363    51.489   -10.41   11.39
 113965.570    48.219    -8.69   10.09
 114341.775    44.463    -9.98    9.05
 114717.978    41.950    -6.68    7.73
 115094.178    42.752     2.13    7.67
 115470.377    42.822     0.18    7.04
 115846.572    43.868     2.78    6.03
 116222.766    44.488     1.65    5.55
 116598.957    45.706     3.24    6.25
 116975.146    45.814     0.29    5.88
 117351.333    47.598     4.74    6.03
 117727.517    56.606    23.94   20.75
 118103.699    55.386    -3.24   20.16
 118479.879    51.770    -9.61   22.54
 118856.057    46.102   -15.07   25.73
 119232.232    32.598   -35.90   17.26
 119608.405    27.490   -13.58    7.93
 119984.576    29.857     6.29    9.31
 120360.745    34.488    12.31    9.60
 120736.911    39.301    12.79    7.89
 121113.075    43.015     9.88    3.97
 121489.237    43.384     0.98    4.00
 121865.396    42.899    -1.29    4.02
 122241.553    42.976     0.21    4.09
 122617.708    44.213     3.29    4.50
 122993.861    46.042     4.86    3.91
 123370.012    47.382     3.56    2.82
 123746.160    47.517     0.36    2.44
 124122.306    47.657     0.37    2.12
 124498.450    47.796     0.37    2.26
 124874.591    47.693    -0.27    2.80
 125250.731    47.379    -0.84    3.56
 125626.868    46.463    -2.44    4.32
 126003.002    44.652    -4.81    5.85
 126379.135    43.490    -3.09    6.17
 126755.265    42.413    -2.86    6.24
 127131.393    42.355    -0.15    5.80
 127507.519    43.857     4.00    5.72
 127883.643    46.673     7.49    5.73
 128259.764    47.899     3.26    5.30
 128635.884    49.814     5.09    4.19
 129012.001    50.390     1.53    4.07
 129388.115    51.796     3.74    2.65
 129764.228    51.963     0.44    3.31
 130140.338    51.922    -0.11    4.30
 130516.446    50.301    -4.31    5.87
 130892.552    49.488    -2.16    4.89
 131268.656    48.001    -3.95    5.65
 131644.757    47.463    -1.43    5.99
 132020.856    48.540     2.86    6.75
 132396.954    50.410     4.97    6.09
 132773.048    52.213     4.79    4.95
 133149.141    52.232     0.05    4.07
 133525.231    51.173    -2.81    5.50
 133901.320    47.668    -9.32    7.15
 134277.406    44.173    -9.29    7.54
 134653.489    41.088    -8.20    6.42
 135029.571    38.571    -6.69    2.92
 135405.651    38.838     0.71    3.71
 135781.728    39.129     0.78    3.67
 136157.803    39.018    -0.30    3.26
 136533.876    41.192     5.78    5.05
 136909.946    45.571    11.64    6.89
 137286.015    49.138     9.49    6.11
 137662.081    49.514     1.00    5.47
 138038.145    47.355    -5.74    7.83
 138414.207    44.591    -7.35    8.40
 138790.267    41.015    -9.51    7.44
 139166.325    40.003    -2.69    6.83
 139542.380    41.258     3.34    6.14
 139918.433    41.565     0.82    5.63
 140294.484    42.568     2.67    5.77
 140670.533    42.463    -0.28    5.40
 141046.580    41.719    -1.98    5.01
 141422.624    41.922     0.54    5.24
 141798.667    43.719     4.78    6.33
 142174.707    46.413     7.16    6.95
 142550.745    48.806     6.36    6.41
 142926.781    51.219     6.42    6.62
 143302.815    53.490     6.04    6.95
 143678.846    56.598     8.27    6.92
 144054.876    59.200     6.92    5.41
 144430.903    61.435     5.94    3.73
 144806.928    63.138     4.53    1.61
 145182.951    63.155     0.05    1.59
 145558.972    63.057    -0.26    1.82
 145934.991    60.488    -6.83    5.35
 146311.007    57.121    -8.96    7.04
 146687.022    54.173    -7.84    6.81
 147063.034    51.328    -7.57    5.29
 147439.044    52.027     1.86    6.04
 147815.052    55.435     9.06    7.53
 148191.058    57.360     5.12    7.33
 148567.062    61.463    10.91    6.30
 148943.063    64.786     8.84    3.65
 149319.063    64.841     0.15    3.43
 149695.060    65.030     0.50    2.79
 150071.055    64.094    -2.49    3.35
 150447.048    64.147     0.14    4.02
 150823.039    64.706     1.49    4.09
 151199.028    65.638     2.48    3.30
 151575.015    66.309     1.79    2.44
 151951.000    66.121    -0.50    2.13
 152326.982    66.042    -0.21    2.62
 152702.962    65.936    -0.28    3.57
 153078.941    65.001    -2.49    3.78
 153454.917    64.436    -1.50    3.83
 153830.891    64.976     1.44    3.52
 154206.863    66.102     3.00    2.99
 154582.833    66.770     1.78    3.39
 154958.800    67.873     2.93    2.20
 155334.766    67.275    -1.59    4.80
 155710.729    63.700    -9.51    7.17
 156086.691    60.409    -8.75    7.78
 156462.650    58.895    -4.03    7.35
 156838.607    59.232     0.90    7.39
 157214.562    61.192     5.21    7.45
 157590.515    61.770     1.54    7.22
 157966.466    61.693    -0.20    7.61
 158342.415    59.384    -6.14    7.32
 158718.362    57.057    -6.19    6.55
 159094.307    54.693    -6.29    5.67
 159470.249    55.693     2.66    5.73
 159846.190    58.192     6.65    6.66
 160222.128    60.693     6.65    7.22
 160598.064    63.679     7.94    5.57
 160973.999    61.895    -4.74    6.64
 161349.931    60.488    -3.74    6.62
 161725.861    59.650    -2.23    7.21
 162101.789    62.232     6.87    7.84
 162477.715    66.258    10.71    6.19
 162853.639    67.796     4.09    3.71
 163229.561    63.052   -12.62    8.25
 163605.481    58.328   -12.57    9.18
 163981.398    55.078    -8.64    7.46
 164357.314    52.847    -5.93    5.88
 164733.228    53.068     0.59    5.40
 165109.139    50.989    -5.53    8.11
 165485.277    45.847   -13.67   10.20
 165861.588    41.258   -12.20    9.15
 166237.897    38.976    -6.06    8.23
 166614.204    41.910     7.80   10.15
 166990.508    48.436    17.34    8.94
 167366.811    52.544    10.91    5.27
 167743.112    53.382     2.23    3.45
 168119.411    51.681    -4.52    4.25
 168495.707    51.540    -0.38    4.86
 168872.002    51.078    -1.23    4.84
 169248.294    50.490    -1.56    4.16
 169624.585    51.565     2.86    3.29
 170000.873    51.990     1.13    2.52
 170377.159    52.258     0.71    2.48
 170753.444    53.410     3.06    2.50
 171129.726    53.752     0.91    2.20
 171506.006    53.571    -0.48    2.17
 171882.285    53.155    -1.11    2.07
 172258.561    52.999    -0.41    1.58
 172634.835    52.907    -0.24    1.98
 173011.107    52.617    -0.77    2.02
 173387.377    52.409    -0.55    1.81
 173763.645    52.111    -0.79    2.00
 174139.911    50.544    -4.17    2.99
 174516.175    49.377    -3.10    2.79
 174892.437    47.258    -5.63    4.14
 175268.697    45.588    -4.44    4.11
 175644.955    45.517    -0.19    4.33
 176021.211    45.822     0.81    4.55
 176397.465    46.602     2.07    4.24
 176773.717    47.042     1.17    4.14
 177149.967    46.155    -2.36    4.53
 177526.215    46.568     1.10    4.29
 177902.461    47.030     1.23    4.05
 178278.705    48.726     4.51    3.92
 178654.947    47.138    -4.22    5.39
 179031.187    45.679    -3.88    6.00
 179407.425    45.713     0.09    5.98
 179783.661    45.673    -0.10    6.41
 180159.895    47.246     4.18    6.57
 180536.127    43.301   -10.49    9.47
 180912.357    38.907   -11.68   10.49
 181288.585    39.591     1.82   10.61
 181664.811    40.038     1.19   10.46
 182041.035    42.301     6.01   10.01
 182417.257    45.063     7.34    8.75
 182793.477    45.226     0.43    8.49
 183169.695    44.515    -1.89    8.82
 183545.911    44.331    -0.49    8.68
 183922.125    45.334     2.67    8.58
 184298.337    44.700    -1.69    8.05
 184674.548    45.268     1.51    7.44
 185050.756    46.976     4.54    6.07
 185426.962    49.074     5.58    2.79
 185803.166    49.309     0.62    1.83
 186179.369    49.104    -0.55    1.83
 186555.569    48.907    -0.52    1.80
 186931.767    48.490    -1.11    2.01
 187307.964    48.490     0.00    2.14
 187684.158    47.594    -2.38    3.16
 188060.351    45.745    -4.92    4.92
 188436.541    45.355    -1.04    5.37
 188812.730    45.938     1.55    5.32
 189188.916    46.360     1.12    5.63
 189565.101    47.805     3.84    5.28
 189941.284    48.922     2.97    4.45
 190317.464    48.822    -0.27    3.86
 190693.643    47.847    -2.59    3.40
 191069.820    47.129    -1.91    2.83
 191445.995    47.386     0.68    3.52
 191822.168    46.852    -1.42    3.42
 192198.339    45.617    -3.28    4.00
 192574.508    45.950     0.89    3.99
 192950.675    46.341     1.04    3.86
 193326.841    46.409     0.18    3.80
 193703.004    46.015    -1.05    3.64
 194079.165    45.787    -0.61    3.73
 194455.325    45.232    -1.48    4.27
 194831.482    43.824    -3.74    4.56
 195207.638    43.873     0.13    4.42
 195583.791    43.488    -1.02    4.36
 195959.943    44.283     2.11    4.03
 196336.093    45.490     3.21    3.70
 196712.241    45.384    -0.28    4.15
 197088.387    45.147    -0.63    4.53
 197464.531    46.157     2.69    4.29
 197840.673    46.976     2.18    3.43
 198216.813    48.517     4.10    2.97
 198592.952    48.621     0.28    2.43
 198969.088    48.565    -0.15    2.33
 199345.223    48.806     0.64    2.29
 199721.355    48.936     0.35    2.01
 200097.486    48.910    -0.07    1.95
 200473.615    48.976     0.18    1.64
 200849.742    48.745    -0.62    1.62
 201225.867    48.625    -0.32    1.82
 201601.990    48.488    -0.36    1.99
 201978.111    47.796    -1.84    2.49
 202354.230    47.015    -2.08    2.66
 202730.348    46.192    -2.19    2.55
 203106.463    46.052    -0.37    2.68
 203482.577    45.989    -0.17    3.54
 203858.689    46.046     0.15    4.51
 204234.799    45.274    -2.05    5.82
 204610.907    44.868    -1.08    6.67
 204987.013    46.328     3.88    5.82
 205363.117    48.104     4.72    4.00
 205739.220    49.494     3.70    1.66
 206115.320    49.258    -0.63    1.82
 206491.419    48.976    -0.75    1.88
 206867.515    49.268     0.78    1.95
 207243.610    49.258    -0.03    1.81
 207619.703    49.733     1.26    2.09
 207995.794    50.027     0.78    2.06
 208371.884    50.594     1.51    1.95
 208747.971    50.668     0.20    1.89
 209124.057    50.571    -0.26    1.66
 209500.140    50.873     0.80    1.74
 209876.222    50.663    -0.56    1.84
 210252.302    50.320    -0.91    1.54
 210628.380    50.544     0.60    1.80
 211004.457    50.652     0.29    1.75
 211380.531    50.652     0.00    1.82
 211756.604    50.084    -1.51    1.77
 212132.674    49.433    -1.73    2.08
 212508.743    49.413    -0.05    2.07
 212884.810    49.052    -0.96    2.31
 213260.875    48.895    -0.42    2.62
 213636.939    48.001    -2.38    3.60
 214013.000    46.436    -4.16    4.45
 214389.060    45.278    -3.08    4.22
 214765.118    44.568    -1.89    4.55
 215141.174    44.899     0.88    4.04
 215517.228    44.625    -0.73    4.41
 215893.280    44.121    -1.34    4.03
 216269.330    43.013    -2.95    4.60
 216645.379    41.602    -3.75    5.11
 217021.426    39.963    -4.36    4.73
 217397.471    38.192    -4.71    4.55
 217773.514    36.490    -4.53    3.10
 218149.556    36.274    -0.57    1.96
 218525.595    36.157    -0.31    2.01
 218901.633    37.104     2.52    3.36
 219277.669    37.591     1.30    3.78
 219653.703    39.138     4.12    4.60
 220029.735    41.155     5.36    5.41
 220405.766    43.542     6.35    5.86
 220781.794    46.386     7.56    6.43
 221157.821    48.490     5.60    6.38
 221533.846    49.642     3.06    5.23
 221909.869    49.852     0.56    2.96
 222285.891    49.252    -1.59    2.43
 222661.910    49.155    -0.26    2.27
 223037.928    49.492     0.90    2.63
 223413.944    49.437    -0.15    2.75
 223789.959    50.057     1.65    2.58
 224165.971    50.733     1.80    2.76
 224541.982    51.355     1.65    3.03
 224917.991    51.546     0.51    2.92
 225293.998    52.565     2.71    3.48
 225670.003    52.975     1.09    3.52
 226046.006    53.787     2.16    3.87
 226422.008    57.206     9.09    6.93
 226798.008    58.568     3.62    6.66
 227174.006    59.770     3.20    6.56
 227550.003    62.274     6.66    6.77
 227925.997    62.232    -0.11    6.98
 228301.990    61.301    -2.48    6.25
 228677.981    62.706     3.74    6.67
 229053.970    61.355    -3.59    5.61
 229429.958    61.227    -0.34    5.46
 229805.944    61.950     1.92    5.58
 230181.928    62.693     1.98    5.50
 230557.910    60.629    -5.49    5.21
 230933.890    58.463    -5.76    4.49
 231309.869    58.490     0.07    4.89
 231685.846    57.621    -2.31    3.92
 232061.821    58.163     1.44    4.30
 232437.795    58.328     0.44    4.26
 232813.766    57.924    -1.07    3.77
 233189.736    57.252    -1.79    3.23
 233565.704    57.936     1.82    3.96
 233941.671    58.003     0.18    4.01
 234317.635    58.238     0.62    4.76
 234693.598    59.490     3.33    5.74
 235069.559    61.490     5.32    6.92
 235445.519    63.003     4.03    6.76
 235821.477    63.348     0.92    6.34
 236197.432    62.181    -3.11    6.39
 236573.387    60.642    -4.09    5.70
 236949.339    60.907     0.70    6.49
 237325.290    60.042    -2.30    6.88
 237701.239    58.546    -3.98    6.70
 238077.186    58.173    -0.99    6.71
 238453.132    57.693    -1.28    6.04
 238829.076    59.057     3.63    6.16
 239205.018    59.147     0.24    5.93
 239580.958    57.963    -3.15    6.04
 239956.897    55.360    -6.92    6.84
 240332.834    52.274    -8.21    6.81
 240709.084    48.334   -10.47    6.31
 241085.366    45.258    -8.18    7.31
 241461.647    43.787    -3.91    6.82
 241837.926    41.787    -5.32    7.25
 242214.203    39.625    -5.75    6.99
 242590.479    39.258    -0.98    7.11
 242966.753    39.386     0.34    7.94
 243343.025    43.148    10.00   11.66
 243719.295    50.411    19.30   12.66
 244095.564    55.542    13.63    9.82
 244471.831    59.296     9.98    5.17
 244848.096    59.232    -0.17    5.71
 245224.360    59.745     1.36    5.69
 245600.621    60.668     2.45    5.57
 245976.882    59.805    -2.29    5.76
 246353.140    58.313    -3.97    5.97
 246729.397    56.157    -5.73    4.77
 247105.652    55.638    -1.38    4.43
 247481.905    56.360     1.92    4.94
 247858.157    57.129     2.04    6.20
 248234.407    58.976     4.91    6.31
 248610.655    61.003     5.39    6.22
 248986.902    62.274     3.38    5.35
 249363.147    63.436     3.09    4.08
 249739.390    62.246    -3.16    4.83
 250115.632    59.873    -6.31    5.13
 250491.872    58.621    -3.33    6.14
 250868.110    61.192     6.84    8.19
 251244.347    62.822     4.33    7.13
 251620.581    62.936     0.30    7.91
 251996.815    62.726    -0.56    7.31
 252373.046    60.074    -7.05    5.85
 252749.276    58.693    -3.67    5.67
 253125.504    58.219    -1.26    5.58
 253501.731    58.411     0.51    5.92
 253877.956    59.181     2.04    5.91
 254254.179    59.320     0.37    5.58
 254630.401    59.544     0.60    5.65
 255006.621    57.949    -4.24    4.65
 255382.839    56.382    -4.17    4.65
 255759.055    57.274     2.37    5.92
 256135.270    59.296     5.38    6.80
 256511.484    59.588     0.78    7.09
 256887.695    59.693     0.28    7.11
 257263.905    57.922    -4.71    7.17
 257640.114    53.305   -12.27    8.17
 258016.320    53.489     0.49    9.72
 258392.526    55.642     5.72   11.06
 258768.729    57.382     4.62   11.75
 259144.931    63.155    15.35    9.97
 259521.131    71.852    23.12   20.34
 259897.329    74.950     8.24   19.98
 260273.526    76.719     4.70   19.08
 260649.722    78.838     5.63   20.22
 261025.915    77.331    -4.00   17.41
 261402.107    79.571     5.95   20.90
 261778.298    89.192    25.58   40.59
 262154.486    91.868     7.11   43.64
 262530.673    89.602    -6.02   33.24
 262906.859    75.594   -37.23    9.43
 263283.043    71.001   -12.21    8.46
 263659.225    67.733    -8.69    8.57
 264035.406    63.463   -11.35    5.80
 264411.585    62.514    -2.52    5.03
 264787.762    62.847     0.89    4.82
 265163.938    62.571    -0.74    4.58
 265540.112    64.360     4.76    5.88
 265916.285    66.165     4.80    6.60
 266292.456    67.647     3.94    7.08
 266668.625    69.226     4.20    7.41
 267044.793    69.369     0.38    7.04
 267420.959    68.899    -1.25    5.41
 267797.124    68.542    -0.95    5.15
 268173.287    67.463    -2.87    3.17
 268549.448    69.745     6.07    5.79
 268925.608    72.296     6.78    6.47
 269301.766    71.617    -1.81    7.78
 269677.923    69.989    -4.33    8.26
 270054.078    66.922    -8.15    7.38
 270430.231    64.668    -5.99    5.32
 270806.383    64.488    -0.48    4.77
 271182.533    64.052    -1.16    5.05
 271558.682    62.625    -3.80    3.95
 271934.829    62.357    -0.71    4.54
 272310.974    62.922     1.50    6.12
 272687.118    64.192     3.38    6.42
 273063.261    65.057     2.30    5.83
 273439.402    65.992     2.49    5.54
 273815.541    65.411    -1.54    5.32
 274191.678    64.309    -2.93    5.07
 274567.814    63.852    -1.22    4.70
 274943.949    64.129     0.74    4.54
 275320.082    64.546     1.11    4.55
 275696.213    65.232     1.82    4.39
 276072.343    65.463     0.61    4.34
 276448.471    64.868    -1.58    4.42
 276824.598    64.515    -0.94    4.03
 277200.723    64.924     1.09    4.51
 277576.847    63.638    -3.42    4.25
 277952.969    63.111    -1.40    4.69
 278329.089    63.104    -0.02    5.22
 278705.208    63.386     0.75    5.56
 279081.326    63.713     0.87    5.68
 279457.441    63.246    -1.24    5.71
 279833.556    63.435     0.50    4.97
 280209.668    64.331     2.38    4.91
 280585.780    65.113     2.08    4.63
 280961.889    65.657     1.45    3.93
 281337.997    63.873    -4.74    4.49
 281714.104    62.868    -2.67    5.00
 282090.209    61.331    -4.09    4.83
 282466.313    61.752     1.12    4.39
 282842.415    62.568     2.17    4.40
 283218.515    62.246    -0.85    3.83
 283594.614    64.436     5.82    3.29
 283970.711    65.513     2.86    3.61
 284346.807    66.463     2.53    3.52
 284722.902    66.638     0.47    3.65
 285098.994    67.068     1.14    4.08
 285475.086    67.990     2.45    4.07
 285851.176    68.355     0.97    4.18
 286227.264    68.268    -0.23    3.82
 286603.351    69.206     2.49    3.33
 286979.436    70.988     4.74    3.05
 287355.520    72.057     2.84    2.92
 287731.602    71.863    -0.52    3.86
 288107.683    71.963     0.27    4.69
 288483.762    69.515    -6.51    4.86
 288859.839    67.463    -5.46    4.82
 289235.916    66.770    -1.84    3.92
 289611.990    66.568    -0.54    3.25
 289988.064    67.301     1.95    3.64
