# NaN NaN NaN ;Mean Elev.(m), Avg Gradient(m/km), RMS Gradient(m/km) - SRTM1     
#   24.862   0.408   6.420 ;Mean Elev.(m), Avg Gradient(m/km), RMS Gradient(m/km) - ASTER GDEM
#    8.731   0.002   2.670 ;Mean Elev.(m), Avg Gradient(m/km), RMS Gradient(m/km) - GMTED2010 
  7 298.079260   8.530174     6.484     6.490  6 52471.59230887 33.385
  8 298.081666   8.530831     0.843     0.892  6 52506.59228659 37.961
  9 298.089511   8.530662     6.643     6.680  6 52541.59226879 31.248
 10 298.079025   8.531557     3.869     3.763  5 52576.59231773 17.711
 11 298.081207   8.532613     3.789     3.759  6 52611.59228026 18.051
 12 298.083896   8.531522     2.466     2.360  6 52646.59226653 19.318
 13 298.090760   8.531306     1.493     1.519  6 52681.59223743 25.147
 15 298.070946   8.531147     1.539     1.489  5 52751.59232033 17.178
 16 298.082295   8.530102     3.525     3.661  6 52786.59226416 30.691
 17 298.083249   8.531633     4.964     5.065  6 52821.59233732 28.676
 18 298.086268   8.532216     6.570     6.573  6 52856.59238453 28.361
 19 298.079456   8.531658     7.088     7.151  6 52891.59241727 26.105
 20 298.080216   8.531949     5.942     5.988  6 52926.59236965 24.572
 21 298.091548   8.532122     4.867     4.776  5 52961.59233757 24.172
 22 298.081112   8.531889     3.412     3.328  6 52996.59237863 22.520
 23 298.081119   8.532173     2.053     2.051  6 53031.59233905 49.946
 24 298.086410   8.530617     2.270     2.438  6 53066.59234806 20.129
 25 298.078260   8.531383     2.289     2.179  6 53101.59234552 17.043
 26 298.088415   8.531644     2.657     2.600  5 53136.59234932 18.178
 27 298.080663   8.530204     4.947     4.964  6 53171.59240043 31.784
 28 298.081275   8.531875     6.532     6.603  6 53206.59241387 27.727
 29 298.086375   8.531910     7.012     7.031  6 53241.59238132 29.454
 30 298.085061   8.532318     6.572     6.603  6 53276.59235225 27.038
 31 298.080544   8.533042     5.005     5.079  6 53311.59239196 24.253
 32 298.084177   8.532418     3.587     3.505  6 53346.59235791 20.859
 33 298.085896   8.530607     3.115     3.077  6 53381.59231746 23.777
 34 298.089808   8.532265     2.078     1.815  6 53416.59233599 21.402
 35 298.086095   8.531478     1.822     1.797  5 53451.59233425 15.297
 36 298.075782   8.532356     2.596     2.640  6 53486.59241935 18.088
 37 298.085409   8.531243     3.699     3.840  6 53521.59241177 22.997
 38 298.076025   8.532684     5.698     5.757  6 53556.59243656 37.562
 39 298.090009   8.530851     5.953     5.973  6 53591.59237471 33.958
 40 298.077699   8.531459     5.995     6.015  6 53626.59236284 25.229
 41 298.081093   8.532485     4.345     4.376  6 53661.59238842 22.657
 42 298.082635   8.531500     3.598     3.717  6 53696.59235689 23.736
 43 298.085979   8.530514     2.978     3.011  6 53731.59227965 49.181
 44 298.089978   8.532076     3.470     3.459  6 53766.59225179 21.432
 45 298.086672   8.531265     2.605     2.661  6 53801.59225362 21.697
 46 298.084617   8.532516     2.626     2.576  6 53836.59226149 16.333
 47 298.082951   8.530362     3.151     3.111  6 53871.59231710 19.027
 48 298.079832   8.531227     4.353     4.444  6 53906.59235586 24.967
 49 298.073151   8.530304     7.658     7.661  6 53941.59238483 40.396
 50 298.079973   8.530894     7.448     7.427  6 53976.59233980 31.528
 51 298.085981   8.532020     5.827     5.913  6 54011.59234205 26.290
 52 298.089893   8.531811     4.447     4.450  6 54046.59235584 24.826
 53 298.082777   8.532063     3.622     3.704  6 54081.59234882 22.551
 54 298.082793   8.532771     2.936     2.870  6 54116.59228100 19.817
 55 298.082059   8.531044     2.768     2.653  6 54151.59229977 24.956
 56 298.082997   8.532923     2.340     2.446  6 54186.59227378 17.011
 57 298.082536   8.531602     2.573     2.601  6 54221.59230870 18.200
 58 298.083512   8.532782     4.483     3.804  6 54256.59233138 20.393
 59 298.084807   8.530448     5.881     5.889  6 54291.59233420 42.046
 60 298.085030   8.530621     6.845     6.836  6 54326.59233103 28.886
 61 298.083531   8.533115     6.943     7.005  6 54361.59228149 28.201
 62 298.085072   8.531438     5.699     5.659  6 54396.59227101 27.139
 63 298.084344   8.530685     4.039     3.978  6 54431.59223212 25.889
 64 298.085952   8.532011     3.337     3.496  6 54466.59225181 21.950
 65 298.084240   8.531893     2.997     3.000  6 54501.59224576 19.547
 66 298.084713   8.530430     0.249    -0.357  6 54536.59226721 28.460
 67 298.083763   8.530423     2.694     2.727  6 54571.59224760 21.559
 68 298.083590   8.532346     2.798     2.840  6 54606.59226047 18.677
 69 298.082804   8.531594     3.421     3.372  5 54641.59227006 22.286
 70 298.082042   8.530361     6.811     6.798  6 54676.59227206 38.805
 71 298.084749   8.530408     6.851     6.753  6 54711.59222698 31.941
 72 298.083105   8.531488     5.572     5.600  6 54746.59224046 26.612
 73 298.084927   8.532959     3.978     4.117  6 54781.59221243 24.642
 74 298.084431   8.533065     3.826     3.915  6 54816.59223261 24.643
 75 298.084096   8.532017     3.296     3.333  6 54851.59221040 21.196
 76 298.082212   8.531502     2.994     2.957  6 54886.59223768 20.938
 77 298.080427   8.529991     2.699     2.531  6 54921.59221141 24.097
 78 298.082586   8.530226     2.736     2.688  6 54956.59223302 23.146
 79 298.081083   8.532688     2.733     2.704  6 54991.59225625 17.602
 80 298.083959   8.531023     4.242     4.402  6 55026.59224722 26.530
 81 298.084022   8.531809     5.927     5.942  6 55061.59223996 27.580
 82 298.082322   8.533000     5.463     5.551  6 55096.59218952 25.391
 83 298.082946   8.530017     3.640     3.559  6 55131.59218382 28.888
 84 298.084530   8.530621     3.025     3.023  6 55166.59215190 22.461
 85 298.083209   8.532303     1.818     1.433  6 55201.59217528 31.282
 86 298.082253   8.530802     2.526     2.398  6 55236.59215899 24.609
 87 298.083314   8.531488     2.344     2.256  6 55271.59216957 15.972
 88 298.084340   8.533068     1.967     1.898  6 55306.59213940 14.753
 89 298.084490   8.532591     3.372     3.320  6 55341.59213969 18.905
 90 298.083719   8.530833     5.635     5.683  6 55376.59213336 34.744
 91 298.084994   8.532076     7.269     7.284  6 55411.59215580 34.618
 92 298.084185   8.530827     7.560     7.536  6 55446.59214833 42.610
 93 298.083510   8.530207     5.616     5.501  6 55481.59208071 30.086
