# NaN NaN NaN ;Mean Elev.(m), Avg Gradient(m/km), RMS Gradient(m/km) - SRTM1     
#   29.255  -1.371   5.143 ;Mean Elev.(m), Avg Gradient(m/km), RMS Gradient(m/km) - ASTER GDEM
#   39.365  -1.018   3.526 ;Mean Elev.(m), Avg Gradient(m/km), RMS Gradient(m/km) - GMTED2010 
  8    49.740 52499.60673101 49.08 292.518388   6.122841 29.955
  8    49.752 52499.60673166 49.30 292.517658   6.119531 29.955
  8    49.759 52499.60673230 46.19 292.516928   6.116231 29.955
  8    49.723 52499.60673295 44.24 292.516188   6.112921 29.955
  8    49.735 52499.60673359 43.52 292.515458   6.109611 29.955
  8    49.783 52499.60673424 47.23 292.514728   6.106311 29.955
  8    49.825 52499.60673488 50.88 292.513998   6.103001 29.955
  9    48.268 52534.60671837 50.55 292.516533   6.124598 39.064
  9    48.309 52534.60671901 48.70 292.515803   6.121288 39.064
  9    48.255 52534.60671966 49.26 292.515063   6.117988 39.064
  9    48.286 52534.60672030 49.42 292.514333   6.114678 39.064
  9    48.293 52534.60672095 51.20 292.513603   6.111368 39.064
  9    48.214 52534.60672159 51.03 292.512873   6.108068 39.064
  9    48.244 52534.60672224 51.92 292.512133   6.104758 39.064
 10    43.268 52569.60674893 47.14 292.518249   6.120670 27.452
 10    43.241 52569.60674957 46.69 292.517519   6.117370 27.452
 10    43.350 52569.60675022 43.21 292.516789   6.114060 27.452
 10    43.417 52569.60675086 44.83 292.516049   6.110760 27.452
 10    43.415 52569.60675151 43.62 292.515319   6.107450 27.452
 10    43.425 52569.60675215 48.38 292.514589   6.104140 27.452
 11    45.642 52604.60672970 25.48 292.516336   6.123842 15.316
 11    44.970 52604.60673035 23.65 292.515596   6.120532 15.316
 11    44.556 52604.60673099 24.89 292.514866   6.117222 15.316
 11    44.411 52604.60673164 24.93 292.514136   6.113922 15.316
 11    44.189 52604.60673228 25.07 292.513406   6.110612 15.316
 11    44.526 52604.60673293 26.79 292.512676   6.107312 15.316
 11    44.755 52604.60673357 33.18 292.511946   6.104002 15.316
 12    40.737 52639.60671180 42.10 292.516859   6.124806 23.160
 12    40.446 52639.60671244 35.21 292.516129   6.121496 23.160
 12    40.473 52639.60671309 24.47 292.515399   6.118196 23.160
 12    40.637 52639.60671373 23.47 292.514659   6.114886 23.160
 12    40.220 52639.60671437 23.98 292.513929   6.111576 23.160
 12    39.751 52639.60671502 25.09 292.513199   6.108276 23.160
 12    40.791 52639.60671566 27.72 292.512469   6.104966 23.160
 13    37.051 52674.60670732 35.10 292.517648   6.122671 32.528
 13    37.297 52674.60670796 34.45 292.516918   6.119371 32.528
 13    37.175 52674.60670860 30.74 292.516188   6.116061 32.528
 13    37.115 52674.60670925 31.39 292.515448   6.112761 32.528
 13    37.075 52674.60670989 31.04 292.514718   6.109451 32.528
 13    36.978 52674.60671054 30.43 292.513988   6.106151 32.528
 13    37.239 52674.60671118 31.21 292.513258   6.102841 32.528
 14    36.408 52709.60672395 40.36 292.517385   6.121856 27.543
 14    36.629 52709.60672460 46.22 292.516655   6.118546 27.543
 14    36.575 52709.60672524 40.88 292.515925   6.115246 27.543
 14    36.406 52709.60672589 40.28 292.515195   6.111936 27.543
 14    36.367 52709.60672653 38.90 292.514455   6.108636 27.543
 14    36.650 52709.60672718 41.32 292.513733   6.105326 19.566
 16    44.962 52779.60668782 51.72 292.517501   6.124105 29.596
 16    45.031 52779.60668846 51.02 292.516771   6.120805 29.596
 16    45.099 52779.60668911 49.09 292.516041   6.117495 29.596
 16    45.126 52779.60668975 48.67 292.515311   6.114195 29.596
 16    45.138 52779.60669039 49.81 292.514571   6.110885 29.596
 16    45.128 52779.60669104 50.43 292.513841   6.107575 29.596
 16    45.175 52779.60669168 49.16 292.513111   6.104275 29.596
 17    47.116 52814.60677141 31.04 292.516080   6.125048 20.338
 17    46.934 52814.60677206 27.61 292.515340   6.121748 20.338
 17    46.964 52814.60677270 26.47 292.514610   6.118438 20.338
 17    46.945 52814.60677335 24.11 292.513880   6.115128 20.338
 17    46.886 52814.60677399 26.41 292.513150   6.111828 20.338
 17    46.996 52814.60677464 28.92 292.512410   6.108518 20.338
 17    47.364 52814.60677528 31.96 292.511680   6.105218 20.338
 18    49.697 52849.60682441 50.18 292.518291   6.122890 33.740
 18    49.545 52849.60682506 50.85 292.517561   6.119580 33.740
 18    49.518 52849.60682570 50.13 292.516831   6.116280 33.740
 18    49.542 52849.60682635 48.84 292.516091   6.112970 33.740
 18    49.583 52849.60682699 46.94 292.515361   6.109660 33.740
 18    49.607 52849.60682763 48.97 292.514631   6.106360 33.740
 18    49.623 52849.60682828 51.10 292.513901   6.103050 33.740
 19    49.084 52884.60685950 48.86 292.514981   6.124951 29.885
 19    48.942 52884.60686014 48.01 292.514251   6.121651 29.885
 19    48.942 52884.60686079 47.70 292.513521   6.118341 29.885
 19    49.003 52884.60686143 48.80 292.512791   6.115031 29.885
 19    49.074 52884.60686208 48.21 292.512051   6.111731 29.885
 19    49.128 52884.60686272 45.90 292.511321   6.108421 29.885
 19    49.131 52884.60686337 45.22 292.510591   6.105121 29.885
 20    47.053 52919.60681610 50.69 292.518314   6.123117 31.392
 20    46.864 52919.60681674 50.85 292.517584   6.119817 31.392
 20    46.886 52919.60681739 50.10 292.516854   6.116507 31.392
 20    46.946 52919.60681803 50.74 292.516124   6.113207 31.392
 20    47.001 52919.60681868 49.54 292.515394   6.109897 31.392
 20    47.058 52919.60681932 48.76 292.514654   6.106587 31.392
 20    47.091 52919.60681997 51.16 292.513924   6.103287 31.392
 21    45.861 52954.60678126 38.24 292.521930   6.114032 20.631
 21    45.916 52954.60678191 38.63 292.521200   6.110722 20.631
 21    45.917 52954.60678255 41.12 292.520470   6.107422 20.631
 21    45.833 52954.60678320 39.72 292.519740   6.104112 20.631
 21    45.795 52954.60678384 40.53 292.519000   6.100812 20.631
 22    42.900 52989.60679144 31.19 292.524610   6.113880 21.180
 22    42.912 52989.60679208 28.58 292.523870   6.110580 21.180
 22    42.811 52989.60679272 25.30 292.523140   6.107268  7.454
 22    42.436 52989.60679337 24.36 292.522410   6.103968  7.454
 22    42.196 52989.60679401 21.48 292.521680   6.100658  7.454
 23    42.171 53024.60677167 28.67 292.522958   6.112685 17.623
 23    42.046 53024.60677232 27.13 292.522228   6.109385 17.623
 23    39.133 53024.60677296 25.36 292.521488   6.106075 17.623
 23    39.177 53024.60677361 23.70 292.520758   6.102775 17.623
 23    39.462 53024.60677425 21.19 292.520028   6.099465 17.623
 24    36.704 53059.60677036 36.58 292.524655   6.111807 23.932
 24    36.659 53059.60677101 33.46 292.523925   6.108497 23.932
 24    36.753 53059.60677165 33.30 292.523195   6.105197 23.932
 24    36.659 53059.60677230 35.25 292.522455   6.101887 23.932
 24    36.742 53059.60677294 35.94 292.521725   6.098577 23.932
 25    38.266 53094.60680007 23.95 292.517205   6.152636 18.428
 25    38.487 53094.60680265 24.72 292.514281   6.139412 25.865
 25    37.239 53094.60680330 31.37 292.513541   6.136102 25.865
 25    37.205 53094.60680394 33.23 292.512811   6.132802 25.865
 25    37.293 53094.60680458 36.26 292.512081   6.129492 25.865
 25    37.180 53094.60680523 37.60 292.511351   6.126182 25.865
 25    37.116 53094.60680587 30.94 292.510621   6.122882 25.865
 25    36.945 53094.60680652 24.95 292.509881   6.119572 25.865
 25    37.021 53094.60680716 27.21 292.509151   6.116272 25.865
 25    37.249 53094.60680781 32.88 292.508421   6.112962 25.865
 25    37.319 53094.60680845 47.27 292.507691   6.109662 25.865
 26    41.918 53129.60677921 25.79 292.521846   6.111742 29.904
 26    41.867 53129.60677986 30.65 292.521116   6.108442 29.904
 26    41.846 53129.60678050 37.16 292.520386   6.105132 29.904
 26    41.817 53129.60678115 40.89 292.519656   6.101822 29.904
 26    41.901 53129.60678179 45.06 292.518916   6.098522 29.904
 28    48.950 53199.60684780 33.96 292.518209   6.123060 28.379
 28    49.045 53199.60684845 29.18 292.517479   6.119760 28.379
 28    48.727 53199.60684909 28.75 292.516739   6.116450 28.379
 28    48.477 53199.60684974 27.67 292.516009   6.113140 28.379
 28    48.797 53199.60685038 26.30 292.515279   6.109840 28.379
 28    49.087 53199.60685103 29.59 292.514549   6.106530 28.379
 28    49.515 53199.60685167 39.09 292.513819   6.103230 28.379
 29    49.249 53234.60681924 36.35 292.524399   6.114060 33.082
 29    49.000 53234.60681988 29.67 292.523669   6.110750 33.082
 29    48.558 53234.60682053 30.14 292.522939   6.107440 33.082
 29    48.892 53234.60682117 28.14 292.522199   6.104140 33.082
 29    48.974 53234.60682182 29.09 292.521469   6.100830 33.082
 30    47.634 53269.60678289 30.53 292.518018   6.121898 27.110
 30    47.636 53269.60678353 28.27 292.517288   6.118588 27.110
 30    47.534 53269.60678418 28.94 292.516558   6.115288 27.110
 30    47.309 53269.60678482 31.05 292.515828   6.111978 27.110
 30    47.345 53269.60678547 32.74 292.515088   6.108678 27.110
 30    47.738 53269.60678611 36.84 292.514358   6.105368 27.110
 30    47.723 53269.60678676 42.29 292.513628   6.102068 27.110
 31    45.668 53304.60684127 20.36 292.514871   6.140346 11.681
 31    45.684 53304.60684191 20.82 292.514141   6.137046 11.681
 31    45.658 53304.60684256 20.90 292.513411   6.133736 11.681
 31    45.626 53304.60684320 20.54 292.512671   6.130436 11.681
 31    45.519 53304.60684385 19.25 292.511948   6.127124 17.576
 31    45.116 53304.60684449 19.09 292.511208   6.123824 17.576
 31    44.676 53304.60684514 19.19 292.510478   6.120514 17.576
 31    44.213 53304.60684578 21.32 292.509748   6.117214 17.576
 31    44.616 53304.60684643 21.77 292.509018   6.113904 17.576
 31    44.849 53304.60684707 26.43 292.508288   6.110604 17.576
 32    45.774 53339.60681288 19.70 292.517505   6.124628  9.826
 32    46.124 53339.60681352 17.91 292.516775   6.121328  9.826
 32    46.007 53339.60681417 20.47 292.516045   6.118018  9.826
 32    43.154 53339.60681481 20.74 292.515315   6.114718  9.826
 32    45.143 53339.60681546 18.37 292.514575   6.111408  9.826
 32    44.213 53339.60681610 18.23 292.513845   6.108098  9.826
 32    44.710 53339.60681675 19.51 292.513115   6.104798  9.826
 33    40.978 53374.60674562 22.88 292.519078   6.117691  8.482
 33    45.400 53374.60674627 19.70 292.518348   6.114381  8.482
 33    42.182 53374.60674691 18.39 292.517608   6.111081  8.482
 33    43.751 53374.60674755 18.05 292.516878   6.107771  8.482
 33    44.472 53374.60674820 16.82 292.516148   6.104461  8.482
 33    44.649 53374.60674884 19.19 292.515418   6.101161  8.482
 34    37.961 53409.60678849 36.34 292.519642   6.115837 27.984
 34    38.010 53409.60678914 39.91 292.518912   6.112527 27.984
 34    38.074 53409.60678978 38.96 292.518172   6.109217 27.984
 34    38.173 53409.60679043 44.34 292.517442   6.105917 27.984
 34    38.009 53409.60679107 45.73 292.516712   6.102607 27.984
 34    38.197 53409.60679171 42.57 292.515982   6.099307 27.984
 35    38.107 53444.60677022 28.12 292.517888   6.123817 12.125
 35    38.127 53444.60677087 28.29 292.517158   6.120517 12.125
 35    38.137 53444.60677151 23.01 292.516428   6.117207 12.125
 35    38.091 53444.60677216 18.95 292.515688   6.113907 12.125
 35    38.091 53444.60677280 17.26 292.514958   6.110597 12.125
 35    37.999 53444.60677345 17.00 292.514228   6.107297 12.125
 35    44.325 53444.60677409 17.54 292.513498   6.103987 12.125
 36    41.641 53479.60684697 41.62 292.515248   6.136165 20.785
 36    41.721 53479.60684761 35.52 292.514524   6.132852 15.785
 36    41.609 53479.60684890 43.23 292.513054   6.126242 15.785
 36    41.726 53479.60684954 41.38 292.512324   6.122942 15.785
 36    41.739 53479.60685019 42.43 292.511594   6.119632 15.785
 36    41.782 53479.60685083 40.78 292.510854   6.116322 15.785
 36    41.822 53479.60685148 39.94 292.510124   6.113022 15.785
 36    41.836 53479.60685212 40.21 292.509394   6.109712 15.785
 37    46.220 53514.60685661 40.61 292.517785   6.121833 17.947
 37    46.215 53514.60685725 34.65 292.517055   6.118523 17.947
 37    46.092 53514.60685790 30.40 292.516325   6.115223 17.947
 37    45.879 53514.60685854 30.97 292.515595   6.111913 17.947
 37    46.096 53514.60685919 32.46 292.514855   6.108613 17.947
 37    46.265 53514.60685983 42.45 292.514125   6.105303 17.947
 37    46.322 53514.60686048 44.55 292.513395   6.101993 17.947
 38    47.417 53549.60687375 46.74 292.514942   6.133920 23.903
 38    47.490 53549.60687504 44.93 292.513475   6.127309 18.515
 38    47.503 53549.60687569 40.23 292.512745   6.123999 18.515
 38    47.503 53549.60687633 41.14 292.512015   6.120699 18.515
 38    47.421 53549.60687698 39.61 292.511285   6.117389 18.515
 38    47.568 53549.60687762 42.87 292.510545   6.114079 18.515
 38    47.611 53549.60687827 43.86 292.509815   6.110779 18.515
 38    47.599 53549.60687891 43.82 292.509085   6.107469 18.515
 39    47.761 53584.60683828 26.13 292.519154   6.121579 13.088
 39    47.804 53584.60683893 25.38 292.518424   6.118279 13.088
 39    47.700 53584.60683957 23.85 292.517694   6.114969 13.088
 39    47.573 53584.60684022 24.13 292.516964   6.111669 13.088
 39    47.402 53584.60684086 26.30 292.516224   6.108359 13.088
 39    47.818 53584.60684151 27.95 292.515494   6.105059 13.088
 39    47.982 53584.60684215 29.78 292.514764   6.101749 13.088
 40    47.325 53619.60679447 40.95 292.514741   6.124490 15.034
 40    47.197 53619.60679511 40.65 292.514011   6.121176 13.176
 40    47.127 53619.60679576 40.39 292.513281   6.117876 13.176
 40    47.139 53619.60679640 40.64 292.512551   6.114566 13.176
 40    47.179 53619.60679705 40.12 292.511821   6.111266 13.176
 40    47.259 53619.60679769 40.93 292.511081   6.107956 13.176
 41    43.791 53654.60682099 46.11 292.517816   6.124471 25.645
 41    43.865 53654.60682163 43.69 292.517086   6.121171 25.645
 41    43.769 53654.60682228 45.37 292.516356   6.117861 25.645
 41    43.743 53654.60682292 41.70 292.515616   6.114551 25.645
 41    43.804 53654.60682357 46.13 292.514886   6.111251 25.645
 41    43.904 53654.60682421 45.88 292.514156   6.107941 25.645
 41    43.917 53654.60682486 47.22 292.513426   6.104641 25.645
 42    44.111 53689.60681614 33.03 292.515360   6.123724 13.332
 42    44.211 53689.60681679 33.66 292.514630   6.120424 13.332
 42    44.248 53689.60681743 34.42 292.513900   6.117114 13.332
 42    44.261 53689.60681808 35.75 292.513170   6.113814 13.332
 42    44.335 53689.60681872 36.04 292.512440   6.110504 13.332
 42    44.449 53689.60681937 35.58 292.511700   6.107194 13.332
 43    46.078 53724.60674131 21.99 292.519056   6.118953  9.108
 43    41.570 53724.60674195 21.72 292.518326   6.115643  9.108
 43    42.720 53724.60674260 19.47 292.517586   6.112343  9.108
 43    41.043 53724.60674324 21.48 292.516856   6.109033  9.108
 43    44.225 53724.60674389 17.93 292.516126   6.105723  9.108
 43    44.662 53724.60674453 21.74 292.515396   6.102423  9.108
 44    45.426 53759.60668503 21.51 292.524033   6.113289 18.167
 44    39.429 53759.60668567 23.26 292.523303   6.109979 18.167
 44    39.286 53759.60668632 21.90 292.522573   6.106669 18.167
 44    42.247 53759.60668696 17.76 292.521843   6.103369 18.167
 44    43.515 53759.60668761 15.29 292.521113   6.100059 18.167
 45    38.697 53794.60670349 25.93 292.520033   6.115573 26.457
 45    38.316 53794.60670414 29.11 292.519303   6.112263 26.457
 45    38.580 53794.60670478 29.83 292.518563   6.108953 26.457
 45    38.722 53794.60670543 34.09 292.517833   6.105653 26.457
 45    38.745 53794.60670607 35.48 292.517103   6.102343 26.457
 45    38.710 53794.60670672 33.14 292.516373   6.099043 26.457
 46    45.742 53829.60667966 22.12 292.520768   6.114730 25.138
 46    39.904 53829.60668030 25.29 292.520038   6.111420 25.138
 46    40.045 53829.60668095 26.30 292.519308   6.108120 25.138
 46    40.104 53829.60668159 30.57 292.518578   6.104810 25.138
 46    40.175 53829.60668224 36.17 292.517838   6.101510 25.138
 47    42.542 53864.60675722 28.56 292.515938   6.123863 11.218
 47    42.225 53864.60675787 29.37 292.515208   6.120553 11.218
 47    42.132 53864.60675851 29.47 292.514468   6.117253 11.218
 47    42.440 53864.60675916 28.01 292.513746   6.113941 13.091
 47    42.639 53864.60675980 28.26 292.513006   6.110641 13.091
 47    42.950 53864.60676045 33.81 292.512276   6.107331 13.091
 47    43.001 53864.60676109 43.41 292.511546   6.104031 13.091
 48    46.864 53899.60678305 46.82 292.517814   6.121829 26.019
 48    46.755 53899.60678370 45.18 292.517084   6.118519 26.019
 48    46.830 53899.60678434 41.36 292.516344   6.115219 26.019
 48    46.864 53899.60678498 41.01 292.515614   6.111909 26.019
 48    46.843 53899.60678563 42.89 292.514884   6.108599 26.019
 48    46.920 53899.60678627 45.02 292.514154   6.105299 26.019
 48    46.910 53899.60678692 44.83 292.513424   6.101989 26.019
 49    49.127 53934.60682114 25.00 292.514377   6.150988 12.388
 49    49.281 53934.60682179 25.34 292.513637   6.147688 12.388
 49    48.969 53934.60682243 24.35 292.512907   6.144378 12.388
 49    48.824 53934.60682308 24.81 292.512177   6.141078 12.388
 49    48.778 53934.60682372 25.97 292.511447   6.137768 12.388
 49    48.977 53934.60682437 25.98 292.510717   6.134468 12.388
 49    48.858 53934.60682501 26.98 292.509977   6.131158 12.388
 49    48.305 53934.60682565 29.99 292.509247   6.127848 12.388
 49    48.396 53934.60682630 30.35 292.508517   6.124548 12.388
 49    48.774 53934.60682694 32.64 292.507787   6.121238 12.388
 49    48.986 53934.60682759 33.43 292.507057   6.117938 12.388
 49    49.195 53934.60682823 34.59 292.506319   6.114625 31.951
 49    49.412 53934.60682888 38.75 292.505589   6.111325 31.951
 50    48.837 53969.60679423 41.11 292.515584   6.135767 23.508
 50    48.609 53969.60679616 27.59 292.513384   6.125847 23.508
 50    48.359 53969.60679681 27.18 292.512654   6.122537 23.508
 50    48.304 53969.60679745 25.03 292.511924   6.119237 23.508
 50    48.285 53969.60679810 25.83 292.511194   6.115927 23.508
 50    48.530 53969.60679874 26.89 292.510464   6.112627 23.508
 50    48.879 53969.60679939 30.78 292.509728   6.109314 29.933
 51    46.053 54004.60677190 38.74 292.520029   6.115694 23.114
 51    46.160 54004.60677255 38.71 292.519299   6.112394 23.114
 51    46.217 54004.60677319 39.68 292.518559   6.109084 23.114
 51    46.321 54004.60677384 41.48 292.517829   6.105784 23.114
 51    46.386 54004.60677448 43.85 292.517099   6.102474 23.114
 51    46.306 54004.60677512 44.79 292.516369   6.099164 23.114
 52    46.634 54039.60680417 28.69 292.520501   6.117072 22.187
 52    44.856 54039.60680482 23.86 292.519761   6.113772 22.187
 52    44.435 54039.60680546 23.73 292.519029   6.110461  7.816
 52    44.559 54039.60680611 21.35 292.518299   6.107161  7.816
 52    45.130 54039.60680675 19.71 292.517569   6.103851  7.816
 52    45.201 54039.60680740 20.82 292.516839   6.100551  7.816
 53    44.253 54074.60679805 45.86 292.518480   6.120727 18.498
 53    44.147 54074.60679869 42.00 292.517750   6.117417 18.498
 53    44.197 54074.60679934 34.32 292.517020   6.114117 18.498
 53    44.300 54074.60679998 34.28 292.516283   6.110804 17.881
 53    44.243 54074.60680063 39.03 292.515553   6.107504 17.881
 53    44.420 54074.60680127 44.34 292.514823   6.104194 17.881
 54    40.417 54109.60674204 28.01 292.516535   6.123484 19.615
 54    40.474 54109.60674268 18.41 292.515805   6.120174 19.615
 54    45.236 54109.60674333 16.83 292.515065   6.116874 19.615
 54    41.403 54109.60674397 18.98 292.514335   6.113564 19.615
 54    40.148 54109.60674462 18.51 292.513605   6.110264 19.615
 54    43.919 54109.60674526 19.78 292.512874   6.106958  8.565
 54    44.553 54109.60674591 20.14 292.512144   6.103648  8.565
 55    37.323 54144.60673579 34.48 292.518089   6.121565 19.741
 55    36.879 54144.60673643 39.11 292.517359   6.118265 19.741
 55    37.059 54144.60673708 39.25 292.516627   6.114953 23.618
 55    37.391 54144.60673772 37.92 292.515887   6.111653 23.618
 55    37.392 54144.60673837 38.18 292.515157   6.108343 23.618
 55    37.208 54144.60673901 38.02 292.514427   6.105043 23.618
 55    37.212 54144.60673966 35.71 292.513697   6.101733 23.618
 56    36.631 54179.60672756 28.78 292.516631   6.122069 24.916
 56    36.496 54179.60672821 30.70 292.515901   6.118759 24.916
 56    36.568 54179.60672885 30.40 292.515171   6.115459 24.916
 56    36.727 54179.60672950 37.42 292.514441   6.112149 24.916
 56    36.772 54179.60673014 41.22 292.513711   6.108849 24.916
 56    36.780 54179.60673079 47.06 292.512981   6.105539 24.916
 57    41.077 54214.60674324 21.58 292.517211   6.121650 23.065
 57    41.497 54214.60674388 20.21 292.516481   6.118340 23.065
 57    45.228 54214.60674453 20.14 292.515741   6.115040 23.065
 57    43.596 54214.60674517 18.61 292.515011   6.111730 23.065
 57    44.133 54214.60674582 18.47 292.514281   6.108430 23.065
 57    44.588 54214.60674646 19.77 292.513551   6.105120 23.065
 58    45.286 54249.60677056 40.21 292.517649   6.122580 29.797
 58    45.323 54249.60677120 40.70 292.516919   6.119270 29.797
 58    45.370 54249.60677185 42.45 292.516189   6.115960 29.797
 58    45.440 54249.60677249 40.93 292.515449   6.112660 29.797
 58    45.424 54249.60677314 38.16 292.514719   6.109350 29.797
 58    45.404 54249.60677378 49.61 292.513989   6.106050 29.797
 58    45.457 54249.60677443 47.54 292.513259   6.102740 29.797
 59    49.239 54284.60677849 44.38 292.519135   6.122703 24.644
 59    49.266 54284.60677913 43.50 292.518405   6.119403 24.644
 59    49.274 54284.60677977 39.07 292.517675   6.116093 24.644
 59    48.933 54284.60678042 40.78 292.516945   6.112793 24.644
 59    49.068 54284.60678106 40.03 292.516205   6.109483 24.644
 59    49.338 54284.60678171 42.99 292.515475   6.106173 24.644
 59    49.404 54284.60678235 47.35 292.514745   6.102873 24.644
 60    48.926 54319.60677628 48.13 292.519096   6.119913 30.717
 60    48.835 54319.60677693 46.34 292.518366   6.116613 30.717
 60    48.820 54319.60677757 44.26 292.517636   6.113303 30.717
 60    48.835 54319.60677822 44.37 292.516906   6.109993 30.717
 60    48.803 54319.60677886 45.51 292.516166   6.106693 30.717
 60    48.804 54319.60677951 44.97 292.515436   6.103383 30.717
 61    47.765 54354.60673884 46.80 292.518534   6.121608 28.794
 61    47.859 54354.60673949 41.02 292.517794   6.118308 28.794
 61    47.731 54354.60674013 36.39 292.517064   6.114998 28.794
 61    47.625 54354.60674078 36.49 292.516334   6.111698 28.794
 61    47.797 54354.60674142 35.00 292.515604   6.108388 28.794
 61    47.688 54354.60674207 37.66 292.514874   6.105078 28.794
 61    47.753 54354.60674271 39.21 292.514144   6.101778 28.794
 62    46.431 54389.60671667 29.70 292.518773   6.120427 21.485
 62    46.497 54389.60671732 30.14 292.518033   6.117117 21.485
 62    46.331 54389.60671796 27.26 292.517303   6.113817 21.485
 62    46.060 54389.60671861 29.90 292.516573   6.110507 21.485
 62    46.352 54389.60671925 31.08 292.515843   6.107207 21.485
 62    46.594 54389.60671990 38.34 292.515113   6.103897 21.485
 63    45.568 54424.60668888 21.93 292.518148   6.122674  8.855
 63    44.845 54424.60668952 20.80 292.517418   6.119364  8.855
 63    46.124 54424.60669017 19.75 292.516688   6.116064  8.855
 63    43.603 54424.60669081 20.01 292.515948   6.112754  8.855
 63    43.799 54424.60669146 20.13 292.515218   6.109444  8.855
 63    44.244 54424.60669210 21.93 292.514488   6.106144  8.855
 63    44.545 54424.60669275 25.25 292.513758   6.102834  8.855
 64    46.236 54459.60669224 19.56 292.519155   6.120242 14.795
 64    45.959 54459.60669288 21.07 292.518425   6.116942 14.795
 64    42.633 54459.60669353 20.54 292.517695   6.113632 14.795
 64    43.178 54459.60669417 19.30 292.516965   6.110332 14.795
 64    44.017 54459.60669482 19.03 292.516235   6.107022 14.795
 64    44.391 54459.60669546 20.38 292.515495   6.103722 14.795
 64    44.731 54459.60669611 21.21 292.514765   6.100412 14.795
 65    38.640 54494.60669381 38.00 292.519104   6.123061 17.311
 65    38.778 54494.60669446 34.58 292.518374   6.119751 17.311
 65    38.637 54494.60669510 25.01 292.517634   6.116441 17.311
 65    38.388 54494.60669575 20.13 292.516904   6.113141 17.311
 65    38.098 54494.60669639 18.45 292.516174   6.109831 17.311
 65    44.112 54494.60669704 18.63 292.515444   6.106531 17.311
 65    44.528 54494.60669768 18.66 292.514714   6.103221 17.311
 66    37.860 54529.60670512 26.97 292.519968   6.119704 23.861
 66    37.736 54529.60670577 31.19 292.519238   6.116394 23.861
 66    37.474 54529.60670641 33.01 292.518508   6.113094 23.861
 66    37.604 54529.60670705 34.95 292.517778   6.109784 23.861
 66    37.630 54529.60670770 38.25 292.517038   6.106484 23.861
 66    37.811 54529.60670834 38.38 292.516307   6.103172 19.341
 66    37.764 54529.60670899 36.67 292.515577   6.099872 19.341
 67    37.211 54564.60670039 34.57 292.517515   6.121675 27.113
 67    37.081 54564.60670104 37.39 292.516785   6.118375 27.113
 67    37.250 54564.60670168 37.55 292.516055   6.115065 27.113
 67    37.254 54564.60670233 41.89 292.515325   6.111755 27.113
 67    37.324 54564.60670297 43.22 292.514595   6.108455 27.113
 67    37.432 54564.60670362 46.07 292.513855   6.105145 27.113
 68    41.757 54599.60669985 47.04 292.518300   6.122602 23.121
 68    41.608 54599.60670050 47.33 292.517570   6.119302 23.121
 68    41.631 54599.60670114 40.75 292.516840   6.115992 23.121
 68    41.663 54599.60670178 42.37 292.516100   6.112682 23.121
 68    41.681 54599.60670243 42.06 292.515370   6.109382 23.121
 68    41.705 54599.60670307 40.03 292.514640   6.106072 23.121
 68    41.554 54599.60670372 39.35 292.513910   6.102772 23.121
 69    46.114 54634.60671265 32.02 292.517030   6.123237 20.526
 69    45.912 54634.60671329 33.31 292.516300   6.119937 20.526
 69    45.909 54634.60671394 31.93 292.515560   6.116627 20.526
 69    46.047 54634.60671458 31.87 292.514830   6.113317 20.526
 69    46.340 54634.60671523 34.88 292.514100   6.110017 20.526
 69    46.386 54634.60671587 40.50 292.513370   6.106707 20.526
 69    46.315 54634.60671652 44.64 292.512640   6.103407 20.526
 70    50.098 54669.60671687 34.54 292.517357   6.123808 30.799
 70    49.791 54669.60671751 30.42 292.516627   6.120498 30.799
 70    49.801 54669.60671816 28.07 292.515897   6.117188 30.799
 70    49.757 54669.60671880 28.35 292.515157   6.113888 30.799
 70    49.613 54669.60671945 28.31 292.514427   6.110578 30.799
 70    50.026 54669.60672009 31.97 292.513697   6.107278 30.799
 70    50.136 54669.60672074 37.56 292.512967   6.103968 30.799
 71    47.991 54704.60668055 31.21 292.519115   6.121189 26.772
 71    48.044 54704.60668119 27.68 292.518385   6.117879 26.772
 71    47.655 54704.60668184 26.94 292.517655   6.114569 26.772
 71    47.351 54704.60668248 29.60 292.516925   6.111269 26.772
 71    47.746 54704.60668313 27.06 292.516195   6.107959 26.772
 71    48.214 54704.60668377 26.63 292.515455   6.104659 26.772
 71    48.456 54704.60668442 35.11 292.514725   6.101349 26.772
 72    45.751 54739.60668008 30.81 292.518951   6.122817 20.423
 72    45.872 54739.60668072 29.36 292.518211   6.119507 20.423
 72    45.741 54739.60668137 29.62 292.517481   6.116197 20.423
 72    45.711 54739.60668201 30.34 292.516751   6.112897 20.423
 72    45.927 54739.60668265 32.59 292.516021   6.109587 20.423
 72    46.051 54739.60668330 32.89 292.515281   6.106287 20.423
 72    45.999 54739.60668394 37.18 292.514550   6.102977 13.686
 73    44.498 54774.60666238 50.59 292.518831   6.120772 34.865
 73    44.523 54774.60666302 50.39 292.518101   6.117462 34.865
 73    44.571 54774.60666367 47.28 292.517371   6.114152 34.865
 73    44.612 54774.60666431 47.65 292.516641   6.110852 34.865
 73    44.657 54774.60666496 48.01 292.515901   6.107542 34.865
 73    44.697 54774.60666560 47.38 292.515171   6.104242 34.865
 73    44.733 54774.60666625 51.33 292.514441   6.100932 34.865
 74    45.250 54809.60667342 20.86 292.518362   6.121962 18.399
 74    46.229 54809.60667406 21.53 292.517622   6.118652 18.399
 74    44.457 54809.60667471 20.19 292.516892   6.115342 18.399
 74    43.903 54809.60667535 21.56 292.516162   6.112042 18.399
 74    43.873 54809.60667600 23.76 292.515432   6.108732 18.399
 74    44.229 54809.60667664 23.46 292.514692   6.105432 18.399
 74    44.704 54809.60667729 26.40 292.513969   6.102119  8.746
 75    40.266 54844.60666041 31.82 292.517994   6.121798 22.782
 75    40.141 54844.60666105 19.22 292.517264   6.118488 22.782
 75    45.744 54844.60666170 14.99 292.516534   6.115188 22.782
 75    45.346 54844.60666234 15.05 292.515794   6.111878 22.782
 75    45.575 54844.60666299 15.53 292.515064   6.108568 22.782
 75    46.899 54844.60666363 16.43 292.514334   6.105268 22.782
 75    44.601 54844.60666427 27.04 292.513604   6.101958 22.782
 76    39.115 54879.60667698 39.01 292.517171   6.123364 24.498
 76    39.221 54879.60667763 29.54 292.516441   6.120054 24.498
 76    38.989 54879.60667827 23.03 292.515711   6.116754 24.498
 76    38.799 54879.60667892 20.35 292.514981   6.113444 24.498
 76    38.173 54879.60667956 20.27 292.514251   6.110144 24.498
 76    44.038 54879.60668021 17.64 292.513511   6.106833  8.079
 76    44.535 54879.60668085 21.44 292.512781   6.103533  8.079
 77    38.703 54914.60666398 34.79 292.515972   6.122948 21.587
 77    38.740 54914.60666462 25.37 292.515242   6.119648 21.587
 77    38.628 54914.60666526 22.26 292.514512   6.116338 21.587
 77    38.507 54914.60666591 21.46 292.513782   6.113028 21.587
 77    38.624 54914.60666655 19.66 292.513052   6.109728 21.587
 77    43.950 54914.60666720 18.73 292.512312   6.106418 21.587
 79    42.031 54984.60669362 24.61 292.517032   6.125585 12.505
 79    41.932 54984.60669427 25.70 292.516302   6.122285 12.505
 79    41.924 54984.60669491 26.51 292.515562   6.118975 12.505
 79    41.893 54984.60669556 28.23 292.514832   6.115665 12.505
 79    41.788 54984.60669620 29.12 292.514102   6.112365 12.505
 79    41.760 54984.60669685 29.41 292.513372   6.109055 12.505
 79    42.061 54984.60669749 29.00 292.512642   6.105755 12.505
 80    47.264 55019.60668991 28.74 292.519054   6.121853 22.311
 80    47.356 55019.60669055 27.97 292.518324   6.118543 22.311
 80    47.367 55019.60669120 27.38 292.517594   6.115243 22.311
 80    47.126 55019.60669184 29.72 292.516854   6.111933 22.311
 80    46.975 55019.60669249 31.19 292.516124   6.108623 22.311
 80    47.219 55019.60669313 33.46 292.515394   6.105323 22.311
 80    47.511 55019.60669378 38.99 292.514664   6.102013 22.311
 81    48.736 55054.60668598 48.20 292.518937   6.121059 31.983
 81    48.749 55054.60668662 48.33 292.518207   6.117749 31.983
 81    48.698 55054.60668727 46.68 292.517477   6.114449 31.983
 81    48.664 55054.60668791 46.94 292.516737   6.111139 31.983
 81    48.647 55054.60668856 49.42 292.516007   6.107829 31.983
 81    48.660 55054.60668920 48.90 292.515277   6.104529 31.983
 81    48.676 55054.60668985 50.17 292.514547   6.101219 31.983
 82    46.714 55089.60664616 44.05 292.517189   6.122930 27.075
 82    46.738 55089.60664681 41.27 292.516449   6.119620 27.075
 82    46.614 55089.60664745 35.76 292.515719   6.116320 27.075
 82    46.678 55089.60664810 35.48 292.514989   6.113010 27.075
 82    46.733 55089.60664874 38.51 292.514259   6.109710 27.075
 82    46.760 55089.60664939 46.41 292.513529   6.106400 27.075
 82    46.830 55089.60665003 44.51 292.512799   6.103090 27.075
 83    44.038 55124.60662409 23.66 292.519030   6.121033 21.193
 83    46.253 55124.60662473 22.75 292.518300   6.117723 21.193
 83    44.087 55124.60662538 21.90 292.517570   6.114423 21.193
 83    43.693 55124.60662602 23.82 292.516840   6.111113 21.193
 83    43.970 55124.60662667 23.42 292.516110   6.107813 21.193
 83    44.192 55124.60662731 27.91 292.515370   6.104502 17.192
 83    44.214 55124.60662796 32.91 292.514640   6.101202 17.192
 84    45.547 55159.60660700 19.47 292.517429   6.124026 20.525
 84    45.843 55159.60660764 17.23 292.516699   6.120716 20.525
 84    41.575 55159.60660829 19.94 292.515969   6.117416 20.525
 84    43.000 55159.60660893 19.17 292.515239   6.114106 20.525
 84    43.308 55159.60660958 19.75 292.514509   6.110796 20.525
 84    43.983 55159.60661022 18.75 292.513779   6.107496 20.525
 84    44.612 55159.60661086 21.10 292.513039   6.104186 20.525
 85    38.574 55194.60661373 35.90 292.518467   6.122245 25.145
 85    38.455 55194.60661437 28.45 292.517737   6.118945 25.145
 85    38.506 55194.60661502 19.91 292.517007   6.115635 25.145
 85    38.105 55194.60661566 17.62 292.516277   6.112335 25.145
 85    40.081 55194.60661631 16.32 292.515547   6.109025 25.145
 85    44.326 55194.60661695 16.26 292.514807   6.105725 25.145
 85    44.601 55194.60661760 20.24 292.514084   6.102414  7.636
 86    36.589 55229.60660982 24.92 292.516926   6.123480 26.742
 86    36.787 55229.60661047 22.68 292.516196   6.120170 26.742
 86    36.735 55229.60661111 23.11 292.515466   6.116870 26.742
 86    36.553 55229.60661176 26.67 292.514726   6.113560 26.742
 86    36.546 55229.60661240 31.54 292.513996   6.110250 26.742
 86    36.630 55229.60661305 31.28 292.513266   6.106950 26.742
 86    36.571 55229.60661369 29.77 292.512536   6.103640 26.742
 87    36.615 55264.60660935 41.48 292.518501   6.120282 25.871
 87    36.618 55264.60661000 47.88 292.517771   6.116972 25.871
 87    36.790 55264.60661064 45.77 292.517041   6.113672 25.871
 87    36.743 55264.60661129 47.47 292.516311   6.110362 25.871
 87    36.755 55264.60661193 50.43 292.515581   6.107062 25.871
 87    36.798 55264.60661258 48.68 292.514842   6.103749 20.351
 88    39.006 55299.60659155 42.46 292.518789   6.123581 26.645
 88    38.982 55299.60659219 31.66 292.518049   6.120281 26.645
 88    38.902 55299.60659284 24.29 292.517319   6.116971 26.645
 88    38.751 55299.60659348 19.25 292.516589   6.113661 26.645
 88    43.517 55299.60659413 18.06 292.515859   6.110361 26.645
 88    44.553 55299.60659477 17.30 292.515129   6.107051 26.645
 88    44.937 55299.60659542 17.59 292.514399   6.103751 26.645
 89    45.456 55334.60658600 25.26 292.517281   6.122703 18.245
 89    45.538 55334.60658664 23.35 292.516551   6.119393 18.245
 89    45.577 55334.60658729 22.36 292.515821   6.116093 18.245
 89    45.284 55334.60658793 25.55 292.515081   6.112783 18.245
 89    45.190 55334.60658858 26.73 292.514351   6.109473 18.245
 89    45.472 55334.60658922 29.37 292.513621   6.106173 18.245
 89    45.551 55334.60658986 31.37 292.512891   6.102863 18.245
 90    47.773 55369.60657718 31.20 292.518859   6.122608 28.522
 90    48.004 55369.60657782 25.77 292.518129   6.119298 28.522
 90    47.841 55369.60657846 24.86 292.517399   6.115998 28.522
 90    47.485 55369.60657911 25.88 292.516659   6.112688 28.522
 90    47.719 55369.60657975 25.93 292.515929   6.109378 28.522
 90    48.089 55369.60658040 27.96 292.515199   6.106078 28.522
 90    48.312 55369.60658104 36.68 292.514469   6.102768 28.522
 91    49.413 55404.60659424 43.81 292.519353   6.121346 28.967
 91    49.504 55404.60659489 45.50 292.518623   6.118046 28.967
 91    49.414 55404.60659553 40.96 292.517883   6.114736 28.967
 91    49.373 55404.60659618 41.44 292.517153   6.111426 28.967
 91    49.366 55404.60659682 40.24 292.516423   6.108126 28.967
 91    49.490 55404.60659747 40.25 292.515693   6.104816 28.967
 91    49.527 55404.60659811 47.15 292.514953   6.101516 28.967
 92    48.732 55439.60659567 33.70 292.518977   6.120538 26.739
 92    48.705 55439.60659632 36.31 292.518247   6.117228 26.739
 92    48.657 55439.60659696 34.26 292.517517   6.113928 26.739
 92    48.344 55439.60659760 32.33 292.516777   6.110618 26.739
 92    48.370 55439.60659825 31.66 292.516047   6.107308 26.739
 92    48.614 55439.60659889 35.63 292.515317   6.104008 26.739
 92    48.677 55439.60659954 43.18 292.514587   6.100698 26.739
 93    45.307 55474.60654133 40.08 292.518878   6.123475 22.100
 93    45.192 55474.60654197 35.16 292.518138   6.120175 22.100
 93    45.192 55474.60654261 31.04 292.517408   6.116865 22.100
 93    45.016 55474.60654326 31.51 292.516678   6.113565 22.100
 93    45.021 55474.60654390 30.45 292.515948   6.110255 22.100
 93    45.188 55474.60654455 32.61 292.515218   6.106945 22.100
 93    45.284 55474.60654519 33.21 292.514488   6.103645 22.100
