-156083.051    -9.333     0.00    0.00
-155706.525    -9.333     0.00    0.00
-155330.004    -9.333     0.00    0.00
-154953.487    -9.333     0.00    0.00
-154576.976    -9.333     0.00    0.00
-154200.471    -9.333     0.00    0.00
-153823.970    -9.333     0.00    0.00
-153447.474    -9.333     0.00    0.00
-153070.984    -9.333     0.00    0.00
-152694.498    -9.333     0.00    0.00
-152318.018    -9.333     0.00    0.00
-151941.543    -9.333     0.00    0.00
-151565.072    -9.333     0.00    0.00
-151188.608    -9.333     0.00    0.00
-150812.148    -9.333     0.00    0.00
-150435.693    -9.333     0.00    0.00
-150059.243    -9.333     0.00    0.00
-149682.799    -9.333     0.00    0.00
-149306.359    -9.333     0.00    0.00
-148929.925    -9.333     0.00    0.00
-148553.495    -9.333     0.00    0.00
-148177.071    -9.333     0.00    0.00
-147800.652    -9.333     0.00    0.00
-147424.238    -9.333     0.00    0.00
-147047.829    -9.333     0.00    0.00
-146671.425    -9.333     0.00    0.00
-146295.027    -9.333     0.00    0.00
-145918.633    -9.333     0.00    0.00
-145542.244    -9.333     0.00    0.00
-145165.861    -9.333     0.00    0.00
-144789.482    -9.333     0.00    0.00
-144413.109    -9.333     0.00    0.00
-144036.741    -8.144     3.16    4.10
-143660.377    -4.282    10.26    7.32
-143284.019    -0.280    10.63    7.83
-142907.666     5.513    15.39    7.22
-142531.318    10.272    12.65    5.49
-142154.975    14.042    10.02    5.67
-141778.637    17.744     9.84    3.88
-141402.304    18.825     2.87    4.99
-141025.977    18.114    -1.89    7.07
-140649.654    16.308    -4.80    9.29
-140273.336    15.612    -1.85    9.81
-139897.024    17.067     3.87    7.43
-139520.716    15.231    -4.88    7.76
-139144.413    11.378   -10.24   11.09
-138768.116     2.317   -24.08   12.39
-138391.823    -3.615   -15.77   10.33
-138015.536    -8.436   -12.81    4.04
-137639.254    -9.333    -2.39    0.00
-137262.976    -9.333     0.00    0.00
-136886.704    -4.576    12.64    9.57
-136510.437     1.614    16.45   12.16
-136134.174     7.167    14.76   10.61
-135757.917     9.896     7.25    8.96
-135381.665     6.308    -9.54   10.97
-135005.418     0.825   -14.57   11.24
-134629.176    -5.171   -15.94    7.60
-134252.939    -8.522    -8.91    2.65
-133876.706    -9.277    -2.01    0.33
-133500.479    -4.808    11.88    9.82
-133124.257     2.077    18.30   13.83
-132748.040    10.272    21.78   13.53
-132371.828    18.231    21.16    7.52
-131995.621    20.872     7.02    2.48
-131619.419    21.129     0.68    2.59
-131243.222    21.957     2.20    2.04
-130867.030    18.872    -8.20    6.04
-130490.843    13.721   -13.69    7.96
-130114.661     9.167   -12.11    6.47
-129738.484     5.742    -9.11    3.52
-129362.312     4.381    -3.62    2.73
-128986.145     3.564    -2.17    3.12
-128609.983     2.505    -2.82    3.47
-128233.826     2.802     0.79    3.77
-127857.674     2.586    -0.57    3.80
-127481.527     2.389    -0.52    3.80
-127105.385     2.917     1.40    3.40
-126729.248     4.231     3.49    3.94
-126353.116     6.181     5.18    3.08
-125976.988     7.770     4.22    2.05
-125600.866     7.799     0.08    1.58
-125224.749     8.026     0.60    1.51
-124848.637     8.009    -0.04    1.63
-124472.530     8.334     0.86    1.78
-124096.427     7.299    -2.75    3.95
-123720.330     3.770    -9.38    6.69
-123344.238    -0.260   -10.71    7.31
-122968.150    -4.468   -11.19    3.71
-122592.068    -5.675    -3.21    1.63
-122215.991    -4.728     2.52    2.02
-121839.918    -3.792     2.49    2.14
-121463.851    -3.225     1.51    1.90
-121087.788    -3.276    -0.14    2.04
-120711.730    -3.683    -1.08    2.49
-120335.678    -3.282     1.07    3.66
-119959.630    -2.194     2.89    4.59
-119583.587    -1.282     2.43    4.59
-119207.549    -1.738    -1.21    4.22
-118831.516    -2.564    -2.20    3.72
-118455.489    -4.077    -4.02    2.59
-118079.466    -5.077    -2.66    1.12
-117703.447    -5.043     0.09    0.96
-117327.434    -4.846     0.53    1.05
-116951.426    -4.918    -0.19    1.24
-116575.423    -4.765     0.41    1.07
-116199.425    -5.205    -1.17    1.42
-115823.431    -5.386    -0.48    1.27
-115447.443    -5.487    -0.27    1.42
-115071.459    -5.948    -1.23    1.48
-114695.480    -6.083    -0.36    1.19
-114319.507    -6.256    -0.46    1.26
-113943.538    -6.384    -0.34    1.15
-113567.574    -6.387    -0.01    1.18
-113191.615    -6.153     0.62    1.39
-112815.661    -5.846     0.82    1.37
-112439.712    -6.051    -0.54    1.34
-112063.768    -6.025     0.07    1.54
-111687.828    -6.122    -0.26    1.44
-111311.894    -5.974     0.39    1.48
-110935.964    -5.974     0.00    1.51
-110560.040    -6.102    -0.34    1.18
-110184.120    -6.360    -0.69    1.21
-109808.205    -6.410    -0.13    1.20
-109432.295    -6.549    -0.37    1.16
-109056.390    -6.564    -0.04    1.04
-108680.490    -6.333     0.61    1.41
-108304.595    -5.921     1.10    1.31
-107928.705    -5.871     0.13    1.23
-107552.819    -5.780     0.24    1.27
-107176.939    -5.701     0.21    1.05
-106801.063    -5.641     0.16    1.26
-106425.192    -4.928     1.90    2.36
-106049.326    -4.162     2.04    3.29
-105673.465    -2.820     3.57    4.39
-105297.609    -1.491     3.54    4.87
-104921.758    -0.897     1.58    4.72
-104545.911     0.231     3.00    4.34
-104170.070     0.667     1.16    3.52
-103794.233     1.289     1.65    2.51
-103418.401     0.975    -0.84    2.05
-103042.574     0.262    -1.90    1.72
-102666.752     0.000    -0.70    1.75
-102290.935    -0.483    -1.29    1.53
-101915.122    -0.619    -0.36    1.66
-101539.315    -0.738    -0.32    1.86
-101163.512    -0.901    -0.43    1.94
-100787.714    -0.491     1.09    2.07
-100411.921    -0.538    -0.13    1.82
-100036.133    -0.861    -0.86    1.73
 -99660.350    -1.138    -0.74    1.93
 -99284.571    -1.589    -1.20    1.63
 -98908.798    -1.873    -0.76    1.35
 -98533.029    -1.487     1.03    1.76
 -98157.265    -1.543    -0.15    1.74
 -97781.506    -1.487     0.15    1.74
 -97405.752    -1.387     0.27    1.72
 -97030.002    -1.641    -0.68    1.32
 -96654.258    -1.846    -0.55    1.24
 -96278.518    -1.718     0.34    1.31
 -95902.783    -2.283    -1.50    1.38
 -95527.053    -1.833     1.20    1.46
 -95151.328    -0.792     2.77    2.29
 -94775.607     0.018     2.16    2.34
 -94399.892     0.613     1.58    2.16
 -94024.181     0.770     0.42    2.12
 -93648.475     1.018     0.66    2.20
 -93272.774     0.767    -0.67    2.33
 -92897.077     0.436    -0.88    2.47
 -92521.386     0.640     0.54    2.47
 -92145.699     1.359     1.91    2.62
 -91770.017     2.616     3.34    3.12
 -91394.340     4.077     3.89    3.02
 -91018.668     4.825     1.99    2.85
 -90643.000     5.192     0.98    2.52
 -90267.337     4.509    -1.82    2.44
 -89891.679     3.942    -1.51    2.50
 -89516.026     3.590    -0.94    2.18
 -89140.378     3.505    -0.23    2.34
 -88764.734     2.694    -2.16    2.60
 -88389.096     1.640    -2.81    2.54
 -88013.462     1.154    -1.29    2.27
 -87637.832     0.590    -1.50    2.59
 -87262.208     0.721     0.35    2.81
 -86886.588     0.217    -1.34    2.75
 -86510.974     0.430     0.57    2.95
 -86135.363     0.957     1.40    2.72
 -85759.574     0.795    -0.43    2.63
 -85383.018     0.878     0.22    2.35
 -85006.466     0.562    -0.84    2.26
 -84629.919    -0.412    -2.59    2.95
 -84253.377    -0.608    -0.52    2.92
 -83876.840    -1.063    -1.21    3.22
 -83500.308    -1.528    -1.24    3.41
 -83123.780    -2.384    -2.27    3.94
 -82747.258    -2.441    -0.15    3.84
 -82370.740    -1.955     1.29    3.55
 -81994.226    -1.819     0.36    2.95
 -81617.718    -1.615     0.54    2.45
 -81241.214    -1.589     0.07    2.19
 -80864.715    -1.416     0.46    1.75
 -80488.221    -1.461    -0.12    2.04
 -80111.732    -1.096     0.97    2.40
 -79735.247    -0.873     0.59    2.55
 -79358.767    -1.083    -0.56    2.86
 -78982.292    -2.306    -3.25    3.91
 -78605.822    -2.897    -1.57    4.87
 -78229.357    -3.754    -2.28    4.76
 -77852.896    -2.871     2.34    4.80
 -77476.440    -0.657     5.88    5.52
 -77099.989    -0.113     1.44    4.47
 -76723.542     0.562     1.79    4.52
 -76347.101     0.500    -0.16    4.77
 -75970.664     0.509     0.02    4.76
 -75594.232     0.451    -0.15    4.86
 -75217.804     1.154     1.87    5.16
 -74841.381     0.077    -2.86    4.95
 -74464.963    -1.590    -4.43    4.95
 -74088.550    -3.441    -4.92    5.05
 -73712.142    -4.306    -2.30    4.43
 -73335.738    -4.359    -0.14    4.81
 -72959.339    -5.158    -2.12    4.39
 -72582.945    -5.090     0.18    4.22
 -72206.555    -3.528     4.15    4.60
 -71830.171    -1.641     5.01    3.72
 -71453.790    -0.384     3.34    2.39
 -71077.415    -0.414    -0.08    1.50
 -70701.045    -0.410     0.01    1.33
 -70324.679    -0.487    -0.20    1.27
 -69948.318    -0.500    -0.03    1.32
 -69571.961    -0.948    -1.19    1.29
 -69195.609    -0.861     0.23    1.48
 -68819.262    -1.666    -2.14    2.19
 -68442.920    -2.846    -3.13    2.89
 -68066.583    -4.219    -3.65    3.18
 -67690.250    -5.901    -4.47    1.88
 -67313.922    -5.873     0.07    1.98
 -66937.598    -5.543     0.88    2.07
 -66561.279    -5.589    -0.12    2.27
 -66184.965    -5.805    -0.57    1.78
 -65808.656    -5.748     0.15    1.77
 -65432.352    -4.923     2.19    2.79
 -65056.052    -3.522     3.72    3.49
 -64679.756    -2.070     3.86    3.29
 -64303.466    -0.570     3.99    2.67
 -63927.180    -0.128     1.17    1.51
 -63550.899    -0.333    -0.55    1.49
 -63174.622    -0.794    -1.23    1.39
 -62798.351    -1.117    -0.86    1.38
 -62422.084    -1.025     0.24    1.44
 -62045.821    -0.783     0.64    1.60
 -61669.564    -0.638     0.38    1.65
 -61293.311    -0.468     0.45    1.53
 -60917.062    -0.495    -0.07    1.55
 -60540.818    -0.603    -0.29    1.73
 -60164.579    -0.596     0.02    1.87
 -59788.345    -0.583     0.03    1.92
 -59412.116    -0.408     0.47    1.49
 -59035.891    -0.564    -0.41    1.25
 -58659.670    -0.171     1.04    1.54
 -58283.455    -0.025     0.39    1.52
 -57907.244     0.483     1.35    1.59
 -57531.037     0.462    -0.06    1.51
 -57154.836     0.308    -0.41    1.55
 -56778.639     0.282    -0.07    1.58
 -56402.446    -0.517    -2.13    1.35
 -56026.258    -0.948    -1.15    1.27
 -55650.075    -1.358    -1.09    1.82
 -55273.897    -0.916     1.17    2.16
 -54897.723    -1.252    -0.89    2.69
 -54521.554    -1.441    -0.50    3.06
 -54145.390    -1.603    -0.43    3.11
 -53769.230    -2.512    -2.42    2.66
 -53393.075    -3.104    -1.57    1.52
 -53016.924    -2.958     0.39    1.63
 -52640.778    -2.912     0.12    1.43
 -52264.637    -3.009    -0.26    1.16
 -51888.500    -2.794     0.57    1.41
 -51512.368    -2.570     0.60    1.40
 -51136.241    -2.077     1.31    1.55
 -50760.118    -1.205     2.32    2.25
 -50384.000    -0.758     1.19    2.18
 -50007.887    -0.754     0.01    2.15
 -49631.778    -1.033    -0.74    1.90
 -49255.673    -1.733    -1.86    1.30
 -48879.574    -1.750    -0.04    1.83
 -48503.479    -1.873    -0.33    1.63
 -48127.388    -1.819     0.14    1.57
 -47751.302    -1.491     0.87    1.78
 -47375.221    -0.282     3.22    1.82
 -46999.145    -0.047     0.62    1.81
 -46623.073     0.052     0.26    1.65
 -46247.005     0.272     0.59    2.09
 -45870.943    -0.198    -1.25    2.10
 -45494.884    -0.871    -1.79    2.28
 -45118.831    -1.414    -1.44    1.46
 -44742.782    -1.000     1.10    1.40
 -44366.738    -0.871     0.34    1.25
 -43990.698    -0.783     0.24    1.36
 -43614.663    -0.886    -0.27    1.33
 -43238.632    -1.051    -0.44    1.15
 -42862.606    -1.179    -0.34    1.04
 -42486.585    -1.333    -0.41    0.89
 -42110.568    -1.225     0.29    1.05
 -41734.555    -0.886     0.90    1.18
 -41358.548    -0.491     1.05    1.10
 -40982.545     0.026     1.37    1.25
 -40606.546     0.105     0.21    1.46
 -40230.552    -0.254    -0.95    1.55
 -39854.563    -0.543    -0.77    1.40
 -39478.578    -0.630    -0.23    1.18
 -39102.598    -0.846    -0.57    1.19
 -38726.622    -0.792     0.14    1.19
 -38350.651    -0.974    -0.48    1.06
 -37974.684    -1.153    -0.48    0.97
 -37598.723    -1.102     0.14    0.90
 -37222.765    -1.360    -0.69    1.07
 -36846.812    -1.641    -0.75    1.20
 -36470.864    -1.570     0.19    1.28
 -36094.920    -1.722    -0.40    1.38
 -35718.981    -1.543     0.47    1.30
 -35343.046    -1.387     0.42    1.25
 -34967.116    -1.543    -0.42    1.14
 -34591.191    -1.410     0.36    1.09
 -34215.270    -1.270     0.37    1.27
 -33839.353    -1.122     0.39    1.12
 -33463.441    -1.549    -1.14    1.25
 -33087.534    -2.117    -1.51    1.34
 -32711.631    -2.608    -1.31    1.58
 -32335.733    -2.630    -0.06    1.71
 -31959.839    -2.708    -0.21    1.92
 -31583.950    -2.897    -0.50    1.86
 -31208.065    -3.384    -1.30    2.16
 -30832.185    -4.279    -2.38    1.94
 -30456.309    -4.820    -1.44    1.35
 -30080.438    -4.175     1.72    1.88
 -29704.572    -3.472     1.87    2.27
 -29328.709    -2.538     2.48    2.90
 -28952.852    -2.630    -0.25    2.96
 -28576.999    -2.564     0.18    3.31
 -28201.150    -3.333    -2.05    2.88
 -27825.306    -4.647    -3.50    1.51
 -27449.467    -4.873    -0.60    1.10
 -27073.632    -5.009    -0.36    1.27
 -26697.801    -5.491    -1.28    1.46
 -26321.975    -5.083     1.09    3.03
 -25946.154    -5.036     0.13    3.19
 -25570.337    -4.758     0.74    3.47
 -25194.524    -5.077    -0.85    3.49
 -24818.716    -5.410    -0.89    3.33
 -24442.913    -5.738    -0.87    2.77
 -24067.114    -5.589     0.40    2.24
 -23691.319    -5.077     1.36    1.76
 -23315.529    -4.277     2.13    1.53
 -22939.744    -4.077     0.53    1.43
 -22563.963    -4.090    -0.04    1.34
 -22188.186    -4.179    -0.24    1.29
 -21812.414    -4.641    -1.23    1.24
 -21436.647    -4.694    -0.14    1.17
 -21060.884    -4.549     0.39    1.18
 -20685.125    -4.387     0.43    1.20
 -20309.371    -4.051     0.89    1.47
 -19933.621    -3.894     0.42    1.50
 -19557.876    -4.009    -0.31    1.29
 -19182.135    -4.283    -0.73    1.40
 -18806.399    -4.859    -1.53    1.33
 -18430.667    -5.201    -0.91    1.17
 -18054.940    -5.359    -0.42    1.24
 -17679.217    -5.359     0.00    1.40
 -17303.499    -4.886     1.26    1.62
 -16927.785    -4.063     2.19    2.62
 -16552.075    -2.933     3.01    2.71
 -16176.370    -2.225     1.88    2.35
 -15800.670    -1.974     0.67    2.08
 -15424.973    -2.641    -1.77    1.17
 -15049.282    -2.819    -0.48    1.17
 -14673.595    -3.657    -2.23    1.75
 -14297.912    -4.765    -2.95    1.83
 -13922.233    -5.461    -1.85    1.67
 -13546.560    -5.383     0.21    2.02
 -13170.890    -4.468     2.44    2.92
 -12795.225    -2.083     6.35    4.33
 -12419.565     0.325     6.41    4.81
 -12043.908     1.795     3.91    4.03
 -11668.257     2.821     2.73    3.68
 -11292.609     2.562    -0.69    3.59
 -10916.967     1.127    -3.82    4.07
 -10540.884    -0.965    -5.56    3.93
 -10164.363    -2.258    -3.44    2.92
  -9787.848    -3.225    -2.57    1.66
  -9411.337    -2.333     2.37    2.11
  -9034.830    -0.564     4.70    2.29
  -8658.328     0.099     1.76    1.88
  -8281.830     0.640     1.44    1.74
  -7905.336     0.639    -0.00    1.75
  -7528.847     0.821     0.48    1.60
  -7152.363     0.692    -0.34    2.24
  -6775.882    -0.306    -2.65    3.02
  -6399.407    -2.108    -4.79    3.32
  -6022.935    -3.543    -3.81    2.57
  -5646.469    -3.649    -0.28    1.88
  -5270.006    -3.230     1.11    1.64
  -4893.548    -2.666     1.50    1.66
  -4517.095    -2.122     1.44    1.70
  -4140.645    -1.754     0.98    1.95
  -3764.201    -1.408     0.92    1.75
  -3387.760    -0.684     1.92    2.04
  -3011.324    -0.758    -0.20    2.05
  -2634.893     0.231     2.63    3.14
  -2258.466     1.316     2.88    3.57
  -1882.043     2.964     4.38    4.76
  -1505.625     5.316     6.25    5.41
  -1129.211     6.052     1.96    5.55
   -752.801     4.385    -4.43    6.35
   -376.396     2.262    -5.64    5.74
      0.004    -0.608    -7.62    2.60
    376.401    -1.201    -1.58    0.66
    752.793     0.306     4.00    3.72
   1129.180     1.282     2.59    4.36
   1505.563     1.411     0.34    4.13
   1881.942     0.180    -3.27    4.52
   2258.316    -1.359    -4.09    3.87
   2634.686    -2.333    -2.59    3.37
   3011.052    -2.576    -0.65    3.74
   3387.413    -1.748     2.20    4.20
   3763.770    -0.897     2.26    4.05
   4140.122    -0.166     1.94    4.49
   4516.470     0.532     1.86    4.57
   4892.814     1.181     1.72    5.06
   5269.153     0.462    -1.91    4.65
   5645.488    -0.025    -1.29    3.58
   6021.819     0.167     0.51    3.39
   6398.145    -0.282    -1.19    2.65
   6774.467    -0.333    -0.14    2.31
   7150.785     0.018     0.93    2.68
   7527.098    -0.436    -1.21    2.65
   7903.406    -0.833    -1.06    2.60
   8279.711    -1.000    -0.44    2.62
   8656.011    -1.333    -0.89    2.50
   9032.307    -0.433     2.39    3.51
   9408.598     0.208     1.70    3.18
   9784.885     0.057    -0.40    2.98
  10161.168    -0.461    -1.38    2.79
  10537.446    -1.333    -2.32    0.00
  10913.720    -1.333     0.00    0.00
  11289.989    -1.333     0.00    0.23
  11666.255    -1.386    -0.14    1.43
  12042.516    -2.077    -1.84    3.20
  12418.772    -3.333    -3.34    3.34
  12795.025     8.167    30.56   24.65
  13171.273    22.772    38.82   32.43
  13547.516    38.208    41.02   32.87
  13923.755    53.770    41.36   21.70
  14299.990    61.193    19.73   19.40
  14676.221    76.180    39.83   25.00
  15052.447    77.898     4.57   27.29
  15428.669    85.308    19.70   29.18
  15804.887    89.586    11.37   30.54
  16181.100    80.744   -23.50   39.18
  16557.309    70.904   -26.16   40.44
  16933.514    60.167   -28.54   32.79
  17309.714    64.878    12.52   38.11
  17685.910   114.208   131.13   88.76
  18062.102   153.325   103.98   96.04
  18438.290   195.641   112.49   83.11
  18814.473   238.261   113.29   64.67
  19190.652   233.272   -13.26   63.91
  19566.826   221.035   -32.53   57.89
  19942.997   199.451   -57.38   55.16
  20319.163   172.693   -71.13   20.79
  20695.324   169.316    -8.98   19.81
  21071.482   172.026     7.21   27.71
  21447.635   184.693    33.67   35.26
  21823.783   189.436    12.61   32.14
  22199.928   204.316    39.56   30.97
  22576.068   230.488    69.58   38.01
  22952.204   259.975    78.39   48.24
  23328.336   284.806    66.02   44.18
  23704.463   304.462    52.26   32.31
  24080.586   312.910    22.46   29.73
  24456.705   305.693   -19.19   27.89
  24832.819   293.923   -31.29   22.60
  25208.930   284.042   -26.27   16.11
  25585.036   287.378     8.87   20.04
  25961.137   283.614   -10.01   18.06
  26337.235   287.878    11.34   22.12
  26713.328   290.334     6.53   19.45
  27089.417   295.208    12.96   19.95
  27465.502   302.326    18.93   21.31
  27841.582   302.590     0.70   20.88
  28217.658   304.641     5.45   20.18
  28593.730   306.235     4.24   18.62
  28969.798   303.359    -7.65   14.05
  29345.861   305.898     6.75   12.67
  29721.920   305.500    -1.06   11.20
  30097.975   303.590    -5.08   10.69
  30474.026   302.139    -3.86   12.28
  30850.072   299.385    -7.32   12.87
  31226.114   295.821    -9.48    8.75
  31602.152   297.785     5.22   11.09
  31978.186   308.532    28.58   21.00
  32354.215   326.424    47.58   27.75
  32730.240   338.904    33.19   30.07
  33106.261   348.129    24.53   26.05
  33482.278   351.045     7.76   24.94
  33858.290   353.399     6.26   26.84
  34234.299   351.564    -4.88   25.21
  34610.303   354.513     7.84   25.61
  34986.302   355.509     2.65   25.25
  35362.298   359.325    10.15   29.13
  35738.289   360.462     3.02   28.18
  36114.276   359.500    -2.56   27.71
  36490.259   366.667    19.06   25.13
  36866.238   377.834    29.70   30.05
  37242.213   391.154    35.43   29.05
  37618.183   408.154    45.22   32.89
  37994.149   412.067    10.41   30.68
  38370.111   413.775     4.54   27.31
  38746.068   413.613    -0.43   26.06
  39122.022   410.825    -7.42   21.55
  39497.971   412.257     3.81   22.74
  39873.916   411.917    -0.90   22.34
  40249.857   415.472     9.46   25.94
  40625.793   420.667    13.82   26.35
  41001.726   421.451     2.08   27.32
  41377.654   421.035    -1.10   26.76
  41753.578   411.141   -26.32   19.98
  42129.498   406.513   -12.31   13.52
  42505.414   408.306     4.77   13.40
  42881.325   409.488     3.14   13.27
  43257.232   421.613    32.26   26.94
  43633.135   443.180    57.37   48.09
  44009.034   477.564    91.47   62.01
  44384.929   502.953    67.54   53.12
  44760.820   523.127    53.67   39.53
  45136.706   537.694    38.75   29.03
  45512.588   543.272    14.84   32.21
  45888.466   562.257    50.51   34.68
  46264.340   574.362    32.20   28.86
  46640.210   588.765    38.32   33.73
  47016.075   603.436    39.03   29.19
  47391.937   611.099    20.39   28.80
  47767.794   620.509    25.03   23.70
  48143.647   625.693    13.79   23.10
  48519.496   631.513    15.49   23.14
  48895.341   635.334    10.16   21.50
  49271.181   635.564     0.61   21.23
  49647.018   637.154     4.23   23.92
  50022.850   636.872    -0.75   23.49
  50398.678   633.117    -9.99   24.78
  50774.502   633.610     1.31   24.59
  51150.322   637.694    10.87   25.86
  51526.137   643.235    14.74   29.68
  51901.949   651.035    20.76   25.53
  52277.756   646.590   -11.83   32.03
  52653.560   633.802   -34.03   34.78
  53029.359   626.367   -19.78   26.16
  53405.154   625.000    -3.64   22.64
  53780.945   629.099    10.91   22.89
  54156.731   631.746     7.04   25.33
  54532.514   624.154   -20.20   31.62
  54908.292   622.799    -3.61   34.52
  55284.067   621.262    -4.09   41.76
  55659.837   615.590   -15.09   43.42
  56035.603   600.154   -41.08   41.08
  56411.365   589.017   -29.64   33.48
  56787.123   584.517   -11.98   22.46
  57162.876   574.981   -25.38   36.24
  57538.626   535.045  -106.28   74.39
  57914.371   478.424  -150.69   81.60
  58290.113   435.588  -114.00   62.04
  58665.850   397.617  -101.06   24.49
  59041.583   382.802   -39.43   19.58
  59417.312   374.542   -21.98   15.86
  59793.037   369.026   -14.68   14.70
  60168.758   366.272    -7.33   11.62
  60544.475   364.825    -3.85   14.35
  60920.187   363.052    -4.72   13.15
  61295.896   364.693     4.37   13.62
  61671.600   369.220    12.05   18.48
  62047.301   369.917     1.86   19.13
  62422.997   372.957     8.09   21.10
  62798.689   370.942    -5.36   21.15
  63174.377   367.842    -8.25   17.06
  63550.061   372.278    11.81   17.61
  63925.741   373.451     3.12   16.88
  64301.417   373.937     1.29   17.15
  64677.754   379.975    16.04   26.53
  65054.236   389.417    25.08   33.83
  65430.715   396.451    18.68   42.25
  65807.190   419.017    59.94   46.17
  66183.661   420.872     4.93   42.63
  66560.128   412.099   -23.30   39.06
  66936.590   404.035   -21.42   37.73
  67313.048   381.821   -59.01   26.89
  67689.503   365.564   -43.18   20.25
  68065.953   358.904   -17.69   19.34
  68442.399   348.717   -27.06   17.96
  68818.841   342.904   -15.44   16.78
  69195.279   337.142   -15.31   11.34
  69571.713   334.342    -7.44    5.51
  69948.143   329.362   -13.23    9.71
  70324.569   319.559   -26.04   17.60
  70700.991   302.667   -44.87   22.71
  71077.409   287.532   -40.21   18.08
  71453.822   277.154   -27.57   12.29
  71830.232   271.721   -14.43    5.62
  72206.637   270.231    -3.96    6.33
  72583.039   271.246     2.70    7.39
  72959.436   270.154    -2.90    6.43
  73335.829   270.513     0.96    7.56
  73712.218   272.411     5.04    9.24
  74088.604   273.847     3.81    9.84
  74464.985   275.957     5.61    8.18
  74841.362   274.231    -4.58    8.98
  75217.735   276.246     5.35   14.83
  75594.104   281.092    12.88   21.47
  75970.469   286.842    15.28   21.09
  76346.830   290.973    10.97   16.39
  76723.187   290.505    -1.24   12.50
  77099.539   285.045   -14.51    8.70
  77475.888   284.343    -1.87    9.78
  77852.233   282.539    -4.79   12.83
  78228.574   278.067   -11.88   14.96
  78604.910   270.517   -20.06   14.34
  78981.243   262.325   -21.77    9.70
  79357.572   258.862    -9.20    5.55
  79733.896   258.795    -0.18    4.34
  80110.217   259.772     2.60    4.45
  80486.533   262.103     6.19    4.69
  80862.846   264.718     6.95    7.12
  81239.154   267.847     8.31    7.17
  81615.459   274.167    16.80    9.80
  81991.759   277.795     9.64   10.89
  82368.056   279.592     4.77   17.09
  82744.348   289.806    27.14   30.52
  83120.637   307.099    45.96   40.83
  83496.921   319.586    33.18   47.58
  83873.202   337.262    46.97   58.61
  84249.478   362.052    65.88   66.99
  84625.751   368.896    18.19   76.64
  85002.019   357.592   -30.04   78.67
  85378.283   327.847   -79.05   86.76
  85754.544   289.917  -100.80   74.01
  86130.800   250.975  -103.50   18.32
  86507.053   245.613   -14.25    6.29
  86883.301   247.616     5.32    6.23
  87259.546   249.206     4.23    6.87
  87635.786   251.411     5.86    5.96
  88012.023   250.904    -1.35    6.23
  88388.255   250.744    -0.43    8.43
  88764.484   248.242    -6.65    8.06
  89140.708   246.723    -4.04    8.52
  89516.929   242.505   -11.21    7.14
  89893.145   236.983   -14.68    8.31
  90269.358   230.856   -16.28    8.97
  90645.567   224.718   -16.31    8.26
  91021.771   221.020    -9.83    6.48
  91397.972   222.231     3.22    7.33
  91774.169   223.872     4.36    7.99
  92150.361   225.723     4.92    7.18
  92526.550   228.564     7.55    7.24
  92902.735   229.343     2.07    8.18
  93278.916   232.103     7.34    8.69
  93655.093   234.872     7.36    6.71
  94031.266   235.590     1.91    6.36
  94407.435   235.246    -0.91    6.44
  94783.600   238.000     7.32    7.39
  95159.761   242.092    10.88    7.50
  95535.918   243.235     3.04    6.14
  95912.071   241.272    -5.22    6.59
  96288.220   238.272    -7.98    7.27
  96664.366   234.640    -9.66    6.07
  97040.507   232.851    -4.76    5.10
  97416.645   232.230    -1.65    4.98
  97792.778   235.667     9.14    8.34
  98168.908   244.513    23.52   16.30
  98545.033   251.556    18.72   19.08
  98921.155   265.180    36.22   22.57
  99297.273   273.694    22.64   19.68
  99673.386   274.744     2.79   20.61
 100049.496   269.359   -14.32   23.42
 100425.602   254.720   -38.92   20.60
 100801.704   241.562   -34.98   12.26
 101177.802   234.770   -18.06    7.21
 101553.897   233.242    -4.06    7.25
 101929.987   231.235    -5.34    7.85
 102306.073   233.077     4.90    9.70
 102682.156   243.693    28.23   19.62
 103058.234   254.802    29.54   21.54
 103434.309   263.693    23.64   14.51
 103810.380   264.167     1.26   12.43
 104186.446   253.000   -29.69   15.95
 104562.509   241.872   -29.59   13.11
 104938.568   235.018   -18.22   10.44
 105314.623   231.308    -9.87   10.02
 105690.675   231.084    -0.60   11.11
 106066.722   228.385    -7.18   11.32
 106442.765   225.206    -8.45   11.85
 106818.805   218.856   -16.88   11.03
 107194.840   212.077   -18.03    8.44
 107570.872   208.154   -10.43    5.96
 107946.900   206.282    -4.98    5.07
 108322.924   205.208    -2.86    5.62
 108698.944   203.821    -3.69    6.24
 109074.960   200.991    -7.52    6.01
 109450.972   198.035    -7.86    5.18
 109826.981   196.141    -5.04    5.29
 110202.985   194.855    -3.42    5.15
 110578.986   193.257    -4.25    4.79
 110954.983   191.975    -3.41    4.11
 111330.976   191.262    -1.90    2.78
 111706.965   190.744    -1.38    1.87
 112082.950   190.945     0.53    1.75
 112458.931   190.872    -0.19    1.84
 112834.909   190.795    -0.20    2.10
 113210.882   190.451    -0.92    2.94
 113586.852   189.513    -2.49    3.00
 113962.818   188.590    -2.46    2.74
 114338.780   188.385    -0.55    2.89
 114714.738   188.559     0.46    2.66
 115090.692   189.667     2.95    3.17
 115466.642   190.883     3.23    3.52
 115842.589   193.562     7.12    4.71
 116218.532   196.878     8.82    5.43
 116594.471   200.417     9.41    5.67
 116970.406   204.334    10.42    5.81
 117346.337   208.539    11.19    7.21
 117722.264   213.208    12.42    8.34
 118098.188   219.129    15.75    8.80
 118474.107   222.000     7.64    7.32
 118850.023   221.872    -0.34    7.27
 119225.935   219.667    -5.87    6.31
 119601.843   215.883   -10.07    4.39
 119977.748   213.641    -5.96    3.18
 120353.648   213.000    -1.71    3.85
 120729.545   212.949    -0.14    4.67
 121105.438   211.910    -2.76    5.96
 121481.327   208.000   -10.40    7.42
 121857.212   204.478    -9.37    7.29
 122233.093   200.772    -9.86    6.73
 122608.971   196.141   -12.32    7.13
 122984.844   191.761   -11.65    7.43
 123360.714   186.411   -14.23    5.31
 123736.580   183.539    -7.64    4.34
 124112.443   181.127    -6.42    3.65
 124488.301   180.282    -2.25    3.23
 124864.156   179.528    -2.01    2.97
 125240.007   178.975    -1.47    3.24
 125615.854   179.129     0.41    3.81
 125991.697   178.937    -0.51    3.65
 126367.537   179.667     1.94    3.76
 126743.372   180.564     2.39    4.50
 127119.204   183.641     8.19   11.40
 127495.032   188.235    12.22   13.99
 127870.856   192.282    10.77   14.02
 128246.677   197.316    13.39   18.96
 128622.494   195.746    -4.18   16.58
 128998.306   192.483    -8.68   11.40
 129374.116   188.042   -11.82    3.91
 129749.921   189.436     3.71    4.57
 130125.723   192.129     7.16    6.97
 130501.520   193.802     4.45    5.08
 130877.314   195.641     4.89    4.57
 131253.104   196.910     3.38    5.18
 131628.891   197.488     1.54    4.49
 132004.674   198.590     2.93    4.60
 132380.452   199.910     3.51    4.80
 132756.228   201.404     3.97    4.66
 133131.999   202.129     1.93    3.89
 133507.767   203.744     4.30    4.34
 133883.530   206.316     6.84    6.64
 134259.290   210.411    10.90    8.94
 134635.047   214.937    12.05    8.23
 135010.799   217.378     6.49    7.87
 135386.548   221.744    11.62   11.83
 135762.293   223.667     5.12   11.96
 136138.034   225.000     3.55   10.65
 136513.772   225.462     1.23   11.37
 136889.506   222.478    -7.94    9.29
 137265.236   224.180     4.53   11.91
 137640.962   229.099    13.09   15.26
 138016.684   237.641    22.73   16.95
 138392.403   245.052    19.72   20.85
 138768.118   251.052    15.97   20.09
 139143.830   254.325     8.71   18.95
 139519.636   254.000    -0.86   18.30
 139896.092   258.949    13.15   17.24
 140272.543   254.991   -10.51   19.84
 140648.991   249.052   -15.78   23.56
 141025.435   237.586   -30.46   20.92
 141401.875   226.799   -28.66   12.91
 141778.312   219.667   -18.94   10.90
 142154.744   215.792   -10.29   11.07
 142531.173   211.488   -11.43    8.78
 142907.599   208.308    -8.45    7.81
 143284.020   206.397    -5.08    7.47
 143660.438   202.564   -10.18    8.98
 144036.852   197.445   -13.60    9.07
 144413.263   193.564   -10.31    9.94
 144789.669   189.488   -10.83    7.71
 145166.072   187.072    -6.42    5.47
 145542.471   188.359     3.42    7.01
 145918.867   190.539     5.79    7.13
 146295.259   193.770     8.58    7.50
 146671.647   195.748     5.26    6.13
 147048.031   195.770     0.06    5.71
 147424.411   194.343    -3.79    5.51
 147800.788   192.193    -5.71    4.40
 148177.162   191.378    -2.17    3.39
 148553.531   191.792     1.10    3.36
 148929.897   193.693     5.05    4.48
 149306.259   196.772     8.18    4.65
 149682.617   198.559     4.75    3.84
 150058.972   198.462    -0.26    4.31
 150435.323   196.334    -5.65    4.81
 150811.670   192.851    -9.25    5.52
 151188.014   190.872    -5.26    4.50
 151564.353   190.991     0.32    4.92
 151940.690   193.308     6.16    6.24
 152317.022   196.026     7.22    6.43
 152693.351   198.898     7.63    6.44
 153069.676   200.667     4.70    5.04
 153445.997   201.359     1.84    4.26
 153822.315   202.748     3.69    4.17
 154198.629   201.802    -2.51    3.82
 154574.939   199.424    -6.32    4.30
 154951.246   198.198    -3.26    4.55
 155327.549   198.180    -0.05    4.77
 155703.848   196.513    -4.43    5.40
 156080.144   193.883    -6.99    6.25
 156456.436   189.991   -10.34    4.21
 156832.724   188.723    -3.37    3.99
 157209.009   189.851     3.00    5.48
 157585.290   192.488     7.01    6.57
 157961.567   193.559     2.85    6.52
 158337.841   193.616     0.15    5.83
 158714.111   194.825     3.21    4.98
 159090.377   194.949     0.33    5.02
 159466.640   197.316     6.29    5.99
 159842.899   198.342     2.73    6.22
 160219.154   199.532     3.16    6.44
 160595.406   199.910     1.01    5.58
 160971.654   200.667     2.01    5.21
 161347.898   201.153     1.29    4.55
 161724.139   201.231     0.21    4.38
 162100.376   202.180     2.52    4.75
 162476.609   203.045     2.30    4.47
 162852.839   205.018     5.24    3.47
 163229.065   205.584     1.50    3.13
 163605.288   206.588     2.67    3.54
 163981.507   207.817     3.27    3.61
 164357.722   208.721     2.40    3.65
 164733.934   209.154     1.15    3.52
 165110.142   209.720     1.50    3.92
 165486.346   211.693     5.25    3.92
 165862.547   211.802     0.29    3.74
 166238.744   211.867     0.17    3.66
 166614.938   211.325    -1.44    3.55
 166991.128   211.045    -0.74    3.28
 167367.314   210.829    -0.57    4.04
 167743.496   211.917     2.89    3.81
 168119.675   211.590    -0.87    3.98
 168495.851   211.462    -0.34    4.28
 168872.023   212.473     2.69    5.03
 169248.191   213.424     2.53    5.24
 169624.355   215.181     4.67    6.83
 170000.516   216.035     2.27    6.90
 170376.674   214.892    -3.04    6.80
 170752.828   213.802    -2.90    6.50
 171128.978   214.026     0.60    5.38
 171505.124   214.114     0.23    4.69
 171881.267   216.180     5.49    5.04
 172257.407   219.316     8.34    5.90
 172633.542   222.692     8.98    8.74
 173009.675   225.114     6.44   10.05
 173385.803   227.334     5.90   11.31
 173761.928   229.720     6.34   11.17
 174138.050   235.723    15.96   13.27
 174514.167   237.949     5.92   13.31
 174890.282   241.590     9.68   12.30
 175266.392   246.084    11.95   15.22
 175642.500   253.910    20.81   15.05
 176018.603   259.694    15.38   12.51
 176394.703   262.957     8.67   11.01
 176770.799   260.692    -6.02    9.99
 177146.892   258.343    -6.25   11.15
 177522.981   255.385    -7.86   11.58
 177899.067   253.141    -5.97   11.25
 178275.149   249.462    -9.78   11.06
 178651.228   246.370    -8.22   11.39
 179027.302   243.717    -7.05   10.18
 179403.374   239.299   -11.75   12.12
 179779.442   237.278    -5.37   10.86
 180155.506   235.035    -5.96   10.24
 180531.567   232.667    -6.30   10.63
 180907.624   234.359     4.50   10.32
 181283.677   236.590     5.93    7.70
 181659.727   236.667     0.20    7.40
 182035.774   233.370    -8.77   10.91
 182411.817   224.694   -23.07   16.54
 182787.856   218.397   -16.75   14.53
 183163.892   220.367     5.24   15.63
 183539.924   222.937     6.83   16.05
 183915.953   230.641    20.49   11.42
 184291.979   232.141     3.99   10.80
 184668.000   230.411    -4.60   11.04
 185044.018   231.289     2.33   10.25
 185420.033   236.717    14.44   11.23
 185796.044   241.509    12.74    8.84
 186172.052   241.362    -0.39    9.71
 186548.056   238.825    -6.75    9.80
 186924.056   234.856   -10.55   11.48
 187300.053   232.770    -5.55   13.65
 187676.047   229.641    -8.32   14.64
 188052.037   228.210    -3.81   15.67
 188428.023   230.586     6.32   16.19
 188804.006   232.154     4.17   14.85
 189179.985   234.289     5.68   15.58
 189555.961   234.842     1.47   15.78
 189931.934   230.694   -11.03   17.08
 190307.903   226.154   -12.07   19.21
 190683.868   218.851   -19.42   17.96
 191059.830   211.923   -18.43   16.02
 191435.788   206.532   -14.34   15.22
 191811.743   205.488    -2.78   14.84
 192187.694   202.693    -7.43   14.22
 192563.642   204.584     5.03   18.65
 192939.586   203.370    -3.23   18.25
 193315.527   202.910    -1.22   16.86
 193691.465   201.257    -4.40   15.25
 194067.398   200.693    -1.50   12.76
 194443.329   198.867    -4.86   10.40
 194819.256   201.829     7.88   11.39
 195195.179   203.748     5.10   11.87
 195571.099   203.045    -1.87   10.05
 195947.015   201.292    -4.66   10.21
 196322.928   198.235    -8.13    9.63
 196698.838   194.462   -10.04    8.11
 197074.744   191.904    -6.80    7.81
 197450.646   192.129     0.60    7.23
 197826.545   194.072     5.17    9.65
 198202.441   197.492     9.10   13.82
 198578.333   205.272    20.70   16.28
 198954.222   215.028    25.95   17.56
 199330.107   218.289     8.67   16.21
 199705.988   222.613    11.50   17.84
 200081.867   225.180     6.83   21.58
 200457.741   227.000     4.84   25.93
 200833.613   231.838    12.87   27.26
 201209.481   241.045    24.49   28.20
 201585.345   244.721     9.78   27.51
 201961.206   251.586    18.26   22.68
 202337.063   249.717    -4.97   20.03
 202712.917   246.181    -9.41   20.81
 203088.768   235.872   -27.43   20.57
 203464.615   227.483   -22.32   18.72
 203840.459   226.590    -2.38   21.05
 204216.299   226.099    -1.31   21.45
 204592.136   226.567     1.24   22.53
 204967.969   221.799   -12.69   20.84
 205343.799   212.056   -25.92   17.75
 205719.626   213.181     2.99   24.25
 206095.449   225.667    33.22   35.85
 206471.268   238.667    34.59   34.13
 206847.084   263.077    64.95   22.49
 207222.897   273.467    27.64   16.67
 207598.707   279.613    16.35   17.66
 207974.512   285.694    16.18   13.99
 208350.315   290.127    11.79   11.16
 208726.114   292.317     5.83   12.53
 209101.910   296.964    12.37   13.20
 209477.702   300.411     9.17   13.84
 209853.491   304.614    11.19   13.16
 210229.276   305.206     1.57   15.33
 210605.058   305.505     0.80   15.16
 210980.836   306.496     2.64   15.92
 211356.612   307.957     3.89   15.38
 211732.383   310.139     5.81   15.39
 212108.152   309.316    -2.19   14.29
 212483.917   310.112     2.12   12.69
 212859.678   311.667     4.14   12.05
 213235.436   309.616    -5.46   10.97
 213611.191   311.417     4.79   10.52
 213986.942   309.746    -4.45    7.88
 214362.690   307.721    -5.39    6.21
 214738.741   307.289    -1.15    6.18
 215115.156   308.667     3.66    6.94
 215491.568   310.181     4.02    7.65
 215867.977   310.564     1.02    7.41
 216244.382   313.009     6.49   10.17
 216620.784   317.129    10.94   11.45
 216997.183   321.775    12.34   11.23
 217373.578   324.838     8.14    8.12
 217749.969   326.026     3.16    8.51
 218126.358   325.362    -1.77   13.87
 218502.742   318.667   -17.79   17.18
 218879.124   308.389   -27.31   15.42
 219255.502   301.246   -18.98   11.05
 219631.877   298.334    -7.74    7.89
 220008.248   298.425     0.24    8.91
 220384.616   298.930     1.34   11.31
 220760.981   298.746    -0.49   11.95
 221137.342   298.289    -1.22   10.19
 221513.700   301.898     9.59   11.93
 221890.054   304.451     6.78   11.20
 222266.405   311.257    18.08    8.51
 222642.753   314.129     7.63    7.43
 223019.097   317.616     9.27   13.66
 223395.438   321.505    10.33   16.91
 223771.776   321.308    -0.52   18.49
 224148.110   321.795     1.29   21.42
 224524.441   324.473     7.11   22.47
 224900.769   325.154     1.81   25.19
 225277.093   335.035    26.26   31.55
 225653.414   347.272    32.52   43.06
 226029.731   356.231    23.81   48.95
 226406.045   361.980    15.27   49.33
 226782.356   357.180   -12.75   44.00
 227158.663   344.872   -32.70   35.16
 227534.967   338.964   -15.70   26.07
 227911.268   330.257   -23.14   23.15
 228287.565   325.072   -13.78   22.73
 228663.860   323.180    -5.03   20.05
 229040.150   321.103    -5.52   16.30
 229416.438   320.509    -1.58   16.87
 229792.722   321.009     1.33   13.38
 230169.002   319.231    -4.72   12.18
 230545.280   317.077    -5.72    9.36
 230921.554   317.612     1.42    9.08
 231297.824   320.910     8.77   10.00
 231674.092   321.851     2.50    8.59
 232050.356   322.829     2.60    9.37
 232426.617   320.539    -6.09    9.51
 232802.874   318.980    -4.14    9.68
 233179.128   319.872     2.37   11.31
 233555.379   319.616    -0.68   11.01
 233931.626   319.889     0.73   12.07
 234307.870   318.872    -2.70    9.50
 234684.111   319.343     1.25    9.13
 235060.349   317.231    -5.61    8.95
 235436.583   318.975     4.63    8.85
 235812.814   319.272     0.79    7.90
 236189.042   318.851    -1.12    6.38
 236565.266   320.231     3.67    6.78
 236941.487   335.567    40.76   36.04
 237317.705   372.181    97.31   62.60
 237693.919   410.904   102.92   65.92
 238070.130   451.720   108.49   44.77
 238446.338   470.532    50.00   13.94
 238822.542   474.613    10.85    7.03
 239198.744   475.138     1.39    8.64
 239574.941   473.898    -3.30   10.65
 239951.136   469.282   -12.27   12.46
 240327.327   463.250   -16.03   13.15
 240703.516   457.308   -15.80   11.25
 241079.700   452.139   -13.74    7.54
 241455.882   449.103    -8.07    7.89
 241832.060   446.535    -6.82   10.72
 242208.235   442.451   -10.86   14.20
 242584.407   443.181     1.94   25.51
 242960.575   445.180     5.31   35.55
 243336.740   439.740   -14.46   34.64
 243712.902   444.278    12.06   57.67
 244089.061   437.588   -17.78   47.02
 244465.216   436.378    -3.22   44.79
 244841.368   447.370    29.22   69.36
 245217.517   459.208    31.47   75.75
 245593.663   482.038    60.69   84.50
 245969.805   497.334    40.66   74.04
 246345.944   498.411     2.86   58.58
 246722.080   496.000    -6.41   41.62
 247098.212   476.898   -50.78   30.09
 247474.341   461.250   -41.60   32.73
 247850.467   444.590   -44.29   33.65
 248226.590   426.282   -48.67   22.27
 248602.710   421.457   -12.83   10.66
 248978.826   425.035     9.51   10.50
 249354.939   430.975    15.79    8.90
 249731.049   438.716    20.58   13.75
 250107.155   447.478    23.30   21.91
 250483.259   457.411    26.41   28.06
 250859.359   470.088    33.71   29.64
 251235.456   482.856    33.95   32.57
 251611.549   499.235    43.55   34.04
 251987.640   515.296    42.70   32.13
 252363.727   533.616    48.71   32.76
 252739.811   538.792    13.76   43.52
 253115.891   535.334    -9.20   52.78
 253491.969   532.488    -7.57   61.84
 253868.043   524.028   -22.49   60.59
 254244.114   503.641   -54.21   28.32
 254620.182   495.923   -20.52   20.68
 254996.247   491.720   -11.18   16.28
 255372.308   488.141    -9.52   10.77
 255748.366   489.180     2.76    9.69
 256124.421   493.767    12.20   12.24
 256500.473   495.370     4.26   13.46
 256876.521   496.667     3.45   15.20
 257252.567   501.720    13.44   16.73
 257628.609   510.154    22.43   16.03
 258004.648   526.910    44.56   28.25
 258380.684   542.610    41.75   34.46
 258756.716   562.206    52.11   37.54
 259132.745   584.417    59.07   30.98
 259508.772   598.127    36.46   22.25
 259884.795   613.564    41.05   18.88
 260260.814   632.750    51.02   41.80
 260636.831   683.720   135.54   93.24
 261012.844   756.616   193.85  112.98
 261388.854   803.825   125.55  106.09
 261764.861   858.299   144.87   66.71
 262140.865   875.923    46.87   45.32
 262516.866   870.617   -14.11   23.47
 262892.863   862.883   -20.57   12.30
 263268.858   851.067   -31.42   30.30
 263644.849   841.667   -25.00   38.31
 264020.837   833.829   -20.84   38.47
 264396.822   778.856  -146.20   82.46
 264772.803   721.362  -152.91   89.59
 265148.782   667.693  -142.74   68.50
 265524.757   632.592   -93.35   14.16
 265900.729   626.883   -15.18    8.84
 266276.698   627.385     1.33    8.35
 266652.664   633.343    15.85    8.71
 267028.626   641.404    21.44   11.88
 267404.586   651.795    27.64   15.24
 267780.542   660.904    24.23   15.08
 268156.495   663.562     7.07   16.00
 268532.445   652.462   -29.52   35.05
 268908.392   633.417   -50.66   40.39
 269284.336   613.262   -53.61   33.44
 269660.276   601.042   -32.50   25.37
 270036.214   593.114   -21.09   19.42
 270412.148   582.964   -27.00   17.01
 270788.079   573.289   -25.74   19.53
 271164.007   562.834   -27.81   20.99
 271539.932   548.872   -37.14   20.05
 271915.854   540.517   -22.22   15.75
 272291.772   534.278   -16.60   15.56
 272667.688   535.442     3.10   18.85
 273043.600   543.535    21.53   20.83
 273419.509   564.103    54.71   42.51
 273795.415   590.847    71.14   43.33
 274171.318   609.035    48.38   34.69
 274547.218   620.483    30.45   29.28
 274923.114   620.009    -1.26   27.06
 275299.008   634.742    39.19   36.27
 275674.898   656.775    58.61   35.17
 276050.786   672.767    42.54   33.59
 276426.670   679.562    18.08   23.58
 276802.551   666.910   -33.66   26.75
 277178.429   651.586   -40.77   31.63
 277554.304   632.056   -51.96   33.92
 277930.176   608.411   -62.90   35.15
 278306.044   585.942   -59.77   33.38
 278681.910   567.208   -49.84   32.82
 279057.772   553.042   -37.69   34.87
 279433.632   548.193   -12.90   40.83
 279809.488   533.282   -39.67   40.25
 280185.341   514.821   -49.12   40.27
 280561.191   496.667   -48.30   31.55
 280937.038   481.223   -41.09   19.54
 281312.882   473.167   -21.43   10.04
 281688.723   468.867   -11.44   10.39
 282064.560   465.945    -7.77   11.27
 282440.395   462.770    -8.45   10.19
 282816.226   462.562    -0.55    8.87
 283192.055   463.883     3.52    8.28
 283567.880   467.829    10.50    6.51
 283943.702   484.721    44.94   41.18
 284319.521   520.821    96.05   66.25
 284695.338   551.892    82.67   62.88
 285071.151   572.883    55.85   51.20
 285446.961   566.792   -16.21   49.51
 285822.767   538.720   -74.69   47.35
 286198.571   515.720   -61.20   43.80
 286574.372   489.220   -70.51   30.31
 286950.170   479.641   -25.49   25.71
 287325.964   466.695   -34.45   17.50
 287701.756   458.693   -21.29    7.49
 288077.544   457.718    -2.59    6.88
 288453.330   458.500     2.08    7.02
 288829.112   460.026     4.06    8.37
 289204.891   459.847    -0.48    9.44
 289580.668   460.937     2.90    9.76
 289956.919   462.883     5.17    9.15
 290333.303   467.829    13.14   10.21
 290709.685   476.847    23.96   18.20
 291086.063   485.911    24.08   18.57
 291462.439   494.586    23.05   20.36
 291838.811   505.642    29.37   17.51
 292215.181   515.562    26.35   22.96
 292591.547   529.088    35.94   25.47
 292967.910   550.208    56.11   42.15
 293344.271   605.847   147.82  102.25
 293720.628   657.851   138.17  116.88
 294096.982   722.917   172.87  124.54
 294473.333   763.614   108.13  128.70
 294849.681   809.584   122.14  132.91
 295226.026   869.770   159.91  144.58
 295602.368   946.847   204.79  143.50
 295978.707  1036.084   237.10  140.45
 296355.043  1131.748   254.18  130.16
 296731.376  1238.316   283.16  135.23
 297107.706  1321.720   221.61  104.90
 297484.032  1368.181   123.45   72.23
 297860.356  1388.593    54.24   77.92
