-183740.448    -8.393     0.00    0.00
-183363.923    -8.393     0.00    0.00
-182987.402    -5.968     6.44    7.78
-182610.887    -2.972     7.96   11.01
-182234.377     0.607     9.51   13.28
-181857.872     3.966     8.92   14.27
-181481.372     7.968    10.63   14.49
-181104.877     9.864     5.03   13.05
-180728.387     8.870    -2.64   13.82
-180351.903     8.502    -0.98   14.67
-179975.423     3.453   -13.41   14.65
-179598.949    -2.861   -16.77   12.03
-179222.480    -6.982   -10.95    6.27
-178846.016    -8.393    -3.75    0.00
-178469.557    -7.312     2.87    4.54
-178093.103    -2.418    13.00   10.67
-177716.654     2.364    12.70   12.32
-177340.210     5.915     9.43   12.35
-176963.772     9.915    10.63   10.91
-176587.338    11.300     3.68   10.57
-176210.910    13.555     5.99   11.16
-175834.486    16.479     7.77   10.83
-175458.068    20.607    10.97    5.93
-175081.655    21.634     2.73    4.65
-174705.247    19.812    -4.84    7.62
-174328.844    18.715    -2.91    7.36
-173952.446    19.864     3.05    6.06
-173576.053    19.710    -0.41    4.27
-173199.665    17.990    -4.57    4.85
-172823.283    17.069    -2.45    4.36
-172446.905    15.121    -5.18    4.38
-172070.533    14.844    -0.74    4.36
-171694.165    15.055     0.56    4.60
-171317.803    15.413     0.95    4.78
-170941.446    16.182     2.04    4.00
-170565.093    15.889    -0.78    3.64
-170188.746    16.028     0.37    3.57
-169812.404    16.402     0.99    3.25
-169436.067    16.761     0.95    3.09
-169059.735    15.992    -2.04    3.11
-168683.408    15.397    -1.58    3.16
-168307.086    15.479     0.22    2.91
-167930.770    14.878    -1.60    3.26
-167554.458    14.146    -1.94    4.17
-167178.151    13.932    -0.57    4.57
-166801.849    13.996     0.17    4.80
-166425.553    14.202     0.55    4.90
-166049.261    13.175    -2.73    7.65
-165672.975     8.715   -11.85   11.16
-165296.693     3.742   -13.22   11.85
-164920.417     0.330    -9.07   11.37
-164544.145    -3.293    -9.63    9.19
-164167.879    -4.156    -2.29    7.41
-163791.618    -2.987     3.11    7.73
-163415.361     0.223     8.53    8.02
-163039.110     1.870     4.38    7.46
-162662.864     4.018     5.71    5.78
-162286.622     4.002    -0.04    4.89
-161910.386     1.889    -5.62    4.45
-161534.155    -0.498    -6.35    4.48
-161157.929    -2.059    -4.15    3.87
-160781.708    -1.768     0.78    4.87
-160405.491    -0.198     4.17    6.39
-160029.280     2.256     6.52    7.47
-159653.074     4.370     5.62    6.61
-159276.873     5.499     3.00    5.72
-158900.677     6.923     3.79    5.70
-158524.486     7.350     1.14    5.47
-158148.300     9.057     4.54    4.41
-157772.119    10.428     3.64    2.52
-157395.942    10.897     1.25    2.00
-157019.771    11.043     0.39    2.05
-156643.605    10.959    -0.22    1.78
-156267.444    10.146    -2.16    2.21
-155891.288     9.530    -1.64    2.24
-155515.137     8.684    -2.25    2.46
-155138.991     8.002    -1.81    2.39
-154762.849     8.325     0.86    3.52
-154386.713     8.632     0.81    3.78
-154010.582     8.496    -0.36    3.64
-153634.456     8.146    -0.93    3.02
-153258.335     7.818    -0.87    3.19
-152882.218     7.607    -0.56    3.48
-152506.107     7.633     0.07    3.81
-152130.001     8.201     1.51    3.92
-151753.899     7.710    -1.31    3.99
-151377.803     7.761     0.14    3.68
-151001.712     8.688     2.47    2.06
-150625.625     8.812     0.33    2.07
-150249.544     8.986     0.46    2.33
-149873.467     8.633    -0.94    2.56
-149497.396     8.479    -0.41    2.67
-149121.329     9.171     1.84    3.02
-148745.267     8.634    -1.43    3.51
-148369.211     8.402    -0.62    3.54
-147993.159     8.018    -1.02    3.90
-147617.112     7.769    -0.66    3.66
-147241.070     8.146     1.00    3.18
-146865.033     8.256     0.29    3.04
-146489.001     8.864     1.62    2.41
-146112.974     9.069     0.55    2.67
-145736.952     9.431     0.96    3.01
-145360.935     7.476    -5.20    5.86
-144984.923     4.661    -7.49    7.49
-144608.916     2.844    -4.83    7.88
-144232.913     0.146    -7.18    7.92
-143856.916    -0.690    -2.22    7.31
-143480.923     0.632     3.52    7.51
-143104.936     1.453     2.19    7.09
-142728.953     3.765     6.15    7.21
-142352.976     6.710     7.83    5.42
-141977.003     8.710     5.32    3.70
-141601.035     8.992     0.75    3.69
-141225.072     8.824    -0.45    3.50
-140849.114     7.479    -3.58    3.30
-140473.161     6.229    -3.33    4.06
-140097.213     4.248    -5.27    5.42
-139721.269     1.782    -6.56    6.72
-139345.331    -0.164    -5.18    6.52
-138969.397    -1.609    -3.84    6.40
-138593.469    -2.879    -3.38    5.50
-138217.545    -3.156    -0.74    5.15
-137841.626    -2.051     2.94    5.10
-137465.713    -1.115     2.49    4.71
-137089.804     0.095     3.22    5.08
-136713.900     1.274     3.14    4.58
-136338.000     2.499     3.26    3.85
-135962.106     2.377    -0.33    3.86
-135586.217     1.370    -2.68    4.25
-135210.332     1.332    -0.10    4.35
-134834.453     0.283    -2.79    4.56
-134458.578     0.966     1.82    4.57
-134082.708     2.769     4.80    5.13
-133706.843     3.146     1.00    4.76
-133330.983     2.507    -1.70    5.12
-132955.128     0.163    -6.24    5.77
-132579.277    -2.041    -5.86    5.04
-132203.432    -3.285    -3.31    3.86
-131827.591    -3.771    -1.29    3.23
-131451.755    -4.547    -2.06    3.11
-131075.924    -5.476    -2.47    1.78
-130700.098    -5.726    -0.67    1.58
-130324.277    -5.945    -0.58    1.39
-129948.461    -6.068    -0.33    1.31
-129572.650    -5.931     0.37    1.52
-129196.843    -5.675     0.68    1.59
-128821.041    -5.547     0.34    1.80
-128445.244    -5.603    -0.15    1.74
-128069.452    -5.543     0.16    1.66
-127693.665    -5.156     1.03    2.10
-127317.883    -5.393    -0.63    2.77
-126942.105    -5.418    -0.07    2.90
-126566.333    -5.837    -1.11    2.21
-126190.565    -5.609     0.61    2.33
-125814.802    -4.339     3.38    3.99
-125439.044    -1.444     7.70    6.56
-125063.291     1.505     7.85    6.95
-124687.542     2.391     2.36    6.41
-124311.799     3.941     4.12    5.81
-123936.060     2.502    -3.83    6.94
-123560.326     2.013    -1.30    6.90
-123184.597     2.432     1.12    6.64
-122808.872     2.274    -0.42    6.58
-122433.153     0.633    -4.37    6.33
-122057.438    -0.814    -3.85    6.60
-121681.728    -1.018    -0.54    6.87
-121306.023    -1.176    -0.42    6.58
-120930.323    -1.954    -2.07    5.66
-120554.628    -0.982     2.59    5.93
-120178.937    -1.204    -0.59    5.45
-119803.251    -1.068     0.36    5.32
-119427.570    -2.149    -2.88    4.88
-119051.894    -2.059     0.24    4.29
-118676.223    -0.700     3.62    5.61
-118300.556    -0.115     1.56    5.41
-117924.895    -0.419    -0.81    5.35
-117549.238    -0.717    -0.79    5.34
-117173.586    -2.498    -4.74    4.80
-116797.938    -2.068     1.15    4.82
-116422.296    -1.555     1.37    4.85
-116046.658    -1.444     0.30    5.52
-115671.025    -1.182     0.70    5.71
-115295.397    -3.085    -5.07    5.02
-114919.773    -4.744    -4.42    3.46
-114544.003    -5.193    -1.19    2.71
-114167.437    -5.690    -1.32    1.96
-113790.875    -5.068     1.65    3.35
-113414.319    -4.420     1.72    4.32
-113037.766    -3.690     1.94    4.43
-112661.219    -2.777     2.42    4.67
-112284.677    -1.341     3.81    4.98
-111908.139    -1.879    -1.43    4.94
-111531.606    -2.393    -1.36    5.02
-111155.078    -1.717     1.79    5.46
-110778.555    -1.880    -0.43    5.55
-110402.037    -2.668    -2.09    4.82
-110025.523    -3.744    -2.86    3.24
-109649.014    -4.518    -2.05    1.84
-109272.510    -4.866    -0.93    1.52
-108896.011    -5.008    -0.38    1.46
-108519.516    -5.258    -0.66    1.48
-108143.026    -4.843     1.10    1.36
-107766.541    -4.945    -0.27    1.18
-107390.061    -5.365    -1.11    1.21
-107013.586    -4.945     1.11    1.80
-106637.115    -4.960    -0.04    2.05
-106260.649    -4.880     0.21    1.97
-105884.188    -4.777     0.27    2.16
-105507.732    -5.366    -1.56    1.85
-105131.280    -5.474    -0.29    1.86
-104754.833    -5.528    -0.14    1.73
-104378.391    -5.700    -0.46    1.61
-104001.954    -5.954    -0.67    1.83
-103625.521    -6.285    -0.88    1.81
-103249.093    -6.893    -1.62    1.36
-102872.670    -6.761     0.35    1.26
-102496.252    -6.682     0.21    1.31
-102119.838    -6.103     1.54    1.47
-101743.429    -5.803     0.80    1.65
-101367.025    -5.547     0.68    1.80
-100990.626    -5.393     0.41    1.74
-100614.231    -5.518    -0.33    1.56
-100237.841    -6.312    -2.11    1.12
 -99861.456    -5.418     2.38    2.47
 -99485.076    -5.143     0.73    2.54
 -99108.700    -5.170    -0.07    2.58
 -98732.329    -5.149     0.06    2.79
 -98355.963    -6.149    -2.66    2.11
 -97979.601    -6.470    -0.85    1.04
 -97603.245    -6.343     0.34    0.96
 -97226.892    -6.041     0.80    1.21
 -96850.545    -5.618     1.13    1.23
 -96474.203    -5.341     0.73    1.41
 -96097.865    -5.014     0.87    1.44
 -95721.531    -4.700     0.83    1.38
 -95345.203    -4.418     0.75    1.29
 -94968.879    -4.341     0.20    1.12
 -94592.560    -4.498    -0.42    1.09
 -94216.246    -4.243     0.68    1.25
 -93839.936    -3.814     1.14    1.50
 -93463.631    -2.968     2.25    1.97
 -93087.331    -2.693     0.73    1.86
 -92711.035    -2.337     0.94    2.01
 -92334.745    -2.420    -0.22    1.89
 -91958.458    -2.474    -0.14    1.82
 -91582.177    -2.577    -0.27    1.92
 -91205.900    -3.213    -1.69    1.80
 -90829.628    -3.609    -1.05    1.65
 -90453.361    -4.213    -1.61    1.41
 -90077.098    -4.366    -0.41    1.44
 -89700.840    -4.582    -0.57    1.43
 -89324.587    -4.829    -0.66    1.29
 -88948.338    -4.854    -0.07    1.41
 -88572.094    -4.623     0.61    1.56
 -88195.855    -4.524     0.26    1.47
 -87819.620    -4.343     0.48    1.52
 -87443.390    -3.393     2.53    1.76
 -87067.165    -3.320     0.19    1.82
 -86690.944    -3.111     0.56    1.90
 -86314.728    -3.198    -0.23    1.77
 -85938.517    -2.987     0.56    1.74
 -85562.310    -3.176    -0.50    1.44
 -85186.108    -3.051     0.33    1.34
 -84809.911    -2.418     1.68    1.65
 -84433.719    -1.021     3.71    2.87
 -84057.531     1.453     6.58    4.12
 -83681.347     3.397     5.17    3.56
 -83305.169     3.634     0.63    3.06
 -82928.995     4.018     1.02    2.74
 -82552.825     3.792    -0.60    2.17
 -82176.660     4.069     0.74    2.34
 -81800.500     5.351     3.41    2.24
 -81424.345     5.812     1.23    2.31
 -81048.194     6.959     3.05    2.30
 -80672.048     7.832     2.32    2.12
 -80295.907     8.505     1.79    2.11
 -79919.770     8.996     1.31    1.92
 -79543.637     8.660    -0.89    2.17
 -79167.510     8.256    -1.07    2.79
 -78791.387     7.713    -1.44    2.37
 -78415.268     7.889     0.47    2.80
 -78039.155     8.395     1.34    2.38
 -77663.046     8.239    -0.42    2.61
 -77286.941     7.040    -3.19    3.07
 -76910.841     5.310    -4.60    2.32
 -76534.746     4.732    -1.54    1.95
 -76158.655     4.370    -0.96    1.75
 -75782.569     4.707     0.90    1.60
 -75406.488     5.274     1.51    1.68
 -75030.411     5.736     1.23    1.59
 -74654.339     6.418     1.82    1.76
 -74278.271     6.632     0.57    1.62
 -73902.208     6.818     0.49    1.56
 -73526.150     7.330     1.36    1.60
 -73150.096     8.351     2.72    2.15
 -72774.047     9.580     3.27    2.55
 -72398.003    11.344     4.69    2.80
 -72021.963    13.710     6.29    2.52
 -71645.927    15.179     3.91    2.19
 -71269.896    16.851     4.45    2.17
 -70893.870    18.040     3.16    1.83
 -70517.849    18.607     1.51    1.82
 -70141.832    19.407     2.13    2.17
 -69765.819    19.499     0.24    2.23
 -69389.811    18.973    -1.40    2.02
 -69013.808    17.607    -3.63    3.31
 -68637.809    15.377    -5.93    3.64
 -68261.815    12.949    -6.46    3.47
 -67885.826    11.351    -4.25    3.05
 -67509.841    11.069    -0.75    2.80
 -67133.860    10.885    -0.49    2.74
 -66757.885    11.736     2.26    3.29
 -66381.913    12.688     2.53    2.82
 -66005.947    12.757     0.18    2.80
 -65629.985    13.787     2.74    3.15
 -65254.027    14.550     2.03    2.79
 -64878.074    14.337    -0.57    2.65
 -64502.126    14.160    -0.47    2.38
 -64126.182    14.055    -0.28    1.48
 -63750.242    15.018     2.56    1.48
 -63374.308    15.715     1.86    1.22
 -62998.377    16.207     1.31    1.50
 -62622.452    16.659     1.20    1.65
 -62246.531    17.739     2.87    2.50
 -61870.614    19.239     3.99    2.33
 -61494.702    20.248     2.69    2.01
 -61118.795    21.274     2.73    1.75
 -60742.892    21.718     1.18    1.85
 -60366.993    22.812     2.91    1.47
 -59991.099    23.688     2.33    1.16
 -59615.210    24.407     1.91    1.44
 -59239.325    25.428     2.72    1.89
 -58863.445    25.941     1.36    1.66
 -58487.569    26.202     0.70    1.40
 -58111.698    26.391     0.50    1.32
 -57735.831    26.274    -0.31    1.42
 -57359.969    26.782     1.35    1.74
 -56984.111    27.661     2.34    1.61
 -56608.258    28.982     3.51    2.05
 -56232.410    29.710     1.94    1.98
 -55856.566    30.239     1.41    1.75
 -55480.726    30.739     1.33    1.73
 -55104.891    31.248     1.36    2.01
 -54729.060    32.838     4.23    1.93
 -54353.234    34.213     3.66    1.50
 -53977.413    35.007     2.11    1.34
 -53601.596    35.344     0.90    1.39
 -53225.783    35.182    -0.43    1.55
 -52849.975    34.182    -2.66    2.10
 -52474.172    33.580    -1.60    2.04
 -52098.373    32.499    -2.87    2.22
 -51722.578    31.802    -1.86    2.01
 -51346.788    31.864     0.16    1.85
 -50971.002    31.457    -1.08    1.53
 -50595.221    31.337    -0.32    1.50
 -50219.445    31.382     0.12    2.12
 -49843.673    30.555    -2.20    2.39
 -49467.905    28.555    -5.32    4.32
 -49092.142    26.889    -4.43    4.36
 -48716.383    26.028    -2.29    3.73
 -48340.629    27.160     3.01    3.49
 -47964.880    30.318     8.40    5.27
 -47589.134    35.207    13.01    6.72
 -47213.394    39.932    12.57    4.85
 -46837.657    43.057     8.32    3.72
 -46461.925    46.453     9.04    4.31
 -46086.198    49.552     8.25    4.85
 -45710.475    51.878     6.19    3.33
 -45334.757    53.441     4.16    2.42
 -44959.043    54.043     1.60    2.44
 -44583.333    53.982    -0.16    2.34
 -44207.628    53.959    -0.06    2.44
 -43831.928    54.457     1.33    2.12
 -43456.232    54.824     0.97    2.20
 -43080.540    54.941     0.31    2.14
 -42704.853    54.684    -0.68    2.79
 -42329.170    54.686     0.01    2.83
 -41953.492    55.239     1.47    3.35
 -41577.818    56.018     2.07    3.83
 -41202.149    56.807     2.10    3.60
 -40826.484    57.472     1.77    3.28
 -40450.823    56.832    -1.70    3.73
 -40075.167    55.292    -4.10    4.62
 -39699.515    53.688    -4.27    4.91
 -39323.462    49.229   -11.86    6.38
 -38946.934    43.779   -14.48    7.17
 -38570.410    39.889   -10.33    6.59
 -38193.890    36.457    -9.12    3.82
 -37817.375    35.337    -2.98    1.57
 -37440.865    35.479     0.38    1.79
 -37064.359    35.302    -0.47    2.25
 -36687.857    34.479    -2.19    3.21
 -36311.360    33.018    -3.88    3.35
 -35934.867    32.081    -2.49    4.04
 -35558.379    34.476     6.36    6.33
 -35181.895    37.160     7.13    7.12
 -34805.416    40.982    10.15    6.64
 -34428.941    44.878    10.35    2.59
 -34052.470    47.082     5.86    4.35
 -33676.004    49.684     6.91    4.85
 -33299.542    51.526     4.89    4.44
 -32923.085    53.472     5.17    5.33
 -32546.632    55.499     5.38    6.05
 -32170.183    56.300     2.13    5.89
 -31793.739    57.838     4.09    5.20
 -31417.300    57.885     0.12    4.61
 -31040.865    57.870    -0.04    2.91
 -30664.434    58.986     2.96    1.77
 -30288.007    60.792     4.80    3.79
 -29911.585    63.382     6.88    4.88
 -29535.168    65.094     4.55    4.87
 -29158.755    64.736    -0.95    4.72
 -28782.346    62.660    -5.51    5.08
 -28405.942    59.197    -9.20    4.42
 -28029.542    56.932    -6.02    3.07
 -27653.146    56.882    -0.13    2.72
 -27276.755    57.265     1.02    2.55
 -26900.368    58.337     2.85    2.71
 -26523.986    60.256     5.10    2.03
 -26147.608    62.040     4.74    2.44
 -25771.234    63.453     3.76    2.33
 -25394.865    65.377     5.11    2.15
 -25018.500    66.496     2.97    1.75
 -24642.140    67.418     2.45    1.33
 -24265.784    67.688     0.72    1.30
 -23889.432    67.897     0.55    1.41
 -23513.085    68.182     0.76    1.84
 -23136.742    68.337     0.41    2.64
 -22760.404    68.479     0.38    3.31
 -22384.069    67.765    -1.90    3.69
 -22007.740    66.043    -4.58    2.47
 -21631.414    65.283    -2.02    2.51
 -21255.093    65.659     1.00    3.17
 -20878.776    66.660     2.66    3.08
 -20502.464    67.802     3.03    3.13
 -20126.156    67.844     0.11    2.61
 -19749.853    66.718    -2.99    2.64
 -19373.553    65.530    -3.16    2.70
 -18997.258    64.607    -2.45    2.94
 -18620.968    63.552    -2.81    3.35
 -18244.682    61.959    -4.23    3.43
 -17868.400    60.905    -2.80    3.82
 -17492.122    59.528    -3.66    3.70
 -17115.849    58.357    -3.11    3.80
 -16739.580    57.634    -1.92    4.04
 -16363.316    56.382    -3.33    3.83
 -15987.056    52.325   -10.78    7.30
 -15610.800    48.633    -9.81    9.26
 -15234.549    44.175   -11.85   11.15
 -14858.302    42.402    -4.71   10.90
 -14482.059    39.607    -7.43   11.86
 -14105.820    37.913    -4.50   12.91
 -13729.586    35.300    -6.95   13.57
 -13353.357    32.802    -6.64   14.54
 -12977.131    33.357     1.48   15.70
 -12600.910    30.659    -7.17   15.73
 -12224.693    28.550    -5.60   14.56
 -11848.481    20.121   -22.41   13.85
 -11472.273    14.292   -15.49    9.29
 -11096.069    15.028     1.96    8.46
 -10719.869    17.325     6.11    8.31
 -10343.674    20.742     9.08    5.50
  -9967.483    22.266     4.05    3.48
  -9591.296    22.043    -0.59    2.95
  -9215.114    22.028    -0.04    2.67
  -8838.936    22.397     0.98    2.92
  -8462.762    23.659     3.35    3.57
  -8086.593    25.146     3.95    3.52
  -7710.428    25.941     2.11    4.08
  -7334.267    26.736     2.11    5.76
  -6958.111    24.959    -4.72    9.30
  -6581.959    23.132    -4.86   11.24
  -6205.811    23.197     0.17   13.59
  -5829.667    25.893     7.17   15.11
  -5453.528    24.364    -4.06   16.60
  -5077.393    19.905   -11.86   18.08
  -4701.262    12.739   -19.05   16.45
  -4325.136     5.684   -18.76   10.50
  -3949.013     1.661   -10.70    2.44
  -3572.896     0.754    -2.41    2.51
  -3196.782     0.684    -0.18    2.81
  -2820.673     0.796     0.30    2.79
  -2444.568     1.094     0.79    3.03
  -2068.467     1.223     0.34    2.74
  -1692.370     1.582     0.95    2.70
  -1316.278     1.526    -0.15    2.54
   -940.190     0.941    -1.56    2.43
   -564.106     0.229    -1.89    1.96
   -188.027    -0.393    -1.65    0.00
    188.048    -0.393     0.00    0.00
    564.119    -0.393     0.00    0.00
    940.186    -0.393     0.00    0.00
   1316.248     0.580     2.59    2.49
   1692.307     2.175     4.24    5.29
   2068.361     7.607    14.45    9.71
   2444.410    14.968    19.57   11.77
   2820.456    24.157    24.44   11.91
   3196.497    34.505    27.52   11.85
   3572.534    45.310    28.73   13.44
   3948.566    55.171    26.22   14.43
   4324.595    61.582    17.05   12.15
   4700.619    59.069    -6.68   11.37
   5076.639    51.581   -19.91   15.17
   5452.655    38.633   -34.43   16.39
   5828.666    25.148   -35.86   13.07
   6204.673    15.582   -25.44   11.68
   6580.676     7.707   -20.94    8.87
   6956.675     5.135    -6.84    7.53
   7332.670     5.851     1.90    8.60
   7708.660     9.364     9.34    9.04
   8084.646    12.526     8.41   10.47
   8460.628    17.248    12.56   10.64
   8836.606    24.330    18.83    9.06
   9212.579    27.094     7.35   10.75
   9588.549    31.449    11.58   10.68
   9964.514    35.337    10.34    9.68
  10340.474    41.659    16.81    8.86
  10716.431    44.941     8.73    8.74
  11092.383    46.966     5.39    7.21
  11468.332    47.449     1.29    5.54
  11844.276    45.732    -4.57    0.79
  12220.215    45.607    -0.33    0.00
  12596.151    45.607     0.00    0.00
  12972.082    45.607     0.00    0.00
  13348.010    45.607     0.00    0.00
  13723.933    47.148     4.10    4.31
  14099.851    54.607    19.84   13.61
  14475.766    63.607    23.94   16.20
  14851.677    72.018    22.37   13.04
  15227.583    77.661    15.01    8.32
  15603.485    76.607    -2.80    6.05
  15979.383    74.476    -5.67    6.69
  16355.276    75.634     3.08    6.76
  16731.166    77.171     4.09    9.06
  17107.051    79.479     6.14   10.82
  17482.932    81.838     6.28   10.52
  17858.809    85.186     8.91   13.00
  18234.682    96.632    30.45   26.48
  18610.551   105.739    24.23   27.74
  18986.415   110.656    13.08   27.34
  19362.276   107.633    -8.04   24.45
  19738.132   103.524   -10.93   27.75
  20113.984    96.391   -18.98   29.30
  20489.831    86.418   -26.53   22.52
  20865.675    82.710    -9.87   13.34
  21241.515    84.094     3.68   15.82
  21617.350    85.688     4.24   15.57
  21993.181    88.966     8.72   14.83
  22369.008    90.660     4.51    8.54
  22744.831    94.080     9.10   10.23
  23120.650   100.633    17.44   11.78
  23496.464   103.812     8.46   11.92
  23872.275   104.659     2.25   10.06
  24248.081   106.555     5.05   15.70
  24623.883   109.332     7.39   24.28
  24999.681   111.445     5.62   28.94
  25375.475   114.046     6.92   38.44
  25751.265   106.094   -21.16   35.29
  26127.050   102.663    -9.13   26.65
  26502.832   112.202    25.38   31.87
  26878.609   135.634    62.36   40.98
  27254.382   155.146    51.92   35.35
  27630.151   168.248    34.87   32.42
  28005.916   167.830    -1.11   33.82
  28381.677   162.710   -13.62   37.18
  28757.434   185.765    61.36   57.31
  29133.186   231.391   121.42   87.24
  29508.935   273.707   112.62   83.54
  29884.679   302.318    76.14   60.37
  30260.419   291.502   -28.79   67.52
  30636.156   244.318  -125.58   65.64
  31011.888   206.182  -101.50   54.17
  31387.615   181.851   -64.76   40.76
  31763.339   178.900    -7.85   50.21
  32139.059   178.659    -0.64   51.72
  32514.774   182.607    10.51   44.51
  32890.486   178.175   -11.80   40.53
  33266.193   168.986   -24.46   39.73
  33641.897   157.556   -30.42   38.51
  34017.596   143.479   -37.47   35.16
  34393.291   132.364   -29.58   26.05
  34768.982   124.949   -19.74   14.06
  35144.669   120.094   -12.92   11.45
  35520.352   115.607   -11.94    8.37
  35896.657   118.382     7.37   11.29
  36273.154   122.040     9.71   12.21
  36649.646   128.265    16.54   16.15
  37026.135   137.160    23.63   20.49
  37402.619   152.782    41.49   33.45
  37779.099   181.878    77.28   52.31
  38155.576   227.046   119.98   81.11
  38532.048   292.428   173.67   99.04
  38908.516   335.472   114.34   79.70
  39284.980   354.715    51.12   56.62
  39661.439   338.986   -41.78   51.19
  40037.895   311.607   -72.73   48.37
  40414.347   278.812   -87.11   43.38
  40790.795   263.996   -39.36   48.16
  41167.238   231.325   -86.79   39.22
  41543.677   212.472   -50.08   27.19
  41920.113   198.688   -36.62   17.37
  42296.544   189.107   -25.45    9.99
  42672.971   183.256   -15.54   13.71
  43049.394   172.889   -27.54   18.42
  43425.813   167.528   -14.24   18.75
  43802.228   165.966    -4.15   17.82
  44178.639   176.634    28.34   22.17
  44555.046   201.437    65.89   33.34
  44931.449   237.423    95.61   60.02
  45307.848   289.941   139.52   85.53
  45684.243   346.580   150.48   93.35
  46060.633   409.553   167.31   79.90
  46437.020   440.739    82.85   51.97
  46813.402   446.864    16.27   34.67
  47189.781   418.576   -75.16   54.33
  47566.155   353.555  -172.75   90.86
  47942.526   301.445  -138.45   86.57
  48318.892   256.310  -119.92   58.05
  48695.254   237.171   -50.85   39.36
  49071.612   240.897     9.90   52.75
  49447.967   241.325     1.14   49.50
  49824.317   237.556   -10.02   48.93
  50200.663   223.043   -38.56   37.71
  50577.005   210.607   -33.04   29.97
  50953.343   202.223   -22.28   16.35
  51329.677   213.897    31.02   27.98
  51706.007   231.024    45.51   35.76
  52082.333   248.351    46.04   34.06
  52458.655   263.688    40.76   37.87
  52834.973   264.765     2.86   35.67
  53211.287   247.505   -45.87   36.63
  53587.597   228.389   -50.80   33.45
  53963.903   210.265   -48.16   29.20
  54340.204   198.449   -31.40   14.27
  54716.502   200.094     4.37   15.16
  55092.796   203.197     8.25   18.97
  55469.086   206.688     9.28   18.21
  55845.372   206.453    -0.62   16.67
  56221.653   203.453    -7.97   13.26
  56597.931   199.094   -11.58   11.57
  56974.205   203.553    11.85   21.91
  57350.475   220.505    45.05   36.61
  57726.741   242.120    57.45   41.12
  58103.002   271.552    78.22   30.55
  58479.260   288.736    45.67   22.02
  58855.514   294.661    15.75   17.04
  59231.764   291.505    -8.39   18.05
  59608.010   284.761   -17.92   24.71
  59984.251   272.014   -33.88   24.58
  60360.489   267.660   -11.57   26.53
  60736.723   280.239    33.43   34.67
  61112.953   286.553    16.78   31.49
  61489.179   285.889    -1.76   31.83
  61865.401   271.445   -38.39   31.01
  62241.619   254.889   -44.01   20.34
  62617.833   246.069   -23.45   11.48
  62994.043   242.634    -9.13    6.41
  63370.249   246.055     9.09   12.23
  63746.451   251.607    14.76   14.38
  64122.649   262.171    28.08   22.74
  64498.843   283.148    55.76   46.42
  64875.033   311.530    75.45   55.99
  65251.219   355.418   116.66   63.23
  65627.401   385.171    79.09   54.04
  66003.580   392.966    20.72   47.82
  66379.754   381.389   -30.78   47.11
  66755.924   371.556   -26.14   40.89
  67132.091   361.878   -25.73   29.87
  67508.253   365.370     9.29   31.05
  67884.412   370.736    14.26   29.79
  68260.566   371.040     0.81   37.93
  68636.717   365.657   -14.31   58.58
  69012.863   342.018   -62.85   67.62
  69389.006   307.607   -91.48   57.94
  69765.145   277.107   -81.09   23.65
  70141.280   267.633   -25.19    9.40
  70517.410   265.684    -5.18    8.76
  70893.537   265.040    -1.71    7.58
  71269.660   264.684    -0.95    7.41
  71645.780   263.959    -1.93    6.80
  72021.895   261.992    -5.23    1.58
  72398.006   261.607    -1.02    0.00
  72774.113   261.607     0.00    0.00
  73150.217   261.607     0.00    0.00
  73526.316   261.607     0.00    0.00
  73902.411   261.607     0.00    0.00
  74278.503   261.607     0.00    0.00
  74654.591   261.607     0.00    0.00
  75030.675   261.607     0.00    0.00
  75406.754   261.607     0.00    0.00
  75782.830   261.607     0.00    0.00
  76158.902   261.607     0.00    0.00
  76534.970   261.607     0.00    0.00
  76911.035   261.607     0.00    0.00
  77287.095   261.607     0.00    0.00
  77663.151   261.607     0.00    0.00
  78039.204   261.607     0.00    0.00
  78415.253   261.607     0.00    0.00
  78791.297   261.607     0.00    0.00
  79167.338   261.607     0.00    0.00
  79543.375   261.607     0.00    0.00
  79919.408   261.607     0.00    0.00
  80295.437   261.607     0.00    0.00
  80671.462   261.607     0.00    0.00
  81047.484   261.607     0.00    0.00
  81423.501   261.607     0.00    0.00
  81799.515   261.607     0.00    0.00
  82175.525   261.607     0.00    0.00
  82551.530   261.607     0.00    0.00
  82927.532   261.607     0.00    0.00
  83303.530   261.607     0.00    0.00
  83679.525   261.607     0.00    0.00
  84055.515   261.607     0.00    0.00
  84431.501   261.607     0.00    0.00
  84807.484   261.607     0.00    0.00
  85183.463   261.607     0.00    0.00
  85559.438   261.607     0.00    0.00
  85935.409   261.607     0.00    0.00
  86311.376   261.607     0.00    0.00
  86687.339   261.607     0.00    0.00
  87063.298   261.607     0.00    0.00
  87439.254   261.607     0.00    0.00
  87815.206   261.607     0.00    0.00
  88191.154   261.633     0.07    0.16
  88567.098   261.634     0.00    0.16
  88943.038   261.864     0.61    1.45
  89318.974   264.300     6.48    8.86
  89694.906   265.094     2.11    9.58
  90070.835   265.202     0.29    9.82
  90446.760   263.607    -4.24    6.49
  90822.681   261.663    -5.17    0.33
  91198.598   261.607    -0.15    0.00
  91574.511   261.607     0.00    0.00
  91950.421   261.607     0.00    0.00
  92326.326   261.607     0.00    0.00
  92702.228   261.607     0.00    0.00
  93078.126   261.607     0.00    0.00
  93454.020   261.607     0.00    0.00
  93829.910   261.607     0.00    0.00
  94205.797   261.607     0.00    0.00
  94581.679   261.607     0.00    0.00
  94957.558   261.607     0.00    0.00
  95333.433   261.607     0.00    0.00
  95709.304   261.607     0.00    0.00
  96085.172   261.607     0.00    0.00
  96461.035   261.607     0.00    0.00
  96836.895   261.607     0.00    0.00
  97212.751   261.607     0.00    0.00
  97588.603   261.607     0.00    0.00
  97964.452   261.607     0.00    0.00
  98340.296   261.607     0.00    0.00
  98716.137   261.607     0.00    0.00
  99091.974   261.607     0.00    0.00
  99467.807   262.107     1.33    2.50
  99843.636   263.851     4.64    5.91
 100219.462   265.941     5.56    7.66
 100595.283   268.657     7.23   10.88
 100971.101   267.659    -2.66   10.52
 101346.916   265.370    -6.09    8.98
 101722.726   262.966    -6.40    4.47
 102098.533   262.505    -1.23    3.73
 102474.335   262.479    -0.07    3.73
 102850.134   262.445    -0.09    3.77
 103225.930   261.761    -1.82    0.96
 103601.721   261.774     0.03    1.00
 103977.509   261.607    -0.44    0.00
 104353.293   261.607     0.00    0.00
 104729.073   261.607     0.00    0.00
 105104.849   261.742     0.36    0.82
 105480.622   267.067    14.17   13.70
 105856.391   280.107    34.70   34.38
 106232.156   289.661    25.42   45.59
 106607.917   289.274    -1.03   44.25
 106983.675   285.882    -9.03   39.74
 107359.428   273.094   -34.03   23.16
 107735.178   275.818     7.25   22.45
 108110.925   279.197     8.99   23.02
 108486.667   284.581    14.33   23.28
 108862.406   282.197    -6.34   23.05
 109238.141   272.905   -24.73   16.48
 109613.872   268.146   -12.67    6.50
 109989.600   269.718     4.19    7.09
 110365.323   273.736    10.69    8.03
 110741.098   276.146     6.41    6.23
 111117.562   274.696    -3.85    5.72
 111494.023   271.742    -7.84    6.42
 111870.481   267.824   -10.41    5.44
 112246.934   267.423    -1.06    8.36
 112623.384   268.688     3.36   12.16
 112999.830   268.635    -0.14   12.75
 113376.272   267.507    -3.00   11.31
 113752.710   264.402    -8.25    7.16
 114129.145   261.739    -7.07    0.81
 114505.576   261.607    -0.35    0.00
 114882.003   261.607     0.00    0.00
 115258.427   261.607     0.00    0.00
 115634.846   261.607     0.00    0.00
 116011.262   261.659     0.14    0.32
 116387.675   261.663     0.01    0.33
 116764.083   262.581     2.44    3.88
 117140.488   262.232    -0.93    3.33
 117516.889   261.607    -1.66    0.00
 117893.286   262.274     1.77    4.00
 118269.680   262.418     0.38    4.14
 118646.070   261.742    -1.80    0.67
 119022.456   262.256     1.36    2.41
 119398.839   264.357     5.58    6.76
 119775.217   267.684     8.84   11.28
 120151.592   271.120     9.13   13.26
 120527.964   271.713     1.57   13.28
 120904.331   271.274    -1.17   11.15
 121280.695   275.941    12.40   13.10
 121657.055   278.530     6.88   11.30
 122033.412   281.040     6.67   12.46
 122409.765   277.274   -10.01   11.15
 122786.114   272.274   -13.29   10.16
 123162.459   267.765   -11.98    7.65
 123538.801   263.633   -10.98    4.05
 123915.139   261.830    -4.79    0.64
 124291.473   262.248     1.11    2.23
 124667.804   262.283     0.09    2.43
 125044.131   261.959    -0.86    1.49
 125420.454   263.688     4.60    7.66
 125796.773   264.163     1.26    7.91
 126173.089   265.018     2.27    8.24
 126549.402   266.754     4.61   10.97
 126925.710   265.792    -2.56    9.17
 127302.015   268.282     6.62   11.62
 127678.316   270.607     6.18   12.68
 128054.613   270.171    -1.16   12.58
 128430.907   270.018    -0.41   14.54
 128807.197   269.787    -0.61   15.12
 129183.484   266.802    -7.93   13.29
 129559.767   263.897    -7.72    7.45
 129936.046   263.479    -1.11    7.11
 130312.321   264.229     1.99    7.91
 130688.593   263.274    -2.54    5.11
 131064.861   264.337     2.83    8.71
 131441.125   271.256    18.39   16.73
 131817.386   275.256    10.63   19.27
 132193.643   275.746     1.30   18.79
 132569.897   274.659    -2.89   17.86
 132946.147   269.207   -14.49   13.29
 133322.393   265.148   -10.79    5.68
 133698.635   265.632     1.29    6.65
 134074.874   267.028     3.71    9.42
 134451.109   266.402    -1.66    9.08
 134827.341   265.941    -1.23    8.80
 135203.569   264.377    -4.16    7.43
 135579.793   262.857    -4.04    2.85
 135956.014   264.055     3.18    7.25
 136332.231   264.300     0.65    7.18
 136708.444   265.968     4.44    9.16
 137084.654   267.684     4.56   12.69
 137460.860   265.428    -6.00   11.26
 137837.063   264.175    -3.33   10.53
 138213.262   261.878    -6.11    1.64
 138589.457   261.607    -0.72    0.00
 138965.649   261.607     0.00    0.00
 139341.837   261.607     0.00    0.00
 139718.021   261.607     0.00    0.00
 140094.202   261.607     0.00    0.00
 140470.379   261.607     0.00    0.00
 140846.552   261.607     0.00    0.00
 141222.722   261.607     0.00    0.00
 141598.889   261.607     0.00    0.00
 141975.051   261.607     0.00    0.00
 142351.210   261.607     0.00    0.00
 142727.366   261.607     0.00    0.00
 143103.518   261.607     0.00    0.00
 143479.666   261.607     0.00    0.00
 143855.811   261.607     0.00    0.00
 144231.952   261.607     0.00    0.00
 144608.089   261.607     0.00    0.00
 144984.223   261.607     0.00    0.00
 145360.354   261.607     0.00    0.00
 145736.480   261.607     0.00    0.00
 146112.603   261.607     0.00    0.00
 146488.723   261.607     0.00    0.00
 146864.839   261.607     0.00    0.00
 147240.951   261.607     0.00    0.00
 147617.060   261.607     0.00    0.00
 147993.165   261.607     0.00    0.00
 148369.267   261.607     0.00    0.00
 148745.365   261.607     0.00    0.00
 149121.459   261.607     0.00    0.00
 149497.550   261.607     0.00    0.00
 149873.637   261.607     0.00    0.00
 150249.721   261.607     0.00    0.00
 150625.801   261.607     0.00    0.00
 151001.878   261.607     0.00    0.00
 151377.951   261.607     0.00    0.00
 151754.020   261.607     0.00    0.00
 152130.086   261.607     0.00    0.00
 152506.149   261.607     0.00    0.00
 152882.207   261.607     0.00    0.00
 153258.263   261.607     0.00    0.00
 153634.314   261.607     0.00    0.00
 154010.363   261.607     0.00    0.00
 154386.407   261.607     0.00    0.00
 154762.448   261.607     0.00    0.00
 155138.486   261.607     0.00    0.00
 155514.520   261.607     0.00    0.00
 155890.550   261.607     0.00    0.00
 156266.577   261.607     0.00    0.00
 156642.600   261.607     0.00    0.00
 157018.620   261.607     0.00    0.00
 157394.636   261.607     0.00    0.00
 157770.649   261.607     0.00    0.00
 158146.658   261.607     0.00    0.00
 158522.664   261.607     0.00    0.00
 158898.666   261.607     0.00    0.00
 159274.664   261.607     0.00    0.00
 159650.660   261.607     0.00    0.00
 160026.651   261.607     0.00    0.00
 160402.639   261.607     0.00    0.00
 160778.624   261.607     0.00    0.00
 161154.605   261.607     0.00    0.00
 161530.582   261.607     0.00    0.00
 161906.556   261.659     0.14    0.32
 162282.526   261.959     0.80    1.09
 162658.493   263.032     2.86    3.32
 163034.457   265.838     7.46    7.00
 163410.417   268.218     6.33    8.50
 163786.373   271.796     9.52    9.61
 164162.326   273.718     5.11    9.40
 164538.275   275.555     4.88    8.71
 164914.221   276.915     3.62    7.06
 165290.164   277.715     2.13    4.87
 165666.103   279.732     5.36    3.76
 166042.038   280.223     1.30    5.37
 166417.970   279.581    -1.71    5.87
 166793.898   277.134    -6.51    6.04
 167169.823   275.043    -5.56    5.02
 167545.745   274.812    -0.61    5.56
 167921.663   275.830     2.71    7.20
 168297.577   278.325     6.64    9.56
 168673.488   277.229    -2.92   11.69
 169049.396   274.807    -6.44   12.39
 169425.300   272.120    -7.15   12.47
 169801.200   277.913    15.41   25.07
 170177.097   300.878    61.09   47.25
 170552.991   323.996    61.50   60.55
 170928.881   338.870    39.57   63.38
 171304.768   343.197    11.51   68.78
 171680.651   334.256   -23.79   69.75
 172056.531   318.707   -41.36   66.86
 172432.407   291.941   -71.21   44.58
 172808.280   276.344   -41.49   25.56
 173184.149   266.765   -25.48   13.05
 173560.015   263.146    -9.63    5.03
 173935.878   262.069    -2.87    2.06
 174311.737   261.607    -1.23    0.00
 174687.592   261.607     0.00    0.00
 175063.444   261.607     0.00    0.00
 175439.293   261.607     0.00    0.00
 175815.138   261.607     0.00    0.00
 176190.980   261.607     0.00    0.00
 176566.818   261.607     0.00    0.00
 176942.653   261.607     0.00    0.00
 177318.484   261.607     0.00    0.00
 177694.312   261.607     0.00    0.00
 178070.137   261.607     0.00    0.00
 178445.958   261.632     0.07    0.16
 178821.775   266.171    12.08   14.13
 179197.590   273.844    20.42   22.50
 179573.400   281.067    19.22   24.02
 179949.208   281.428     0.96   20.51
 180325.012   279.765    -4.42   14.19
 180700.812   279.663    -0.27   11.36
 181076.609   286.274    17.59   13.34
 181452.403   293.941    20.40   11.10
 181828.193   297.248     8.80    9.46
 182203.980   299.966     7.23    6.33
 182579.763   298.330    -4.36    6.58
 182955.543   295.526    -7.46    8.85
 183331.320   290.905   -12.30   11.25
 183707.093   283.659   -19.28   12.68
 184082.863   283.207    -1.20   13.63
 184458.629   282.526    -1.81   14.26
 184834.392   285.407     7.67   14.47
 185210.152   287.186     4.73   14.73
 185585.908   287.213     0.07   14.28
 185961.923   286.769    -1.18   12.26
 186338.352   289.684     7.74   11.54
 186714.777   291.476     4.76    6.64
 187091.198   292.691     3.23    7.00
 187467.617   292.479    -0.56    4.79
 187844.032   293.330     2.26    4.80
 188220.443   294.120     2.10    4.97
 188596.851   293.530    -1.57    5.34
 188973.256   293.274    -0.68    5.54
 189349.657   293.310     0.10    5.93
 189726.055   293.851     1.44    9.00
 190102.449   294.949     2.92   10.05
 190478.841   294.432    -1.37    9.79
 190855.228   292.202    -5.93    8.08
 191231.613   289.778    -6.44    7.00
 191607.994   288.659    -2.97    7.16
 191984.371   289.213     1.47    8.12
 192360.745   294.418    13.83    9.38
 192737.116   298.377    10.52    9.69
 193113.484   301.274     7.70    8.79
 193489.848   301.246    -0.07    9.29
 193866.208   302.505     3.34    8.69
 194242.566   307.941    14.44   15.43
 194618.919   310.351     6.40   15.46
 194995.270   310.633     0.75   14.51
 195371.617   310.880     0.66   13.49
 195747.961   307.688    -8.48    9.43
 196124.301   304.067    -9.62    5.35
 196500.639   302.765    -3.46    6.02
 196876.972   302.055    -1.89    7.02
 197253.303   302.202     0.39    8.54
 197629.630   299.973    -5.92    7.82
 198005.953   298.889    -2.88   11.48
 198382.274   296.423    -6.55   12.58
 198758.590   294.526    -5.04    7.69
 199134.904   295.949     3.78    8.39
 199511.214   305.787    26.14   23.72
 199887.521   319.968    37.68   38.32
 200263.825   335.479    41.22   45.01
 200640.125   344.607    24.26   43.63
 201016.422   348.582    10.56   39.13
 201392.715   363.300    39.11   42.43
 201769.006   383.732    54.30   43.55
 202145.292   399.660    42.33   49.85
 202521.576   423.121    62.35   42.03
 202897.856   436.502    35.56   28.50
 203274.133   437.818     3.50   23.36
 203650.406   432.202   -14.92   19.14
 204026.677   424.992   -19.16   21.26
 204402.943   419.069   -15.74   24.10
 204779.207   423.607    12.06   27.33
 205155.467   438.870    40.56   25.76
 205531.724   449.171    27.38   19.70
 205907.978   451.966     7.43   18.67
 206284.228   443.986   -21.21   22.11
 206660.475   434.351   -25.61   25.04
 207036.719   426.661   -20.44   20.74
 207412.959   418.684   -21.20   21.51
 207789.196   409.043   -25.62   23.75
 208165.430   393.295   -41.86   27.17
 208541.660   375.043   -48.51   24.01
 208917.887   363.067   -31.83   13.10
 209294.111   363.553     1.29   16.45
 209670.331   375.256    31.10   25.03
 210046.549   387.413    32.31   30.65
 210422.762   404.292    44.86   31.60
 210798.973   406.736     6.50   30.04
 211175.180   406.265    -1.25   36.09
 211551.384   392.966   -35.35   53.51
 211927.585   376.941   -42.60   62.78
 212303.783   356.582   -54.12   62.04
 212679.977   339.445   -45.55   57.92
 213056.168   325.197   -37.87   45.89
 213432.355   308.851   -43.45   23.76
 213808.539   300.377   -22.53    5.06
 214184.720   297.660    -7.22    4.44
 214560.898   295.639    -5.37    4.57
 214937.073   294.530    -2.95    4.62
 215313.244   294.476    -0.15    4.67
 215689.412   293.418    -2.81    4.85
 216065.576   293.715     0.79    4.15
 216441.738   293.802     0.23    3.94
 216817.896   293.923     0.32    5.37
 217194.051   295.069     3.05    6.62
 217570.202   295.796     1.93    9.86
 217946.351   294.556    -3.30    8.41
 218322.496   300.171    14.93   14.71
 218698.638   312.864    33.74   24.06
 219074.776   326.202    35.46   26.58
 219450.911   330.710    11.98   26.16
 219827.043   326.634   -10.83   31.59
 220203.172   314.769   -31.54   32.07
 220579.298   297.081   -47.03   19.78
 220955.420   289.107   -21.20   12.03
 221331.539   286.915    -5.83    7.79
 221707.655   290.370     9.19    9.36
 222083.767   291.094     1.92    9.97
 222459.877   295.688    12.22    9.63
 222835.983   304.052    22.24   14.88
 223212.086   317.318    35.27   23.90
 223588.185   331.407    37.46   22.63
 223964.282   336.986    14.83   18.31
 224340.375   342.120    13.65   16.53
 224716.465   344.300     5.79   14.91
 225092.551   350.966    17.73   16.73
 225468.635   360.418    25.13   15.31
 225844.715   363.453     8.07   14.33
 226220.792   361.824    -4.33   15.34
 226596.866   358.959    -7.62   12.70
 226972.937   353.445   -14.66    8.08
 227349.004   350.872    -6.84    6.64
 227725.068   351.325     1.21    7.30
 228101.129   351.966     1.70    7.46
 228477.187   351.040    -2.46    8.46
 228853.241   349.310    -4.60    8.74
 229229.293   351.691     6.33   12.89
 229605.341   359.581    20.98   19.33
 229981.386   361.812     5.93   18.65
 230357.427   362.769     2.54   19.12
 230733.466   363.274     1.34   19.68
 231109.501   361.581    -4.50   19.25
 231485.533   364.555     7.91   18.42
 231861.562   364.040    -1.37   17.26
 232237.588   360.032   -10.66   17.19
 232613.610   349.607   -27.72   12.23
 232989.629   344.013   -14.88   10.70
 233365.646   341.067    -7.83    9.13
 233741.659   336.236   -12.85    6.06
 234117.668   333.582    -7.06    6.74
 234493.675   333.351    -0.61    7.94
 234869.678   338.246    13.02   17.22
 235245.678   346.660    22.38   19.57
 235621.675   351.996    14.19   17.21
 235997.669   351.949    -0.12   17.29
 236373.660   343.761   -21.78   11.32
 236749.647   341.661    -5.58   10.15
 237125.632   343.530     4.97   11.34
 237501.613   344.949     3.77    9.93
 237877.591   342.838    -5.62    8.73
 238253.566   339.796    -8.09    7.94
 238629.537   335.607   -11.14    5.89
 239005.506   334.229    -3.67    5.48
 239381.471   335.688     3.88    7.34
 239757.434   338.499     7.48    7.63
 240133.393   343.330    12.85    9.94
 240509.348   346.094     7.35   10.31
 240885.301   346.069    -0.07   10.17
 241261.251   351.080    13.33   19.41
 241637.197   357.923    18.20   23.58
 242013.140   358.468     1.45   22.86
 242389.080   359.660     3.17   21.51
 242765.017   361.120     3.88   17.60
 243140.951   367.769    17.69   27.86
 243516.882   389.265    57.18   46.24
 243892.810   412.239    61.11   47.98
 244268.734   428.248    42.58   41.62
 244644.655   444.121    42.22   39.67
 245020.573   449.232    13.60   41.68
 245396.488   454.069    12.87   42.52
 245772.400   460.661    17.54   39.05
 246148.309   460.634    -0.07   36.69
 246524.215   450.746   -26.30   25.23
 246900.117   438.351   -32.97   26.33
 247276.017   425.274   -34.79   27.91
 247651.913   415.524   -25.94   21.53
 248027.806   410.739   -12.73   16.93
 248403.696   416.246    14.65   18.87
 248779.583   430.765    38.62   26.96
 249155.467   445.556    39.35   35.61
 249531.347   460.607    40.04   46.90
 249907.225   469.870    24.64   56.38
 250283.099   476.134    16.66   66.13
 250658.971   474.307    -4.86   73.26
 251034.839   472.337    -5.24   81.38
 251410.704   460.120   -32.50   84.40
 251786.566   433.120   -71.83   75.67
 252162.425   410.067   -61.33   53.18
 252538.281   387.283   -60.62   13.70
 252914.134   383.218   -10.81    6.37
 253289.983   386.761     9.43   12.36
 253665.830   390.659    10.37   16.10
 254041.673   391.913     3.34   16.80
 254417.514   393.069     3.08   20.30
 254793.351   385.496   -20.15   21.63
 255169.185   379.634   -15.60   18.83
 255545.016   379.094    -1.43   16.18
 255920.844   388.897    26.08   22.76
 256296.669   412.028    61.55   37.89
 256672.491   437.397    67.50   43.56
 257048.310   468.782    83.51   49.67
 257424.126   501.040    85.83   48.01
 257799.938   535.232    90.98   56.20
 258175.748   561.479    69.84   52.98
 258551.554   583.107    57.55   49.17
 258927.358   614.202    82.74   54.26
 259303.158   631.996    47.35   63.04
 259678.955   588.453  -115.86  102.40
 260054.750   519.207  -184.26  129.93
 260430.541   454.796  -171.39  122.98
 260806.329   379.120  -201.37   34.78
 261182.546   358.968   -53.56   15.37
 261558.942   353.107   -15.57   14.04
 261935.335   350.838    -6.03   13.77
 262311.724   348.634    -5.86   10.36
 262688.111   346.660    -5.24    6.88
 263064.495   347.555     2.38    7.11
 263440.875   346.657    -2.38    6.78
 263817.253   345.824    -2.22    5.00
 264193.627   347.582     4.67    6.75
 264569.999   348.556     2.59    7.10
 264946.367   349.441     2.35    6.79
 265322.733   349.310    -0.35    5.68
 265699.095   349.499     0.50    4.26
 266075.454   350.423     2.45    4.55
 266451.810   351.838     3.76    5.53
 266828.164   352.607     2.04    6.18
 267204.514   353.607     2.66    7.49
 267580.861   355.607     5.31    7.20
 267957.205   355.218    -1.03    4.58
 268333.546   358.160     7.82    7.63
 268709.884   362.325    11.07    8.90
 269086.219   365.941     9.61    8.86
 269462.551   372.897    18.48   10.62
 269838.880   379.274    16.94   12.39
 270215.206   383.399    10.96   13.79
