# NaN NaN NaN ;Mean Elev.(m), Avg Gradient(m/km), RMS Gradient(m/km) - SRTM1     
#   79.995  -1.388  14.871 ;Mean Elev.(m), Avg Gradient(m/km), RMS Gradient(m/km) - ASTER GDEM
#   79.525  -1.121   6.523 ;Mean Elev.(m), Avg Gradient(m/km), RMS Gradient(m/km) - GMTED2010 
  7    87.748 52460.10276582 48.45 292.428763   4.002927 28.701
  7    87.706 52460.10276647 50.27 292.428033   4.006227 28.701
  7    87.655 52460.10276711 51.95 292.427313   4.009537 28.701
  7    87.593 52460.10276776 52.64 292.426583   4.012837 28.701
  7    87.552 52460.10276840 48.36 292.425853   4.016147 28.701
  9    86.718 52530.10274306 44.62 292.423883   4.004187 25.965
  9    86.610 52530.10274371 46.85 292.423153   4.007497 25.965
  9    86.712 52530.10274435 37.67 292.422423   4.010807 25.965
  9    86.787 52530.10274500 46.18 292.421693   4.014107 25.965
 10    82.029 52565.10276072 40.32 292.433606   4.004222 15.081
 10    82.156 52565.10276137 45.09 292.432876   4.007532 15.081
 10    81.976 52565.10276201 47.39 292.432146   4.010832 15.081
 10    82.046 52565.10276266 45.80 292.431416   4.014142 15.081
 11    83.658 52600.10278781 49.04 292.419150   4.005327 14.331
 11    83.627 52600.10278845 48.97 292.418420   4.008637 14.331
 11    83.750 52600.10278910 41.37 292.417690   4.011937 14.331
 11    83.682 52600.10278974 44.59 292.416960   4.015247 14.331
 12    81.139 52635.10274446 49.42 292.422586   4.004185 21.361
 12    81.226 52635.10274511 49.99 292.421856   4.007495 21.361
 12    80.937 52635.10274575 53.13 292.421126   4.010795 21.361
 12    81.113 52635.10274640 49.51 292.420396   4.014105 21.361
 13    79.628 52670.10275443 46.35 292.423152   4.005982 21.506
 13    79.473 52670.10275508 41.15 292.422422   4.009292 21.506
 13    79.745 52670.10275572 45.61 292.421692   4.012602 21.506
 14    79.751 52705.10274373 46.98 292.427971   4.004083 26.335
 14    79.312 52705.10274437 51.32 292.427241   4.007393 26.335
 14    79.484 52705.10274502 35.02 292.426511   4.010693 26.335
 14    79.708 52705.10274566 51.95 292.425781   4.014003 26.335
 15    79.503 52740.10277906 34.51 292.423244   4.005751 23.771
 15    79.449 52740.10277971 33.97 292.422514   4.009051 23.771
 15    79.512 52740.10278035 42.31 292.421784   4.012361 23.771
 15    79.362 52740.10278100 49.02 292.421054   4.015661 23.771
 16    83.995 52775.10272611 49.76 292.430071   4.003246 19.924
 16    83.954 52775.10272675 51.13 292.429341   4.006556 19.924
 16    83.999 52775.10272740 50.73 292.428611   4.009856 19.924
 16    83.867 52775.10272804 50.03 292.427891   4.013166 19.924
 17    86.065 52810.10280093 51.08 292.421764   4.004830 33.870
 17    86.156 52810.10280158 53.31 292.421034   4.008130 33.870
 17    86.078 52810.10280222 52.63 292.420304   4.011440 33.870
 17    86.064 52810.10280287 52.92 292.419574   4.014740 33.870
 18    87.732 52845.10285723 36.87 292.423692   4.005883 25.471
 18    87.721 52845.10285788 51.18 292.422962   4.009183 25.471
 18    87.696 52845.10285852 53.33 292.422232   4.012493 25.471
 18    87.655 52845.10285917 50.16 292.421502   4.015793 25.471
 19    87.670 52880.10289448 49.21 292.422745   4.004345 24.702
 19    87.734 52880.10289513 50.54 292.422015   4.007655 24.702
 19    87.765 52880.10289577 49.74 292.421285   4.010955 24.702
 19    87.775 52880.10289641 48.81 292.420555   4.014265 24.702
 20    85.895 52915.10285160 49.63 292.429779   4.002991 26.880
 20    85.922 52915.10285224 50.95 292.429049   4.006301 26.880
 20    85.897 52915.10285288 48.47 292.428319   4.009611 26.880
 20    85.841 52915.10285353 51.82 292.427589   4.012911 26.880
 21    83.676 52950.10281143 22.34 292.429459   4.005073  5.944
 21    83.818 52950.10281208 22.61 292.428729   4.008383  5.944
 21    83.912 52950.10281272 23.54 292.427999   4.011683  5.944
 21    83.845 52950.10281337 23.00 292.427269   4.014993  5.944
 22    82.272 52985.10283564 50.66 292.431010   4.004429 16.630
 22    82.301 52985.10283628 51.43 292.430290   4.007739 16.630
 22    82.291 52985.10283693 50.88 292.429560   4.011039 16.630
 22    82.243 52985.10283757 50.35 292.428830   4.014349 16.630
 23    81.288 53020.10282636 46.07 292.427908   4.002961 17.538
 23    81.359 53020.10282700 51.59 292.427178   4.006261 17.538
 23    80.972 53020.10282765 49.27 292.426448   4.009571 17.538
 23    81.352 53020.10282829 46.84 292.425728   4.012871 17.538
 24    79.637 53055.10281340 20.73 292.429967   4.004408 10.193
 24    79.606 53055.10281404 23.12 292.429237   4.007708 10.193
 24    79.616 53055.10281469 23.07 292.428507   4.011018 10.193
 24    79.678 53055.10281533 25.18 292.427777   4.014328 10.193
 25    79.793 53090.10285076 41.86 292.417613   4.003658 19.779
 25    79.570 53090.10285141 49.25 292.416883   4.006958 19.779
 25    79.590 53090.10285205 49.47 292.416163   4.010268 19.779
 25    79.410 53090.10285270 51.81 292.415433   4.013578 19.779
 26    82.147 53125.10282090 46.28 292.426677   4.002953 18.554
 26    81.969 53125.10282154 51.72 292.425947   4.006253 18.554
 26    81.977 53125.10282219 53.51 292.425217   4.009563 18.554
 26    82.053 53125.10282283 48.45 292.424487   4.012873 18.554
 27    85.603 53160.10288212 49.47 292.418543   4.004133 26.077
 27    85.491 53160.10288276 52.44 292.417813   4.007443 26.077
 27    85.416 53160.10288341 51.70 292.417083   4.010743 26.077
 27    85.419 53160.10288405 51.81 292.416353   4.014053 26.077
 28    87.035 53195.10287792 42.91 292.428259   4.003063 20.304
 28    86.971 53195.10287856 44.26 292.427529   4.006373 20.304
 28    87.100 53195.10287921 45.39 292.426799   4.009673 20.304
 28    87.120 53195.10287985 49.53 292.426069   4.012983 20.304
 29    87.160 53230.10286600 49.10 292.430663   4.003632 27.511
 29    87.103 53230.10286664 50.52 292.429943   4.006942 27.511
 29    87.048 53230.10286729 50.07 292.429213   4.010242 27.511
 29    87.200 53230.10286793 50.62 292.428483   4.013552 27.511
 30    86.039 53265.10283735 24.12 292.423715   4.004836 19.363
 30    85.849 53265.10283799 23.52 292.422985   4.008146 19.363
 30    85.761 53265.10283864 22.51 292.422255   4.011446 19.363
 30    86.215 53265.10283928 23.96 292.421535   4.014756 19.363
 31    83.514 53300.10288512 51.39 292.415113   4.004784 29.961
 31    83.585 53300.10288577 52.81 292.414383   4.008094 29.961
 31    83.631 53300.10288641 51.25 292.413653   4.011394 29.961
 31    83.599 53300.10288706 51.90 292.412923   4.014704 29.961
 32    81.818 53335.10285484 31.97 292.424899   4.004904 15.139
 32    81.725 53335.10285548 36.71 292.424169   4.008214 15.139
 32    81.771 53335.10285613 41.86 292.423439   4.011524 15.139
 32    81.613 53335.10285677 44.58 292.422709   4.014824 15.139
 33    80.801 53370.10279373 47.73 292.428120   4.003604 19.489
 33    80.870 53370.10279437 51.75 292.427390   4.006914 19.489
 33    80.667 53370.10279502 44.48 292.426660   4.010214 19.489
 33    80.855 53370.10279566 49.54 292.425940   4.013524 19.489
 35    80.779 53440.10281425 45.95 292.426386   4.003739 18.956
 35    80.724 53440.10281490 50.62 292.425656   4.007039 18.956
 35    80.536 53440.10281554 40.03 292.424936   4.010349 18.956
 35    80.805 53440.10281618 47.79 292.424206   4.013659 18.956
 36    81.714 53475.10287782 49.38 292.420030   4.005683 21.611
 36    81.555 53475.10287846 51.04 292.419300   4.008983 21.611
 36    81.450 53475.10287911 52.62 292.418570   4.012293 21.611
 36    81.337 53475.10287975 46.15 292.417840   4.015593 21.611
 37    84.944 53510.10289407 49.44 292.424900   4.003869 23.982
 37    84.916 53510.10289471 51.24 292.424180   4.007169 23.982
 37    84.895 53510.10289536 50.77 292.423450   4.010479 23.982
 37    84.794 53510.10289600 52.32 292.422720   4.013789 23.982
 38    85.702 53545.10291116 53.71 292.420382   4.005867 31.656
 38    85.762 53545.10291180 52.30 292.419652   4.009177 31.656
 38    85.684 53545.10291245 52.02 292.418922   4.012477 31.656
 40    86.689 53615.10284189 30.51 292.422462   4.005050 21.349
 40    86.820 53615.10284253 32.27 292.421732   4.008350 21.349
 40    86.991 53615.10284318 37.90 292.421012   4.011660 21.349
 40    86.906 53615.10284382 42.01 292.420282   4.014970 21.349
 41    83.293 53650.10285157 36.98 292.426724   4.004459 19.059
 41    83.181 53650.10285222 45.24 292.425994   4.007769 19.059
 41    82.970 53650.10285286 50.42 292.425264   4.011069 19.059
 41    83.152 53650.10285351 50.18 292.424534   4.014379 19.059
 42    82.731 53685.10286210 44.71 292.420571   4.003261 20.657
 42    82.845 53685.10286275 51.26 292.419841   4.006561 20.657
 42    82.760 53685.10286339 54.39 292.419111   4.009871 20.657
 42    82.795 53685.10286404 52.98 292.418381   4.013181 20.657
 43    82.210 53720.10278815 44.94 292.429153   4.002566 16.367
 43    81.901 53720.10278880 47.56 292.428423   4.005876 16.367
 43    81.930 53720.10278944 42.88 292.427693   4.009176 16.367
 43    82.025 53720.10279009 47.49 292.426973   4.012486 16.367
 43    81.965 53720.10279073 46.19 292.426243   4.015796 16.367
 44    81.845 53755.10271264 50.78 292.432731   4.004395 16.078
 44    81.753 53755.10271329 50.22 292.432001   4.007695 16.078
 44    81.903 53755.10271393 50.66 292.431271   4.011005 16.078
 44    81.830 53755.10271458 49.39 292.430541   4.014315 16.078
 45    81.353 53790.10274206 45.92 292.430073   4.002403 18.353
 45    81.162 53790.10274270 50.46 292.429353   4.005703 18.353
 45    81.211 53790.10274335 47.71 292.428623   4.009013 18.353
 45    81.373 53790.10274399 49.87 292.427893   4.012323 18.353
 45    81.243 53790.10274464 48.04 292.427163   4.015623 18.353
 46    81.242 53825.10269866 49.92 292.430228   4.004164 20.127
 46    81.481 53825.10269931 49.99 292.429498   4.007474 20.127
 46    81.442 53825.10269995 47.54 292.428768   4.010774 20.127
 46    81.393 53825.10270059 53.18 292.428038   4.014084 20.127
 47    81.832 53860.10279245 46.83 292.421668   4.003328 21.634
 47    81.529 53860.10279310 52.40 292.420931   4.006638 17.675
 47    81.498 53860.10279374 49.97 292.420211   4.009938 17.675
 47    81.633 53860.10279439 52.26 292.419481   4.013248 17.675
 48    86.049 53895.10281012 48.19 292.427675   4.002668 19.953
 48    85.830 53895.10281077 52.46 292.426945   4.005978 19.953
 48    85.969 53895.10281141 49.15 292.426215   4.009278 19.953
 48    85.898 53895.10281206 49.52 292.425485   4.012588 19.953
 48    85.862 53895.10281270 47.22 292.424755   4.015888 19.953
 49    87.367 53930.10286449 46.31 292.415381   4.002930 28.056
 49    87.140 53930.10286513 51.42 292.414648   4.006241 24.447
 49    87.305 53930.10286578 51.20 292.413918   4.009541 24.447
 49    87.218 53930.10286642 50.26 292.413198   4.012851 24.447
 50    87.876 53965.10284295 51.05 292.418753   4.004658 29.712
 50    87.962 53965.10284360 51.06 292.418023   4.007958 29.712
 50    87.958 53965.10284424 52.22 292.417292   4.011270 21.924
 50    87.893 53965.10284489 52.71 292.416562   4.014570 21.924
 51    85.562 54000.10279879 50.48 292.427384   4.004164 16.399
 51    85.458 54000.10279944 48.84 292.426654   4.007464 16.399
 51    85.617 54000.10280008 50.28 292.425924   4.010774 16.399
 51    85.549 54000.10280073 51.23 292.425194   4.014074 16.399
 52    83.983 54035.10284234 45.90 292.428128   4.002719 22.071
 52    83.830 54035.10284298 48.61 292.427398   4.006019 22.071
 52    83.773 54035.10284363 49.27 292.426661   4.009330 16.330
 52    83.772 54035.10284427 48.77 292.425941   4.012630 16.330
 52    83.654 54035.10284492 48.86 292.425211   4.015940 16.330
 53    83.381 54070.10283611 46.05 292.427352   4.002855 15.118
 53    83.309 54070.10283675 48.85 292.426622   4.006155 15.118
 53    83.264 54070.10283740 48.60 292.425888   4.009465 11.366
 53    83.178 54070.10283804 48.24 292.425158   4.012765 11.366
 53    83.123 54070.10283869 47.15 292.424438   4.016075 11.366
 54    81.048 54105.10279105 49.88 292.424920   4.004982 14.860
 54    80.869 54105.10279170 46.56 292.424190   4.008292 14.860
 54    81.054 54105.10279234 48.85 292.423460   4.011592 14.860
 54    80.871 54105.10279299 44.42 292.422733   4.014902 11.381
 55    79.774 54140.10276897 53.18 292.424268   4.005785 18.089
 55    79.784 54140.10276962 41.81 292.423548   4.009085 18.089
 55    80.335 54140.10277026 43.41 292.422818   4.012395 18.089
 55    79.998 54140.10277090 48.34 292.422088   4.015695 18.089
 56    79.861 54175.10277085 50.72 292.424984   4.003966 20.013
 56    79.326 54175.10277149 49.24 292.424264   4.007266 20.013
 56    79.770 54175.10277214 37.65 292.423534   4.010576 20.013
 56    79.964 54175.10277278 43.51 292.422804   4.013886 20.013
 57    81.283 54210.10277490 47.07 292.423625   4.004638 19.808
 57    81.194 54210.10277555 45.15 292.422895   4.007948 19.808
 57    81.198 54210.10277619 39.57 292.422165   4.011248 19.808
 57    81.337 54210.10277684 44.95 292.421435   4.014558 19.808
 58    84.130 54245.10280615 19.72 292.424749   4.005558 12.867
 58    83.831 54245.10280680 20.49 292.424019   4.008868 12.867
 58    84.108 54245.10280744 21.69 292.423289   4.012168 12.867
 58    84.491 54245.10280809 22.62 292.422559   4.015478 12.867
 59    87.511 54280.10281722 49.90 292.425470   4.003326 26.524
 59    87.586 54280.10281786 50.89 292.424740   4.006636 26.524
 59    87.531 54280.10281851 50.16 292.424010   4.009946 26.524
 59    87.515 54280.10281915 50.75 292.423280   4.013246 26.524
 60    87.805 54315.10281600 46.90 292.427510   4.002574 23.972
 60    87.688 54315.10281665 47.73 292.426790   4.005874 23.972
 60    87.626 54315.10281729 40.94 292.426060   4.009184 23.972
 60    87.610 54315.10281794 40.95 292.425330   4.012494 23.972
 60    87.572 54315.10281858 49.11 292.424600   4.015794 23.972
 61    86.706 54350.10278532 51.94 292.425764   4.005474 27.849
 61    86.585 54350.10278597 54.63 292.425034   4.008774 27.849
 61    86.777 54350.10278661 52.35 292.424314   4.012084 27.849
 61    86.721 54350.10278726 51.89 292.423584   4.015394 27.849
 62    85.550 54385.10275470 49.33 292.426450   4.003533 19.860
 62    85.587 54385.10275535 53.04 292.425720   4.006833 19.860
 62    85.522 54385.10275599 52.38 292.424983   4.010143 18.845
 62    85.440 54385.10275664 53.47 292.424263   4.013443 18.845
 63    82.881 54420.10273457 48.72 292.425200   4.004258 22.633
 63    82.924 54420.10273521 49.93 292.424470   4.007568 22.633
 63    82.915 54420.10273586 52.32 292.423740   4.010868 22.633
 63    82.862 54420.10273650 50.33 292.423010   4.014179 11.904
 64    81.939 54455.10272671 44.15 292.425544   4.005118 10.057
 64    81.928 54455.10272736 47.32 292.424824   4.008427  9.933
 64    81.793 54455.10272800 43.45 292.424094   4.011727  9.933
 64    81.719 54455.10272865 38.46 292.423364   4.015037  9.933
 65    80.932 54490.10273450 46.76 292.426976   4.002774 16.500
 65    80.760 54490.10273515 49.23 292.426246   4.006074 16.500
 65    80.738 54490.10273579 46.44 292.425526   4.009384 16.500
 65    80.796 54490.10273644 46.23 292.424796   4.012694 16.500
 65    80.777 54490.10273708 47.22 292.424066   4.015994 16.500
 66    80.999 54525.10273912 43.50 292.427228   4.003237 21.354
 66    80.777 54525.10273976 45.19 292.426498   4.006537 21.354
 66    80.604 54525.10274040 41.41 292.425768   4.009847 21.354
 66    80.619 54525.10274105 52.15 292.425038   4.013147 21.354
 67    80.423 54560.10274372 49.95 292.425489   4.003608 21.080
 67    80.344 54560.10274437 50.78 292.424759   4.006918 21.080
 67    80.242 54560.10274501 40.73 292.424029   4.010218 21.080
 67    80.540 54560.10274566 49.04 292.423299   4.013528 21.080
 68    82.350 54595.10273608 47.09 292.424644   4.005086 21.829
 68    82.145 54595.10273672 50.96 292.423914   4.008396 21.829
 68    82.228 54595.10273737 49.04 292.423184   4.011696 21.829
 68    82.081 54595.10273801 50.45 292.422464   4.015006 21.829
 69    85.861 54630.10274956 46.77 292.424796   4.002790 23.072
 69    85.623 54630.10275021 52.13 292.424066   4.006090 23.072
 69    85.744 54630.10275085 50.70 292.423336   4.009400 23.072
 69    85.711 54630.10275150 50.86 292.422606   4.012700 23.072
 70    87.672 54665.10275635 41.09 292.423406   4.004172 19.383
 70    87.690 54665.10275699 41.68 292.422676   4.007472 19.383
 70    87.584 54665.10275764 41.60 292.421946   4.010782 19.383
 70    87.722 54665.10275828 41.47 292.421216   4.014082 19.383
 71    87.611 54700.10272705 52.58 292.427113   4.004833 26.653
 71    87.540 54700.10272770 45.43 292.426383   4.008143 26.653
 71    87.744 54700.10272834 38.83 292.425653   4.011443 26.653
 71    87.661 54700.10272899 47.96 292.424923   4.014753 26.653
 72    84.710 54735.10271560 53.17 292.424627   4.005323 27.618
 72    84.703 54735.10271625 49.70 292.423897   4.008633 27.618
 72    84.627 54735.10271689 51.90 292.423167   4.011933 27.618
 72    84.607 54735.10271754 49.93 292.422437   4.015243 27.618
 73    83.619 54770.10270681 50.91 292.426546   4.004789 17.492
 73    83.636 54770.10270745 51.19 292.425816   4.008099 17.492
 73    83.557 54770.10270810 49.10 292.425086   4.011399 17.492
 73    83.397 54770.10270874 50.17 292.424356   4.014709 17.492
 74    83.722 54805.10270846 49.92 292.424101   4.003271 21.705
 74    83.587 54805.10270910 49.55 292.423371   4.006571 21.705
 74    83.748 54805.10270975 50.87 292.422641   4.009881 21.705
 74    83.759 54805.10271039 49.61 292.421911   4.013181 21.705
 75    82.347 54840.10270190 51.12 292.425975   4.004081 20.333
 75    82.264 54840.10270254 52.27 292.425245   4.007391 20.333
 75    82.317 54840.10270319 51.40 292.424515   4.010691 20.333
 75    82.181 54840.10270383 52.15 292.423785   4.014001 20.333
 76    81.490 54875.10270941 48.69 292.424365   4.004018 22.056
 76    81.540 54875.10271006 48.83 292.423635   4.007328 22.056
 76    81.699 54875.10271070 46.71 292.422905   4.010628 22.056
 76    81.545 54875.10271134 47.85 292.422175   4.013938 22.056
 77    81.069 54910.10270748 51.13 292.424065   4.004807 20.228
 77    81.113 54910.10270812 52.37 292.423335   4.008117 20.228
 77    81.225 54910.10270877 49.50 292.422605   4.011417 20.228
 77    81.143 54910.10270941 51.37 292.421875   4.014727 20.228
 78    81.725 54945.10270240 32.18 292.423405   4.004205 20.332
 78    82.123 54945.10270304 34.96 292.422675   4.007515 20.332
 78    82.109 54945.10270369 45.76 292.421945   4.010815 20.332
 78    82.125 54945.10270433 47.47 292.421215   4.014125 20.332
 79    81.500 54980.10272924 22.80 292.423960   4.004328 18.183
 79    81.693 54980.10272988 31.80 292.423230   4.007638 18.183
 79    81.693 54980.10273053 42.84 292.422500   4.010938 18.183
 79    81.747 54980.10273117 44.45 292.421770   4.014248 18.183
 80    85.149 55015.10273155 48.75 292.425344   4.003094 21.551
 80    85.009 55015.10273220 51.16 292.424614   4.006404 21.551
 80    85.116 55015.10273284 51.23 292.423884   4.009704 21.551
 80    85.045 55015.10273348 51.95 292.423154   4.013014 21.551
 81    86.273 55050.10272599 30.15 292.426001   4.004947 22.165
 81    86.237 55050.10272663 26.93 292.425271   4.008257 22.165
 81    86.262 55050.10272728 28.15 292.424541   4.011567 22.165
 81    86.475 55050.10272792 29.31 292.423811   4.014867 22.165
 82    84.694 55085.10269299 23.43 292.425532   4.004132 12.309
 82    84.487 55085.10269364 20.07 292.424812   4.007442 12.309
 82    84.533 55085.10269428 20.12 292.424082   4.010742 12.309
 82    84.926 55085.10269492 20.35 292.423352   4.014052 12.309
 83    81.992 55120.10265825 23.25 292.426754   4.003568 17.595
 83    82.340 55120.10265890 23.85 292.426024   4.006878 17.595
 83    82.698 55120.10265954 27.39 292.425294   4.010188 17.595
 83    83.002 55120.10266019 38.71 292.424564   4.013488 17.595
 84    80.920 55155.10265214 51.57 292.424456   4.005037 18.850
 84    80.802 55155.10265279 51.04 292.423726   4.008347 18.850
 84    81.177 55155.10265343 48.22 292.422996   4.011647 18.850
 84    81.100 55155.10265408 49.92 292.422266   4.014957 18.850
 85    80.120 55190.10264826 50.31 292.423933   4.005677 23.285
 85    80.061 55190.10264891 45.23 292.423203   4.008987 23.285
 85    80.310 55190.10264955 47.45 292.422473   4.012287 23.285
 85    80.121 55190.10265020 50.10 292.421743   4.015597 23.285
 86    79.702 55225.10265233 47.51 292.424829   4.004770 20.012
 86    79.781 55225.10265297 44.40 292.424099   4.008080 20.012
 86    79.991 55225.10265362 41.31 292.423369   4.011380 20.012
 86    79.886 55225.10265426 46.56 292.422639   4.014690 20.012
 87    79.346 55260.10264315 43.98 292.426223   4.003874 22.452
 87    79.302 55260.10264380 44.54 292.425493   4.007174 22.452
 87    79.419 55260.10264444 40.29 292.424763   4.010484 22.452
 87    79.549 55260.10264509 48.22 292.424033   4.013784 22.452
 88    79.937 55295.10263844 49.74 292.425359   4.005255 22.645
 88    79.757 55295.10263908 45.08 292.424629   4.008565 22.645
 88    80.111 55295.10263973 45.65 292.423899   4.011865 22.645
 88    80.051 55295.10264037 50.54 292.423169   4.015175 22.645
 89    85.344 55330.10262560 46.61 292.423361   4.003149 20.875
 89    85.266 55330.10262625 49.52 292.422631   4.006449 20.875
 89    85.164 55330.10262689 51.58 292.421901   4.009759 20.875
 89    85.157 55330.10262754 50.64 292.421171   4.013059 20.875
 90    86.525 55365.10261886 46.53 292.426231   4.002619 24.952
 90    86.413 55365.10261950 51.33 292.425501   4.005929 24.952
 90    86.453 55365.10262015 54.09 292.424771   4.009229 24.952
 90    86.393 55365.10262079 51.27 292.424041   4.012539 24.952
 90    86.409 55365.10262143 50.61 292.423311   4.015839 24.952
 91    87.189 55400.10263042 31.74 292.424930   4.003627 29.888
 91    86.894 55400.10263106 26.80 292.424200   4.006927 29.888
 91    86.886 55400.10263170 26.21 292.423470   4.010237 29.888
 91    87.605 55400.10263235 36.46 292.422740   4.013537 29.888
 92    87.971 55435.10263628 46.30 292.426921   4.005487 22.874
 92    87.915 55435.10263692 48.53 292.426191   4.008787 22.874
 92    88.051 55435.10263757 49.65 292.425461   4.012097 22.874
 92    87.876 55435.10263821 49.62 292.424731   4.015397 22.874
 93    85.196 55470.10258940 45.33 292.426952   4.002805 15.342
 93    85.209 55470.10259005 46.21 292.426232   4.006115 15.342
 93    85.147 55470.10259069 47.74 292.425502   4.009425 15.342
 93    84.993 55470.10259134 46.34 292.424772   4.012725 15.342
 93    85.015 55470.10259198 40.58 292.424042   4.016035 15.342
