# NaN NaN NaN ;Mean Elev.(m), Avg Gradient(m/km), RMS Gradient(m/km) - SRTM1     
#    2.185  -2.519  18.269 ;Mean Elev.(m), Avg Gradient(m/km), RMS Gradient(m/km) - ASTER GDEM
#    8.297  -2.444  19.230 ;Mean Elev.(m), Avg Gradient(m/km), RMS Gradient(m/km) - GMTED2010 
  7 297.200516   8.348187    77.007    77.689 10 52448.08767799  9.133
  8 297.210060   8.338914   111.980   112.030  5 52483.08766453  3.915
  9 297.213319   8.349021    24.422    24.101 11 52518.08762371 23.727
 11 297.212851   8.351597    95.916    96.304 11 52588.08765401  3.736
 12 297.212940   8.346479    27.813    28.074  9 52623.08760935 23.785
 13 297.215127   8.339840    30.749    30.849  4 52658.08762300 27.521
 15 297.211437   8.358255    47.842    46.552 14 52728.08764838 18.750
 16 297.204305   8.340612    97.801    97.801  2 52763.08765822 20.193
 17 297.216027   8.347335    26.914    27.936  9 52798.08762954 20.427
 18 297.212898   8.359199    21.146    21.353 15 52833.08770262 21.487
 19 297.214080   8.364288    38.644    19.422 14 52868.08774602 21.391
 20 297.209310   8.354527    67.050    70.336 11 52903.08776017 20.384
 21 297.211852   8.346342    39.903    28.916  9 52938.08769613 24.555
 22 297.208324   8.350832    26.532    26.674 11 52973.08773079 21.760
 24 297.207316   8.348859    28.071    27.996 10 53043.08769637 23.448
 25 297.204926   8.355581    24.433    24.433  2 53078.08773069 21.728
 27 297.206945   8.346923    52.432    48.657  9 53148.08774444 23.685
 28 297.217407   8.344094    31.694    32.836  7 53183.08774309 23.868
 29 297.208892   8.354545    24.297    24.301 13 53218.08776936 25.415
 30 297.207069   8.351558    26.611    27.212 13 53253.08774654 23.808
 31 297.201198   8.357777    22.817    22.909  6 53288.08774868 22.493
 32 297.214716   8.362911    20.182    18.677 14 53323.08772504 22.657
 33 297.216634   8.350464    28.630    28.876  8 53358.08768728 23.288
 34 297.207847   8.353666    87.978    87.782 13 53393.08770384  5.794
 35 297.217202   8.340216    34.562    34.657  5 53428.08769553 25.497
 36 297.212337   8.352532    92.439    92.447 12 53463.08771667  3.767
 37 297.206217   8.335090    35.306    35.688  3 53498.08778486 22.790
 38 297.212659   8.356155    72.432    75.276 14 53533.08777110 18.782
 39 297.204608   8.350589    27.931    29.129 12 53568.08778873 20.327
 40 297.211631   8.355793    23.919    24.710 14 53603.08773478 22.425
 41 297.206508   8.349807    27.847    29.562 12 53638.08773203 19.401
 43 297.216944   8.351222    27.293    27.212 10 53708.08768369 16.073
 44 297.213448   8.359583    15.653    16.807 15 53743.08759644 27.870
 45 297.214639   8.354475    18.517    17.541 12 53778.08762232 24.272
 46 297.214067   8.352903    95.904    93.886 11 53813.08759734  3.177
 47 297.206245   8.352398    28.203    27.849 13 53848.08765343 18.996
 49 297.200970   8.356800    30.247    32.078  7 53918.08773611 16.556
 50 297.200357   8.355696    33.583    28.822  6 53953.08773907 20.840
 52 297.209950   8.353806    31.645    34.933 14 54023.08771813 18.690
 53 297.216084   8.358887    93.567    90.332 12 54058.08771095  2.741
 54 297.210419   8.356925    27.138    27.239 14 54093.08769129 20.460
 55 297.210819   8.351352    92.775    92.402 12 54128.08762772  4.180
 56 297.209385   8.351849    24.657    23.984 12 54163.08766017 21.488
 57 297.210089   8.351694    91.843    92.001 12 54198.08762989  4.044
 58 297.210782   8.352252    89.928    91.017 12 54233.08767391  5.267
 59 297.210373   8.355769    84.536    85.546 14 54268.08769367  6.947
 60 297.210594   8.356666    85.143    85.765 15 54303.08769731  5.298
 61 297.211050   8.354494    22.619    23.065 13 54338.08768235 24.261
 62 297.211113   8.352111    26.156    27.189 12 54373.08762963 19.954
 63 297.210404   8.350612    29.330    28.939 11 54408.08762694 16.992
 64 297.209890   8.355290    86.512    87.053 14 54443.08759071  5.393
 65 297.212069   8.350701    94.822    94.707 12 54478.08761622  3.812
 66 297.211203   8.351095    93.442    93.333 12 54513.08760496  4.634
 67 297.211043   8.351551    93.647    93.889 12 54548.08763010  3.398
 68 297.212209   8.349057    96.335    95.978 11 54583.08760071  4.612
 69 297.210323   8.355271    20.061    19.424 14 54618.08762245 20.426
 70 297.208535   8.354533    26.807    28.553 13 54653.08763399 15.732
 71 297.209587   8.356585    17.213    14.021 13 54688.08762388 21.016
 72 297.209491   8.358069    19.478    20.293 13 54723.08758247 19.739
 73 297.208590   8.358866    22.790    23.037 12 54758.08759976 19.089
 74 297.209012   8.351288    91.538    91.635 12 54793.08757383  4.843
 75 297.210079   8.354575    87.737    87.958 14 54828.08759727  5.550
 76 297.210530   8.352793    90.299    90.339 12 54863.08756872  5.335
 77 297.209501   8.351919    92.064    91.975 12 54898.08759633  3.568
 78 297.210404   8.347876    28.660    31.663  9 54933.08756246 21.109
 79 297.210498   8.351662    92.549    92.568 11 54968.08759818  3.580
 80 297.208749   8.346757    34.695    33.470 10 55003.08761683 16.226
 81 297.211693   8.352682    29.844    29.548 13 55038.08760443 16.480
 82 297.210790   8.351321    22.605    24.459 11 55073.08759018 18.570
 83 297.207731   8.360450    78.526    75.643 11 55108.08753840 10.529
 84 297.209310   8.353328    29.183    29.848 13 55143.08754127 15.604
 85 297.210959   8.350962    23.534    29.504 11 55178.08750862 21.032
 86 297.210424   8.351754    92.488    91.889 12 55213.08753594  4.087
 87 297.211209   8.351300    93.399    93.463 12 55248.08750921  4.761
 88 297.210511   8.349010    20.541    20.331 10 55283.08752888 23.345
 89 297.209307   8.351059    93.266    93.245 12 55318.08749976  4.229
 90 297.210407   8.352009     8.617     8.492 13 55353.08750256 28.382
 91 297.208200   8.353897    24.622    26.434 13 55388.08749984 21.711
 92 297.210815   8.354878    13.773    13.680 14 55423.08752071 31.675
 93 297.208054   8.368030    14.932    11.719  8 55458.08749563 28.084
