# NaN NaN NaN ;Mean Elev.(m), Avg Gradient(m/km), RMS Gradient(m/km) - SRTM1     
#   29.255  -1.371   5.143 ;Mean Elev.(m), Avg Gradient(m/km), RMS Gradient(m/km) - ASTER GDEM
#   39.365  -1.018   3.526 ;Mean Elev.(m), Avg Gradient(m/km), RMS Gradient(m/km) - GMTED2010 
  8 292.516192   6.112921    49.760    49.766  7 52499.60673295 47.903
  9 292.514335   6.114678    48.267    48.256  7 52534.60672030 50.434
 10 292.516419   6.112408    43.353    43.360  6 52569.60675054 46.050
 11 292.514138   6.113920    44.721    44.748  7 52604.60673164 27.659
 12 292.514663   6.114886    40.436    40.347  7 52639.60671373 34.813
 13 292.515452   6.112756    37.133    37.115  7 52674.60670925 32.441
 14 292.515559   6.113591    36.506    36.529  6 52709.60672556 42.085
 16 292.515307   6.114190    45.094    45.089  7 52779.60668975 50.112
 17 292.513878   6.115133    47.029    46.975  7 52814.60677335 28.821
 18 292.516095   6.112970    49.588    49.576  7 52849.60682635 49.761
 19 292.512787   6.115036    49.044    49.017  7 52884.60686143 47.712
 20 292.516120   6.113202    46.986    46.955  7 52919.60681803 50.331
 21 292.520468   6.107422    45.864    45.870  5 52954.60678255 39.784
 22 292.523142   6.107269    42.651    42.674  5 52989.60679272 27.464
 23 292.521492   6.106078    40.398    39.662  5 53024.60677296 25.938
 24 292.523191   6.105192    36.703    36.723  5 53059.60677165 35.101
 25 292.511349   6.126188    37.393    37.225 11 53094.60680523 38.120
 26 292.520384   6.105132    41.870    41.846  5 53129.60678050 40.093
 28 292.516013   6.113145    48.943    49.032  7 53199.60684974 33.040
 29 292.522935   6.107445    48.935    48.946  5 53234.60682053 31.896
 30 292.515824   6.111983    47.560    47.671  7 53269.60678482 35.944
 31 292.511579   6.125475    45.163    45.187 10 53304.60684417 21.581
 32 292.515311   6.114713    45.018    45.359  7 53339.60681481 19.400
 33 292.517247   6.109424    43.572    43.162  6 53374.60674723 19.633
 34 292.517811   6.107569    38.071    38.080  6 53409.60679010 42.415
 35 292.515692   6.113904    38.982    38.098  7 53444.60677216 24.008
 36 292.511957   6.121285    41.735    41.746  8 53479.60684987 41.084
 37 292.515591   6.111915    46.156    46.239  7 53514.60685854 39.653
 38 292.511646   6.119042    47.514    47.531  8 53549.60687665 43.493
 39 292.516960   6.111666    47.720    47.795  7 53584.60684022 26.678
 40 292.512914   6.116223    47.204    47.188  6 53619.60679608 40.623
 41 292.515620   6.114556    43.828    43.854  7 53654.60682292 45.457
 42 292.513533   6.115462    44.269    44.280  6 53689.60681776 34.888
 43 292.517225   6.110686    43.383    43.042  6 53724.60674292 20.953
 44 292.522573   6.106674    41.981    40.973  5 53759.60668632 20.805
 45 292.518202   6.107305    38.628    38.703  6 53794.60670510 32.357
 46 292.519306   6.108120    41.194    40.042  5 53829.60668095 30.940
 47 292.513741   6.113946    42.561    42.535  7 53864.60675916 36.036
 48 292.515618   6.111909    46.855    46.850  7 53899.60678498 44.313
 49 292.509981   6.131158    48.914    48.977 13 53934.60682501 31.653
 50 292.511924   6.119234    48.543    48.570  7 53969.60679745 33.696
 51 292.518198   6.107432    46.241    46.261  6 54004.60677351 41.887
 52 292.518666   6.108811    45.136    44.985  6 54039.60680578 24.177
 53 292.516651   6.112460    44.260    44.249  6 54074.60679966 41.993
 54 292.514338   6.113569    42.307    42.480  7 54109.60674397 21.956
 55 292.515890   6.111649    37.209    37.267  7 54144.60673772 37.802
 56 292.514806   6.113804    36.662    36.706  6 54179.60672917 40.828
 57 292.515380   6.113385    43.353    42.988  6 54214.60674485 19.926
 58 292.515453   6.112658    45.386    45.377  7 54249.60677249 44.707
 59 292.516941   6.112788    49.217    49.298  7 54284.60678042 43.428
 60 292.517267   6.111650    48.837    48.823  6 54319.60677790 45.818
 61 292.516335   6.111693    47.745    47.759  7 54354.60674078 40.927
 62 292.516940   6.112162    46.377    46.382  6 54389.60671829 32.856
 63 292.515952   6.112754    44.675    44.545  7 54424.60669081 21.822
 64 292.516961   6.110327    44.449    45.126  7 54459.60669417 20.229
 65 292.516908   6.113139    40.169    41.072  7 54494.60669575 31.469
 66 292.517773   6.109788    37.697    37.747  7 54529.60670705 35.555
 67 292.515688   6.113412    37.259    37.268  6 54564.60670201 41.806
 68 292.516104   6.112687    41.657    41.662  7 54599.60670178 43.816
 69 292.514834   6.113322    46.146    46.073  7 54634.60671458 38.559
 70 292.515161   6.113886    49.889    49.908  7 54669.60671880 32.763
 71 292.516921   6.111267    47.922    48.125  7 54704.60668248 30.314
 72 292.516750   6.112895    45.865    45.875  7 54739.60668201 32.705
 73 292.516637   6.110850    44.613    44.612  7 54774.60666431 49.253
 74 292.516162   6.112039    44.664    44.637  7 54809.60667535 23.035
 75 292.515798   6.111878    44.082    44.248  7 54844.60666234 25.077
 76 292.514977   6.113448    40.410    41.343  7 54879.60667892 31.314
 77 292.514145   6.114685    39.525    38.653  6 54914.60666559 28.054
 79 292.514836   6.115670    41.913    41.871  7 54984.60669556 27.841
 80 292.516858   6.111933    47.260    47.237  7 55019.60669184 33.108
 81 292.516741   6.111139    48.690    48.691  7 55054.60668791 48.532
 82 292.514991   6.113012    46.724    46.742  7 55089.60664810 42.525
 83 292.516836   6.111117    44.349    44.125  7 55124.60662602 27.122
 84 292.515237   6.114106    43.981    44.608  7 55159.60660893 19.479
 85 292.516276   6.112330    40.378    40.913  7 55194.60661566 28.484
 86 292.514730   6.113560    36.630    36.580  7 55229.60661176 28.435
 87 292.516674   6.112016    36.720    36.706  6 55264.60661096 47.699
 88 292.516590   6.113666    41.236    41.364  7 55299.60659348 34.474
 89 292.515085   6.112783    45.438    45.465  7 55334.60658793 27.335
 90 292.516663   6.112688    47.889    47.963  7 55369.60657911 30.613
 91 292.517155   6.111431    49.441    49.459  7 55404.60659618 43.562
 92 292.516781   6.110618    48.585    48.659  7 55439.60659760 37.221
 93 292.516679   6.113560    45.172    45.190  7 55474.60654326 34.808
