# NaN NaN NaN ;Mean Elev.(m), Avg Gradient(m/km), RMS Gradient(m/km) - SRTM1     
#   17.481 -10.595  53.183 ;Mean Elev.(m), Avg Gradient(m/km), RMS Gradient(m/km) - ASTER GDEM
#    8.581 -10.418  52.445 ;Mean Elev.(m), Avg Gradient(m/km), RMS Gradient(m/km) - GMTED2010 
  8 297.876365   8.593016    12.818    13.008  6 52499.08569976 36.327
 10 297.875471   8.594239     8.314     7.082  6 52569.08571574 30.859
 11 297.873308   8.592531     6.151     5.819  6 52604.08570167 21.249
 12 297.872144   8.592083     5.519     5.226  5 52639.08568087 17.716
 13 297.874768   8.593472     5.213     4.269  6 52674.08567800 19.100
 14 297.874395   8.589766     3.694     3.814  3 52709.08569109 17.874
 15 297.869487   8.590222     5.301     4.875  5 52744.08572025 13.217
 17 297.871135   8.591005     6.581     6.449  4 52814.08574032 20.899
 18 297.873470   8.593654    10.914    10.296  6 52849.08579380 43.861
 19 297.871510   8.592685    11.382    10.758  5 52884.08582921 42.199
 20 297.876260   8.592867     9.618     8.798  6 52919.08578549 32.060
 21 297.878798   8.594894     8.339     7.250  6 52954.08574872 22.097
 22 297.883465   8.596579     6.137     6.106  7 52989.08575664 21.598
 23 297.881566   8.595889     6.049     5.413  7 53024.08574203 28.203
 24 297.882264   8.596743     5.286     4.546  7 53059.08573879 27.478
 25 297.869052   8.590581     5.241     5.482  5 53094.08577559 13.517
 26 297.879097   8.594447     6.677     6.890  6 53129.08574796 16.207
 28 297.875045   8.592491     9.224     8.641  6 53199.08581655 29.782
 29 297.883297   8.595953    10.338    10.070  7 53234.08578702 25.930
 30 297.875005   8.595267    11.502    11.392  6 53269.08575421 39.679
 32 297.874643   8.592516     8.081     8.732  6 53339.08578304 26.261
 33 297.878070   8.595325     6.437     5.718  7 53374.08571562 19.069
 35 297.876161   8.593657     7.230     8.237  6 53444.08574054 20.549
 36 297.869177   8.589572     3.201     3.132  5 53479.08581737 18.968
 37 297.874110   8.594467     5.781     5.728  6 53514.08582687 15.438
 38 297.870119   8.591277     9.366     8.201  5 53549.08584506 28.214
 39 297.876247   8.594036     9.334     8.303  6 53584.08580898 30.897
 40 297.873184   8.592279     8.894     8.721  5 53619.08576532 30.973
 41 297.873916   8.592456    10.205    10.379  6 53654.08578978 44.761
 42 297.872226   8.592248     5.258     4.942  5 53689.08578635 23.445
 43 297.877987   8.595562     4.806     4.385  6 53724.08571149 22.023
 44 297.881185   8.595279     6.362     6.121  7 53759.08565200 26.692
 45 297.878778   8.595111     6.003     4.794  6 53794.08567210 18.357
 46 297.877451   8.594764     4.119     3.966  6 53829.08564606 21.239
 47 297.871875   8.591288     5.093     4.574  5 53864.08572645 13.981
 48 297.874538   8.593143     7.652     6.188  5 53899.08575157 24.024
 49 297.866516   8.585494    10.563    10.373  4 53934.08579512 31.166
 50 297.870678   8.589557    11.145    11.085  5 53969.08576649 39.710
 51 297.876304   8.593946     9.457     8.969  6 54004.08573948 29.697
 52 297.877364   8.594769     7.142     7.316  7 54039.08577291 24.254
 53 297.876277   8.593762     6.075     6.249  6 54074.08576683 17.726
 54 297.874851   8.594240     5.994     5.019  6 54109.08571299 16.909
 55 297.874214   8.593198     4.554     4.107  5 54144.08570460 17.898
 56 297.875191   8.592307     7.025     7.260  6 54179.08569699 26.773
 57 297.872733   8.596432     3.747     3.688  4 54214.08571262 16.319
 58 297.874072   8.592220     5.030     5.074  5 54249.08574026 20.183
 59 297.875613   8.594250     7.086     7.095  6 54284.08574851 21.154
 60 297.876549   8.593995    10.368    10.284  6 54319.08574567 44.707
 61 297.876345   8.594425    10.166     9.549  6 54354.08570951 27.580
 62 297.875506   8.595444     9.344     8.080  6 54389.08568609 23.196
 63 297.875611   8.593001     9.154     9.198  6 54424.08565889 31.188
 64 297.875343   8.593968     6.401     5.736  6 54459.08566097 28.984
 65 297.876215   8.594864     4.865     4.170  6 54494.08566370 21.110
 66 297.876388   8.595237     4.524     4.287  6 54529.08567386 19.606
 67 297.875447   8.594093     5.458     4.504  7 54564.08567074 19.023
 68 297.874470   8.594187     5.540     4.300  6 54599.08566988 17.598
 69 297.873743   8.592742     6.955     7.256  6 54634.08568203 27.532
 70 297.874019   8.593078     8.571     7.972  6 54669.08568689 23.699
 71 297.876852   8.594046     9.848     9.943  6 54704.08565122 31.965
 72 297.874728   8.593913     9.604     8.498  6 54739.08564945 26.064
 73 297.876762   8.594044     8.322     8.267  6 54774.08563176 24.031
 74 297.874277   8.591989     6.627     6.656  6 54809.08564215 29.610
 75 297.875341   8.594404     7.769     6.426  6 54844.08563043 19.795
 76 297.873558   8.592891     5.140     5.214  6 54879.08564572 19.901
 77 297.873831   8.594294     5.223     5.419  6 54914.08563400 17.474
 78 297.873104   8.593124     4.873     4.436  5 54949.08563840 15.244
 79 297.873012   8.592909     4.832     3.722  6 54984.08566364 19.449
 80 297.875573   8.594929     8.181     7.454  6 55019.08565993 41.511
 81 297.876166   8.593827     9.776     9.022  6 55054.08565600 44.612
 82 297.875055   8.593115     8.821     7.761  6 55089.08561683 26.944
 83 297.875562   8.595077     7.888     6.777  6 55124.08559282 21.060
 84 297.874576   8.593759     5.112     4.539  5 55159.08557734 19.719
 85 297.874202   8.593039     5.687     4.371  5 55194.08558278 17.960
 87 297.875915   8.592616     3.673     3.561  6 55264.08557744 20.086
 88 297.876035   8.593995     3.523     3.488  6 55299.08556286 17.945
 89 297.874225   8.592140     6.680     6.727  6 55334.08555602 23.249
 90 297.875705   8.594339     8.258     7.512  6 55369.08554720 20.566
 91 297.875397   8.593158    10.074     9.338  6 55404.08556362 32.371
 92 297.876470   8.594189    10.518     9.309  6 55439.08556569 26.950
 93 297.876734   8.593668     9.356     8.892  6 55474.08551199 28.631
