# NaN NaN NaN ;Mean Elev.(m), Avg Gradient(m/km), RMS Gradient(m/km) - SRTM1     
#    8.420  -4.741  12.370 ;Mean Elev.(m), Avg Gradient(m/km), RMS Gradient(m/km) - ASTER GDEM
#   13.238  -4.214  11.586 ;Mean Elev.(m), Avg Gradient(m/km), RMS Gradient(m/km) - GMTED2010 
  7 295.816826   8.028390    18.951    19.075  7 52458.59837786 24.004
  8 295.820929   8.021341    24.836    21.470  6 52493.59836053 26.542
  9 295.817505   8.026411    21.417    21.267  7 52528.59834092 47.052
 10 295.822034   8.030955    17.714    17.700  3 52563.59837406 25.219
 11 295.808554   8.028126    16.158    16.123  4 52598.59839764 17.836
 12 295.816328   8.036115    11.815    11.815  2 52633.59834528 21.721
 13 295.814257   8.030763     8.944     8.804  6 52668.59836081 23.605
 14 295.821472   8.027684     7.537     7.352  5 52703.59834110 19.346
 16 295.818641   8.025019    16.491    13.074  6 52773.59833449 13.708
 17 295.813542   8.027060    26.617    20.447  5 52808.59840246 18.106
 18 295.815835   8.027488    23.025    19.483  6 52843.59845972 29.206
 19 295.814122   8.028505    24.718    21.372  6 52878.59849773 28.564
 20 295.819736   8.023085    19.771    19.675  5 52913.59845675 26.444
 21 295.820370   8.022581    21.359    17.937  6 52948.59841516 24.240
 23 295.815949   8.028945    13.376    12.801  6 53018.59843792 22.703
 24 295.819423   8.024689    11.364    10.988  7 53053.59842173 15.230
 25 295.808389   8.035387     9.365    10.179  7 53088.59845707 14.547
 26 295.816516   8.028390    10.929    10.123  7 53123.59842791 13.644
 27 295.810067   8.031417    20.575    15.006  4 53158.59848580 17.387
 28 295.817093   8.017369    40.528    40.528  2 53193.59848276  6.508
 29 295.819280   8.026029    33.683    36.828  5 53228.59847592 38.649
 30 295.812448   8.028722    21.059    21.083  5 53263.59844783 27.337
 31 295.808906   8.038643    19.032    18.968  5 53298.59848774 24.696
 32 295.816328   8.031289    15.555    15.439  6 53333.59846009 26.458
 33 295.817207   8.027790    14.803    15.354  7 53368.59840313 26.688
 34 295.816184   8.026811    14.499    10.274  6 53403.59843371 15.419
 35 295.815861   8.027333    11.707    12.323  7 53438.59842194 13.729
 36 295.812659   8.031460    11.750    10.048  7 53473.59847879 14.495
 37 295.815106   8.031406    43.181    44.510  5 53508.59850169 11.315
 38 295.812077   8.030434    16.773    16.868  6 53543.59851392 21.517
 39 295.813571   8.027189    19.522    19.450  5 53578.59849687 45.312
 40 295.812757   8.031283    20.115    20.148  6 53613.59844921 26.291
 41 295.817251   8.023530    17.832    17.973  4 53648.59845652 23.325
 42 295.810527   8.030352    23.747    20.685  5 53683.59847024 33.947
 43 295.817866   8.026322    14.445    14.547  6 53718.59839773 25.251
 44 295.822302   8.023276    10.762    11.157  7 53753.59831971 19.779
 45 295.819134   8.025721    11.896    12.056  6 53788.59834939 17.561
 46 295.820307   8.024666    12.640    12.781  6 53823.59830445 14.194
 47 295.812765   8.030326    26.295    31.063  4 53858.59839633 19.204
 49 295.806514   8.032446    28.471    24.405  5 53928.59846857 24.786
 50 295.809397   8.031713    21.312    21.469  5 53963.59845031 30.727
 51 295.818365   8.021946    44.040    40.268  3 53998.59840158 17.732
 52 295.817911   8.024599    24.150    23.555  6 54033.59844931 28.601
 54 295.815354   8.032209    13.204    13.411  5 54103.59839936 21.081
 55 295.816167   8.029756     9.389     9.175  5 54138.59837197 21.602
 56 295.815462   8.032594     8.701     8.303  5 54173.59837789 16.387
 57 295.815340   8.030518    12.853    12.797  6 54208.59837767 13.999
 58 295.816210   8.028356    14.547    14.545  6 54243.59840936 17.445
 59 295.815298   8.025154    16.508    16.272  4 54278.59842322 20.828
 60 295.817601   8.029951    35.980    38.316  6 54313.59842235 29.070
 61 295.815345   8.026586    20.857    20.641  6 54348.59839356 27.329
 62 295.816920   8.027734    19.302    19.235  6 54383.59836066 37.616
 63 295.815435   8.030469    17.093    17.113  5 54418.59834264 24.349
 64 295.816715   8.027436    16.007    16.258  7 54453.59833116 17.628
 65 295.816737   8.027453    14.449    14.690  7 54488.59834183 15.960
 66 295.817655   8.028243    11.592    12.325  7 54523.59834408 14.730
 67 295.815922   8.031304    10.279     9.834  5 54558.59835032 14.647
 68 295.815445   8.028011    13.170    13.411  7 54593.59833984 13.905
 69 295.815680   8.030492    15.006    14.966  6 54628.59835458 20.185
 70 295.814156   8.029653    31.352    34.385  5 54663.59836175 39.769
 71 295.816770   8.027694    21.783    21.752  6 54698.59833500 45.280
 72 295.815905   8.027024    19.109    18.930  5 54733.59831998 26.500
 73 295.815433   8.023990    22.103    22.607  5 54768.59831612 24.222
 74 295.815458   8.030141    16.097    15.905  6 54803.59831317 23.859
 75 295.815966   8.027137    12.501    12.267  5 54838.59830868 22.597
 76 295.816008   8.030793    12.448    12.167  6 54873.59831302 14.763
 77 295.814570   8.033550    10.703     9.941  5 54908.59831440 15.253
 78 295.815430   8.030224    11.850    11.742  5 54943.59830507 17.418
 79 295.815034   8.029897    15.050    13.762  7 54978.59833272 11.667
 80 295.813905   8.022278    14.238    14.238  2 55013.59833997 15.367
 81 295.816366   8.027162    29.335    29.883  6 55048.59833161 24.959
 82 295.815689   8.030255    18.719    18.588  5 55083.59830075 28.350
 83 295.817755   8.029573    16.219    16.274  6 55118.59826351 24.814
 84 295.815167   8.030945    15.132    15.245  6 55153.59825959 15.577
 85 295.816151   8.031357    11.536    10.862  5 55188.59825149 17.730
 86 295.815920   8.032441     8.666     8.593  5 55223.59825878 18.243
 87 295.817744   8.033342     7.237     7.471  3 55258.59824721 24.691
 88 295.815866   8.031989     9.350     8.798  4 55293.59824523 21.970
 89 295.814264   8.030383    13.604    13.496  7 55328.59823041 17.956
 90 295.815345   8.027577    21.551    16.944  5 55363.59822632 23.721
 91 295.815077   8.024307    49.008    52.105  3 55398.59823591  9.186
 92 295.817532   8.027510    21.254    21.104  6 55433.59824180 33.110
 93 295.815033   8.023847    19.533    19.620  3 55468.59819962 28.634
