# NaN NaN NaN ;Mean Elev.(m), Avg Gradient(m/km), RMS Gradient(m/km) - SRTM1     
#   33.563  -4.088  14.037 ;Mean Elev.(m), Avg Gradient(m/km), RMS Gradient(m/km) - ASTER GDEM
#   15.303  -3.967  12.827 ;Mean Elev.(m), Avg Gradient(m/km), RMS Gradient(m/km) - GMTED2010 
  7 295.204485   7.665967    50.097    49.825  5 52470.09352089  6.745
  8 295.204611   7.670063    32.782    28.072  4 52505.09350522 29.546
  9 295.208462   7.670639    30.807    26.986  5 52540.09348790 41.609
 11 295.206455   7.668717    27.385    25.913  6 52610.09349329 17.438
 12 295.206230   7.666382    28.470    31.551  5 52645.09348303 33.933
 13 295.211854   7.672611    31.426    29.816  7 52680.09346045 17.781
 15 295.197645   7.662439    34.530    34.530  2 52750.09353280 13.956
 16 295.203777   7.667084    31.525    31.488  4 52785.09347641 26.376
 17 295.204413   7.666394    56.086    52.257  5 52820.09355148  6.728
 18 295.208692   7.665319    47.737    47.544  3 52855.09359942 19.257
 20 295.206294   7.666215    48.042    47.081  4 52925.09358592 12.918
 21 295.211476   7.673192    27.248    23.117  6 52960.09355424 21.341
 22 295.206163   7.669678    21.330    20.886  4 52995.09358779 18.309
 23 295.207747   7.669364    25.707    21.476  5 53030.09355139 18.899
 24 295.210275   7.670794    23.607    24.467  6 53065.09355885 38.395
 25 295.203856   7.662485    47.443    47.487  3 53100.09356380  5.505
 28 295.205029   7.667141    46.996    47.062  3 53205.09362766 16.484
 29 295.210553   7.674001    27.915    27.874  6 53240.09359660 34.961
 31 295.202695   7.666509    34.961    34.176  4 53310.09360988 27.380
 32 295.207056   7.669244    22.496    22.514  6 53345.09357632 15.889
 34 295.211359   7.672213    24.909    23.391  6 53415.09355397 22.855
 35 295.206724   7.667863    23.440    22.819  6 53450.09354684 15.646
 36 295.199267   7.665149    29.742    29.742  2 53485.09363187 25.182
 37 295.207913   7.670043    31.801    28.081  5 53520.09362877 16.050
 38 295.200003   7.665784    30.976    24.548  3 53555.09365124 40.039
 39 295.212391   7.673212    32.194    30.371  6 53590.09359536 38.629
 40 295.199054   7.667533    25.509    25.525  3 53625.09357549 45.090
 41 295.204208   7.667134    28.410    22.209  3 53660.09360157 43.269
 42 295.206306   7.668756    33.620    27.481  5 53695.09357574 21.665
 43 295.209944   7.673073    20.419    21.475  7 53730.09349938 33.277
 45 295.209699   7.676016    20.377    21.157  5 53800.09347131 36.672
 46 295.206594   7.668697    25.763    26.415  4 53835.09347178 38.017
 47 295.205513   7.667021    50.282    50.474  5 53870.09353175 15.766
 48 295.204429   7.666442    50.061    49.893  4 53905.09356691 12.723
 49 295.197181   7.664463    42.445    47.321  4 53940.09359941 32.955
 50 295.204276   7.669478    32.604    27.541  4 53975.09355818 27.674
 51 295.207170   7.668396    40.698    45.806  4 54010.09355476 39.440
 52 295.211424   7.672676    30.791    30.294  6 54045.09357286 19.527
 53 295.207210   7.667911    32.334    30.240  4 54080.09356501 21.055
 54 295.207199   7.670960    24.630    19.808  5 54115.09350079 38.027
 56 295.207832   7.668588    62.947    62.709  6 54185.09349117  3.929
 57 295.205424   7.666402    27.556    27.713  4 54220.09352224 29.649
 58 295.206186   7.667750    51.982    51.283  5 54255.09354686 10.020
 59 295.208852   7.667395    50.052    50.152  4 54290.09354900  8.091
 60 295.208458   7.669706    38.104    37.689  4 54325.09354678 21.990
 61 295.207963   7.671993    34.710    31.304  5 54360.09350095 29.568
 62 295.208273   7.666429    39.682    43.010  5 54395.09348616 18.247
 63 295.209554   7.666751    34.496    30.049  5 54430.09344978 27.397
 64 295.207311   7.671669    23.672    19.399  4 54465.09346701 34.285
 65 295.208312   7.670090    25.549    26.201  4 54500.09346217 29.477
 66 295.208212   7.669664    27.579    27.683  6 54535.09348107 12.656
 67 295.208409   7.669658    51.698    51.467  5 54570.09346530  9.705
 68 295.206499   7.667339    52.546    51.154  5 54605.09347552  8.963
 69 295.206782   7.666592    38.829    42.373  5 54640.09348496 26.336
 70 295.206648   7.664086    47.242    47.239  3 54675.09348687 17.149
 71 295.208709   7.673051    35.421    32.334  5 54710.09344538 38.621
 72 295.206228   7.669245    29.919    24.850  4 54745.09345506 41.151
 73 295.207836   7.673010    21.029    21.532  3 54780.09342876 43.574
 74 295.205929   7.672505    21.029    20.378  3 54815.09344864 35.032
 75 295.207994   7.668516    20.749    19.906  5 54850.09342713 18.330
 76 295.205777   7.668100    25.806    22.399  5 54885.09345153 17.646
 77 295.205680   7.669973    25.667    19.324  5 54920.09342865 22.066
 78 295.205475   7.668157    26.969    26.748  4 54955.09344729 40.152
 79 295.204356   7.666625    59.818    62.623  5 54990.09347066  2.827
 80 295.208787   7.666630    51.080    50.995  5 55025.09346151 10.994
 81 295.207278   7.668429    32.774    33.645  6 55060.09345629 31.021
 82 295.207072   7.670414    28.976    24.868  5 55095.09340852 37.626
 83 295.206269   7.670192    26.425    21.601  5 55130.09339811 31.753
 84 295.208254   7.669195    27.597    29.786  6 55165.09336964 16.892
 85 295.206159   7.667541    24.603    24.649  4 55200.09338974 25.418
 86 295.207310   7.668095    26.063    33.240  3 55235.09337513 23.177
 87 295.207168   7.667904    22.063    22.203  4 55270.09338381 33.609
 88 295.209180   7.668269    35.551    40.534  5 55305.09335635 18.605
 89 295.207632   7.666445    38.304    42.139  5 55340.09335592 32.078
 90 295.208201   7.667822    51.979    51.790  4 55375.09334782  7.332
 91 295.208113   7.667868    39.929    42.924  5 55410.09336998 38.912
 92 295.207519   7.669528    43.324    48.227  4 55445.09336499 39.923
 93 295.208600   7.673081    32.721    29.538  5 55480.09330038 42.045
