-125049.677    62.088     0.00    3.17
-124673.691    62.979     2.37    3.59
-124297.709    63.897     2.44    3.71
-123921.732    64.367     1.25    3.70
-123545.759    63.982    -1.02    4.36
-123169.791    64.035     0.14    3.82
-122793.828    63.656    -1.01    3.79
-122417.869    64.008     0.93    3.70
-122041.915    64.982     2.59    3.29
-121665.966    65.422     1.17    3.62
-121290.020    65.737     0.84    4.10
-120914.080    68.008     6.04    4.18
-120538.144    70.192     5.81    4.61
-120162.213    72.854     7.08    6.15
-119786.286    76.737    10.33    7.57
-119410.364    80.383     9.70    7.96
-119034.446    84.845    11.87    7.20
-118658.533    86.297     3.86    6.52
-118282.624    87.085     2.09    5.93
-117906.720    86.591    -1.31    4.95
-117530.821    85.777    -2.17    4.16
-117154.926    86.546     2.05    3.86
-116779.036    87.089     1.44    3.53
-116403.150    86.359    -1.94    3.61
-116027.269    85.008    -3.60    3.76
-115651.392    82.495    -6.69    3.92
-115275.520    80.544    -5.19    4.11
-114899.652    79.467    -2.87    3.31
-114523.789    80.383     2.44    4.09
-114147.931    82.271     5.02    6.69
-113772.077    85.623     8.92    8.27
-113396.227    88.110     6.62    9.28
-113020.382    88.597     1.30    9.52
-112644.542    87.440    -3.08    9.18
-112268.706    85.166    -6.05    7.73
-111892.874    84.495    -1.78    5.68
-111517.047    84.900     1.08    4.02
-111141.225    87.059     5.75    4.64
-110765.407    89.744     7.15    4.97
-110389.594    91.143     3.72    4.44
-110013.785    92.710     4.17    4.09
-109637.981    93.119     1.09    3.11
-109262.181    91.708    -3.76    2.94
-108886.386    92.691     2.62    3.53
-108510.595    93.587     2.38    4.51
-108134.809    95.183     4.25    4.98
-107759.027    97.692     6.68    4.15
-107383.250    98.854     3.09    3.60
-107007.477    99.495     1.71    3.24
-106631.709   100.367     2.32    2.92
-106255.945   101.791     3.79    3.27
-105880.186   103.297     4.01    3.65
-105504.431   105.533     5.95    3.88
-105128.681   107.702     5.77    2.94
-104752.935   109.495     4.77    3.18
-104377.194   111.143     4.39    3.43
-104001.457   113.143     5.32    3.47
-103625.724   116.170     8.06    3.33
-103249.997   118.730     6.81    4.03
-102874.273   121.708     7.93    5.14
-102498.554   125.751    10.76    6.12
-102122.840   130.197    11.83    6.25
-101747.130   135.162    13.21    6.75
-101371.424   139.850    12.48    7.18
-100995.723   143.623    10.04    6.75
-100620.027   146.560     7.82    4.29
-100244.335   147.187     1.67    2.65
 -99868.647   146.873    -0.84    2.70
 -99492.964   146.828    -0.12    2.71
 -99117.285   148.558     4.60    3.34
 -98741.611   151.008     6.52    3.84
 -98365.941   152.656     4.39    3.18
 -97990.276   154.332     4.46    2.72
 -97614.615   155.629     3.45    3.38
 -97238.959   157.413     4.75    4.72
 -96863.135   158.619     3.21    5.52
 -96486.599   161.333     7.21    5.95
 -96110.067   162.187     2.27    5.36
 -95733.540   160.656    -4.07    5.50
 -95357.018   157.495    -8.40    5.79
 -94980.500   153.481   -10.66    5.31
 -94603.986   150.879    -6.91    3.40
 -94227.477   150.008    -2.32    3.44
 -93850.972   151.059     2.79    4.29
 -93474.472   152.035     2.59    5.12
 -93097.976   152.418     1.02    5.13
 -92721.484   152.252    -0.44    4.25
 -92344.998   151.647    -1.61    4.31
 -91968.515   151.700     0.14    3.87
 -91592.037   150.087    -4.29    4.58
 -91215.563   147.467    -6.96    5.54
 -90839.094   144.251    -8.54    4.76
 -90462.630   141.493    -7.33    3.85
 -90086.169   138.777    -7.22    3.77
 -89709.713   137.700    -2.86    2.34
 -89333.262   137.197    -1.34    2.20
 -88956.815   136.726    -1.25    2.39
 -88580.372   135.202    -4.05    3.48
 -88203.934   133.700    -3.99    3.49
 -87827.501   131.623    -5.52    3.80
 -87451.071   129.508    -5.62    3.83
 -87074.647   127.187    -6.16    4.58
 -86698.226   124.879    -6.13    4.04
 -86321.810   122.764    -5.62    3.05
 -85945.399   121.386    -3.66    2.64
 -85568.991   121.833     1.19    3.64
 -85192.589   124.402     6.83    5.71
 -84816.190   127.323     7.76    5.80
 -84439.796   130.927     9.57    5.64
 -84063.407   132.522     4.24    5.28
 -83687.022   133.238     1.90    4.28
 -83310.641   131.264    -5.25    5.52
 -82934.265   128.480    -7.40    6.39
 -82557.893   125.033    -9.16    4.95
 -82181.525   123.841    -3.17    3.64
 -81805.162   124.613     2.05    3.91
 -81428.803   125.726     2.96    3.46
 -81052.449   126.548     2.19    3.72
 -80676.099   128.469     5.10    4.19
 -80299.754   129.982     4.02    4.15
 -79923.412   131.358     3.66    3.81
 -79547.076   133.602     5.96    3.87
 -79170.743   133.908     0.81    4.68
 -78794.415   133.305    -1.60    5.30
 -78418.092   131.575    -4.60    6.16
 -78041.772   129.143    -6.46    5.93
 -77665.457   125.619    -9.36    6.93
 -77289.147   122.264    -8.91    6.66
 -76912.841   117.597   -12.40    5.92
 -76536.539   114.035    -9.47    4.80
 -76160.242   111.560    -6.58    4.01
 -75783.949   109.980    -4.20    3.42
 -75407.660   107.613    -6.29    3.15
 -75031.376   106.208    -3.73    3.50
 -74655.096   104.764    -3.84    3.81
 -74278.820   101.444    -8.83    5.43
 -73902.549    98.271    -8.43    7.07
 -73526.282    95.455    -7.48    6.56
 -73150.020    93.818    -4.35    5.64
 -72773.761    94.108     0.77    6.07
 -72397.508    96.413     6.13    6.56
 -72021.258    97.413     2.66    6.78
 -71645.013    97.508     0.25    5.94
 -71268.772    97.008    -1.33    4.54
 -70892.536    94.905    -5.59    3.02
 -70516.304    91.803    -8.25    4.72
 -70140.076    89.008    -7.43    5.10
 -69763.853    86.954    -5.46    4.55
 -69387.634    85.602    -3.59    3.72
 -69011.419    86.649     2.78    4.31
 -68635.209    89.788     8.35    6.30
 -68259.002    93.062     8.70    6.90
 -67882.801    96.683     9.63    5.83
 -67506.603    98.560     4.99    3.94
 -67130.410    98.929     0.98    3.59
 -66754.221    98.008    -2.45    2.98
 -66378.037    96.658    -3.59    3.18
 -66001.857    95.113    -4.11    3.58
 -65625.681    92.143    -7.90    4.50
 -65249.510    87.955   -11.13    5.11
 -64873.342    84.730    -8.57    5.37
 -64497.180    81.315    -9.08    3.91
 -64121.021    80.700    -1.64    4.12
 -63744.867    82.359     4.41    5.08
 -63368.717    83.818     3.88    6.05
 -62992.571    84.602     2.08    6.17
 -62616.430    84.110    -1.31    5.94
 -62240.293    83.544    -1.50    5.18
 -61864.160    82.845    -1.86    3.29
 -61488.032    84.058     3.22    3.73
 -61111.908    85.902     4.90    4.11
 -60735.788    88.613     7.21    4.86
 -60359.672    92.376    10.01    4.92
 -59983.561    94.308     5.14    5.22
 -59607.454    95.955     4.38    4.81
 -59231.351    96.955     2.66    4.34
 -58855.253    97.583     1.67    3.86
 -58479.159    98.845     3.36    4.11
 -58103.069   100.623     4.73    3.98
 -57726.983   104.367     9.95    6.02
 -57350.902   108.873    11.98    6.99
 -56974.825   112.413     9.41    6.41
 -56598.752   113.981     4.17    5.09
 -56222.684   112.162    -4.84    5.82
 -55846.619   107.808   -11.58    5.58
 -55470.560   104.467    -8.88    4.97
 -55094.504   100.183   -11.39    4.52
 -54718.452    98.218    -5.22    3.29
 -54342.405    97.613    -1.61    3.92
 -53966.362    96.666    -2.52    4.93
 -53590.324    96.572    -0.25    6.52
 -53214.289    95.119    -3.86    6.88
 -52838.259    94.332    -2.09    7.46
 -52462.233    92.583    -4.65    6.76
 -52086.212    89.897    -7.14    4.83
 -51710.194    88.308    -4.23    3.38
 -51334.181    87.033    -3.39    3.14
 -50958.172    85.170    -4.96    3.63
 -50582.168    82.981    -5.82    3.42
 -50206.167    81.386    -4.24    3.09
 -49830.171    79.828    -4.14    2.84
 -49454.179    79.433    -1.05    3.42
 -49078.192    79.440     0.02    3.44
 -48702.208    79.683     0.65    3.17
 -48326.229    79.587    -0.26    2.92
 -47950.254    78.113    -3.92    2.63
 -47574.283    77.520    -1.58    3.12
 -47198.317    77.905     1.02    3.61
 -46822.355    81.560     9.72    5.91
 -46446.396    85.929    11.62    7.40
 -46070.443    94.433    22.62   11.17
 -45694.493   102.359    21.08    9.66
 -45318.548   105.508     8.38    6.98
 -44942.606   105.087    -1.12    7.89
 -44566.669    99.818   -14.01    9.75
 -44190.737    91.981   -20.85    8.58
 -43814.808    87.035   -13.15    5.01
 -43438.884    86.290    -1.98    4.30
 -43062.963    86.458     0.45    4.92
 -42687.048    85.981    -1.27    6.04
 -42311.136    83.758    -5.91    6.69
 -41935.228    82.244    -4.03    6.77
 -41559.325    81.649    -1.59    6.80
 -41183.426    82.649     2.66    7.19
 -40807.531    84.244     4.25    7.14
 -40431.640    87.350     8.26    7.00
 -40055.754    89.444     5.57    6.87
 -39679.871    90.683     3.30    6.44
 -39303.993    90.764     0.22    6.09
 -38928.119    88.958    -4.81    6.62
 -38552.249    85.777    -8.46    6.10
 -38176.384    82.602    -8.45    4.91
 -37800.522    78.521   -10.86    3.83
 -37424.665    76.202    -6.17    3.45
 -37048.812    74.783    -3.78    3.29
 -36672.963    73.558    -3.26    3.27
 -36297.118    73.359    -0.53    3.31
 -35921.277    72.033    -3.53    3.78
 -35545.441    70.060    -5.25    4.15
 -35169.609    68.367    -4.51    4.17
 -34793.781    65.803    -6.82    4.07
 -34417.957    63.323    -6.60    4.02
 -34042.137    63.113    -0.56    5.60
 -33666.322    60.905    -5.87    6.05
 -33290.510    59.733    -3.12    5.61
 -32914.703    59.927     0.52    5.18
 -32538.900    59.408    -1.38    3.84
 -32163.101    61.376     5.24    4.69
 -31787.306    63.602     5.92    4.64
 -31411.515    65.575     5.25    4.82
 -31035.729    67.636     5.48    3.71
 -30659.946    67.608    -0.08    3.41
 -30284.168    66.308    -3.46    4.13
 -29908.394    64.089    -5.90    4.68
 -29532.624    61.213    -7.65    4.44
 -29156.858    59.980    -3.28    4.49
 -28781.097    60.008     0.07    4.34
 -28405.339    59.008    -2.66    4.56
 -28029.586    57.534    -3.92    4.74
 -27653.837    54.744    -7.42    4.90
 -27278.091    52.008    -7.28    3.40
 -26902.350    50.558    -3.86    3.52
 -26526.614    48.305    -6.00    4.46
 -26150.881    46.136    -5.77    5.34
 -25775.152    44.560    -4.19    5.10
 -25399.428    45.332     2.05    5.93
 -25023.707    45.710     1.01    5.82
 -24647.991    44.779    -2.48    5.12
 -24272.279    43.208    -4.18    4.20
 -23896.571    42.110    -2.92    4.13
 -23520.867    41.359    -2.00    4.10
 -23145.167    42.495     3.02    6.25
 -22769.471    43.785     3.44    8.00
 -22393.780    42.982    -2.14    8.68
 -22018.092    41.666    -3.50    8.72
 -21641.998    39.271    -6.37    6.64
 -21265.499    37.062    -5.87    4.38
 -20889.005    37.469     1.08    5.04
 -20512.515    36.471    -2.65    5.25
 -20136.029    35.413    -2.81    5.91
 -19759.547    34.341    -2.85    5.00
 -19383.069    33.771    -1.51    4.31
 -19006.596    32.791    -2.60    3.80
 -18630.126    31.954    -2.23    3.15
 -18253.661    31.779    -0.46    3.58
 -17877.199    33.213     3.81    6.07
 -17500.742    34.933     4.57    7.29
 -17124.289    36.791     4.94    7.92
 -16747.840    37.238     1.19    7.35
 -16371.395    36.452    -2.09    6.50
 -15994.954    36.136    -0.84    6.88
 -15618.517    35.956    -0.48    7.41
 -15242.084    35.508    -1.19    6.96
 -14865.656    33.587    -5.10    6.06
 -14489.231    33.726     0.37    6.68
 -14112.811    33.808     0.22    7.27
 -13736.395    33.602    -0.55    7.44
 -13359.982    33.933     0.88    7.96
 -12983.574    33.751    -0.48    7.47
 -12607.170    32.521    -3.27    7.16
 -12230.770    30.332    -5.82    5.56
 -11854.374    28.413    -5.10    4.89
 -11477.982    26.931    -3.94    4.78
 -11101.594    26.033    -2.38    4.60
 -10725.211    24.591    -3.83    4.40
 -10348.831    23.402    -3.16    4.08
  -9972.455    22.508    -2.38    3.53
  -9596.084    22.087    -1.12    3.04
  -9219.716    23.308     3.24    4.18
  -8843.353    23.683     1.00    5.23
  -8466.993    22.823    -2.28    6.35
  -8090.638    20.850    -5.24    6.25
  -7714.287    18.783    -5.49    4.78
  -7337.939    16.900    -5.00    3.17
  -6961.596    17.133     0.62    3.66
  -6585.257    16.520    -1.63    3.41
  -6208.922    14.845    -4.45    2.51
  -5832.591    13.981    -2.30    2.63
  -5456.264    13.035    -2.51    2.13
  -5079.941    12.700    -0.89    1.95
  -4703.622    12.623    -0.20    1.94
  -4327.307    13.035     1.10    1.95
  -3950.996    13.350     0.84    1.79
  -3574.690    13.251    -0.26    1.64
  -3198.387    13.737     1.29    1.39
  -2822.088    14.683     2.51    2.35
  -2445.793    13.251    -3.80    5.49
  -2069.503     9.402   -10.23    8.28
  -1693.216     5.350   -10.77    8.57
  -1316.933     1.392   -10.52    6.42
   -940.655    -0.992    -6.34    0.00
   -564.380    -0.992     0.00    0.00
   -188.110    -0.598     1.05    2.43
    188.157    -0.270     0.87    3.06
    564.420    -0.290    -0.05    3.02
    940.678    -0.992    -1.87    0.00
   1316.933    -0.992     0.00    0.00
   1693.183    -0.992     0.00    0.00
   2069.430    -0.992     0.00    0.00
   2445.672     2.008     7.97    6.60
   2821.911     7.683    15.09    9.97
   3198.145    13.008    14.15    9.29
   3574.376    18.683    15.08    6.18
   3950.602    22.170     9.27    5.35
   4326.825    26.033    10.27    8.21
   4703.044    30.429    11.68    8.21
   5079.258    32.597     5.76    6.68
   5455.469    33.602     2.67    4.49
   5831.675    32.854    -1.99    5.14
   6207.878    33.323     1.25    6.64
   6584.076    32.758    -1.50    6.77
   6960.271    32.034    -1.92    7.15
   7336.462    31.008    -2.73    7.39
   7712.648    27.418    -9.54    5.71
   8088.831    24.751    -7.09    4.95
   8465.010    22.861    -5.03    3.84
   8841.185    23.440     1.54    4.65
   9217.355    24.927     3.95    4.69
   9593.522    25.251     0.86    4.04
   9969.685    24.858    -1.05    3.71
  10345.844    24.954     0.26    3.86
  10721.999    25.751     2.12    3.73
  11098.150    27.341     4.23    3.95
  11474.297    29.905     6.82    3.99
  11850.440    31.170     3.36    3.22
  12226.579    31.085    -0.23    3.75
  12602.714    30.929    -0.41    3.71
  12978.845    31.341     1.10    4.14
  13354.972    32.444     2.93    4.39
  13731.096    32.521     0.21    5.23
  14107.215    32.508    -0.04    5.38
  14483.330    31.033    -3.92    5.17
  14859.442    29.917    -2.97    4.60
  15235.549    29.575    -0.91    4.80
  15611.653    28.089    -3.95    4.84
  15987.752    27.764    -0.86    4.55
  16363.848    30.158     6.36    5.46
  16739.940    32.575     6.43    5.62
  17116.028    36.033     9.19    3.89
  17492.112    36.803     2.05    4.21
  17868.192    36.854     0.14    4.30
  18244.268    35.981    -2.32    4.28
  18620.340    35.187    -2.11    4.82
  18996.408    34.982    -0.55    5.76
  19372.472    34.591    -1.04    6.84
  19748.532    34.623     0.09    6.46
  20124.589    32.730    -5.03    5.51
  20500.641    31.613    -2.97    4.86
  20876.690    30.469    -3.04    3.78
  21252.735    29.361    -2.95    3.25
  21628.775    27.629    -4.60    4.32
  22004.812    25.481    -5.71    4.31
  22380.845    23.587    -5.04    3.51
  22756.874    22.341    -3.31    2.84
  23132.899    22.452     0.30    3.50
  23508.921    21.958    -1.31    3.64
  23884.938    22.828     2.32    3.66
  24260.951    23.905     2.86    4.33
  24636.961    26.332     6.45    5.08
  25012.967    27.956     4.32    4.33
  25388.968    28.392     1.16    4.45
  25764.966    28.869     1.27    5.35
  26140.960    29.469     1.60    5.55
  26516.950    28.980    -1.30    5.02
  26892.936    28.876    -0.28    4.34
  27268.919    26.520    -6.27    4.58
  27644.897    24.772    -4.65    4.29
  28020.872    24.413    -0.96    4.54
  28396.842    24.060    -0.94    4.26
  28772.809    24.060     0.00    3.02
  29148.772    23.658    -1.07    2.40
  29524.731    24.424     2.04    2.39
  29900.686    25.325     2.39    2.89
  30276.638    26.572     3.32    2.62
  30652.585    28.341     4.71    3.04
  31028.529    29.764     3.79    4.15
  31404.469    31.136     3.65    3.83
  31780.404    32.649     4.02    3.79
  32156.336    33.063     1.10    4.31
  32532.265    33.444     1.01    4.07
  32908.189    32.758    -1.82    3.80
  33284.109    32.666    -0.25    3.90
  33660.026    33.315     1.73    3.27
  34035.939    33.978     1.76    3.14
  34411.847    34.116     0.37    2.94
  34787.753    34.797     1.81    2.33
  35163.654    35.508     1.89    2.68
  35539.551    37.358     4.92    3.33
  35915.445    38.927     4.17    2.79
  36291.334    38.837    -0.24    2.90
  36667.220    38.162    -1.80    3.50
  37043.102    37.572    -1.57    3.10
  37418.980    37.521    -0.13    2.92
  37794.854    39.341     4.84    2.92
  38170.725    41.392     5.46    3.67
  38546.592    42.424     2.75    3.73
  38922.454    43.059     1.69    3.39
  39298.313    43.869     2.15    3.27
  39674.169    43.692    -0.47    3.21
  40050.020    43.956     0.70    3.47
  40425.868    44.351     1.05    3.81
  40801.711    44.440     0.24    3.56
  41177.551    45.376     2.49    3.52
  41553.387    45.402     0.07    3.33
  41929.220    46.433     2.74    3.80
  42305.048    46.873     1.17    3.77
  42680.873    47.374     1.33    3.53
  43056.694    48.879     4.01    3.80
  43432.511    50.238     3.62    3.70
  43808.324    51.278     2.77    3.01
  44184.133    52.828     4.13    2.90
  44559.939    53.905     2.87    2.61
  44935.741    54.591     1.83    3.86
  45311.539    79.572    66.47   55.86
  45687.333   131.563   138.35   92.76
  46063.124   147.649    42.80   87.67
  46438.910   148.213     1.50   89.68
  46814.693   103.465  -119.08   80.75
  47190.472    59.251  -117.66   33.44
  47566.247    43.278   -42.51    5.97
  47942.019    40.639    -7.02    4.06
  48317.787    39.558    -2.88    5.96
  48693.551    38.818    -1.97    7.06
  49069.311    45.483    17.73   30.15
  49445.067    47.264     4.74   33.00
  49820.820    45.271    -5.30   31.98
  50196.569    37.494   -20.70   10.15
  50572.314    35.674    -4.84    4.37
  50948.055    34.429    -3.32    3.37
  51323.793    33.119    -3.49    3.06
  51699.526    32.315    -2.14    2.65
  52075.257    31.535    -2.08    2.54
  52450.983    31.110    -1.13    2.39
  52826.705    30.726    -1.02    2.11
  53202.424    30.341    -1.02    2.18
  53578.754    29.873    -1.24    2.81
  53955.220    30.116     0.65    3.52
  54331.682    31.876     4.68    6.53
  54708.141    46.533    38.93   36.16
  55084.596    61.873    40.75   48.28
  55461.047    77.908    42.59   59.01
  55837.494    92.700    39.29   62.04
  56213.938    97.218    12.00   61.94
  56590.377    88.873   -22.17   63.31
  56966.813    65.597   -61.83   58.15
  57343.246    42.187   -62.19   34.14
  57719.674    29.008   -35.01    5.19
  58096.099    27.444    -4.16    3.78
  58472.520    26.785    -1.75    3.96
  58848.937    27.033     0.66    3.82
  59225.350    25.674    -3.61    3.85
  59601.760    24.008    -4.43    2.89
  59978.166    22.629    -3.66    2.30
  60354.568    21.927    -1.87    2.98
  60730.967    21.534    -1.04    3.70
  61107.362    21.113    -1.12    4.05
  61483.753    20.952    -0.43    4.09
  61860.140    21.983     2.74    4.87
  62236.524    22.700     1.90    5.46
  62612.904    25.508     7.46    5.91
  62989.280    28.548     8.08    8.82
  63365.652    28.797     0.66    8.65
  63742.021    26.674    -5.64    9.15
  64118.386    22.591   -10.85    5.85
  64494.747    20.264    -6.18    4.15
  64871.105    19.897    -0.98    4.78
  65247.458    21.367     3.91    6.17
  65623.808    23.110     4.63    6.53
  66000.155    23.625     1.37    5.78
  66376.497    23.440    -0.49    4.89
  66752.836    22.467    -2.59    4.05
  67129.172    21.060    -3.74    4.32
  67505.503    21.244     0.49    4.25
  67881.831    21.170    -0.20    4.61
  68258.155    21.666     1.32    5.17
  68634.476    22.700     2.75    4.71
  69010.792    22.981     0.75    4.90
  69387.105    23.162     0.48    4.20
  69763.415    23.271     0.29    4.21
  70139.720    22.008    -3.36    4.29
  70516.022    20.873    -3.02    4.41
  70892.321    20.008    -2.30    4.24
  71268.615    20.730     1.92    3.86
  71644.906    20.777     0.12    3.79
  72021.193    22.008     3.27    3.00
  72397.477    22.478     1.25    2.19
  72773.757    22.059    -1.11    2.38
  73150.033    21.521    -1.43    2.56
  73526.305    21.927     1.08    4.76
  73902.574    22.900     2.59    5.04
  74278.839    23.063     0.43    4.70
  74655.101    22.883    -0.48    4.79
  75031.359    22.879    -0.01    3.45
  75407.613    23.244     0.97    3.86
  75783.863    23.649     1.07    4.02
  76160.110    24.495     2.25    3.61
  76536.353    25.905     3.75    4.21
  76912.593    27.737     4.87    4.55
  77288.828    31.751    10.67    7.93
  77665.061    48.258    43.87   25.24
  78041.289    67.718    51.72   31.95
  78417.514    92.508    65.89   38.94
  78793.735   105.408    34.29   29.64
  79169.953   102.828    -6.86   28.66
  79546.167    93.602   -24.52   35.41
  79922.377    77.737   -42.17   30.58
  80298.584    76.818    -2.44   35.33
  80674.786    84.813    21.25   47.29
  81050.986   126.879   111.82   74.28
  81427.182   159.726    87.31   73.77
  81803.374   166.060    16.84   67.02
  82179.562   157.315   -23.25   65.31
  82555.747   135.931   -56.84   57.87
  82931.928   135.751    -0.48   45.29
  83308.105   165.981    80.36   51.50
  83684.279   214.956   130.19   63.39
  84060.450   272.730   153.58   91.36
  84436.616   312.744   106.37   81.74
  84812.779   354.238   110.31   65.67
  85188.939   403.272   130.35   68.25
  85565.095   425.726    59.69   91.43
  85941.247   457.494    84.45  112.79
  86317.395   460.494     7.98  119.23
  86693.540   399.954  -160.95  139.60
  87069.681   324.619  -200.28  126.88
  87445.819   262.469  -165.23   99.67
  87821.953   209.908  -139.74   80.56
  88198.084   184.297   -68.09   80.51
  88574.211   160.958   -62.05   72.90
  88950.334   143.059   -47.59   75.73
  89326.454   122.905   -53.58   74.84
  89702.570    96.035   -71.44   57.58
  90078.682    86.162   -26.25   48.82
  90454.791    79.480   -17.76   50.03
  90830.896    88.218    23.23   59.23
  91206.998    84.777    -9.15   59.33
  91583.096    84.322    -1.21   59.41
  91959.191    79.982   -11.54   57.18
  92335.282    67.791   -32.41   50.27
  92711.369    55.764   -31.98   37.18
  93087.453    41.359   -38.30   14.92
  93463.533    36.535   -12.83    8.21
  93839.610    36.110    -1.13    5.34
  94215.683    35.056    -2.80    3.77
  94591.752    35.467     1.09    3.37
  94967.818    35.483     0.04    3.97
  95343.880    33.692    -4.76    4.99
  95719.939    32.085    -4.27    5.15
  96095.994    31.008    -2.86    4.59
  96472.046    29.162    -4.91    2.82
  96848.094    28.424    -1.96    1.57
  97224.139    28.297    -0.34    1.51
  97600.179    27.777    -1.38    1.77
  97976.217    27.952     0.47    1.91
  98352.251    28.136     0.49    1.64
  98728.281    28.534     1.06    1.61
  99104.308    29.116     1.55    1.56
  99480.331    29.197     0.22    1.70
  99856.350    29.647     1.20    1.40
 100232.366    30.444     2.12    2.69
 100608.379    30.715     0.72    3.21
 100984.388    30.683    -0.08    2.97
 101360.393    30.983     0.80    2.62
 101736.395    32.192     3.22    4.77
 102112.393    34.956     7.35    6.34
 102488.388    38.350     9.02    7.16
 102864.379    40.931     6.86    7.55
 103240.367    42.424     3.97    7.68
 103616.351    44.008     4.21    9.67
 103992.332    43.546    -1.23    8.42
 104368.309    48.647    13.57   19.09
 104744.283    51.290     7.03   26.84
 105120.253    55.587    11.43   35.62
 105496.219    61.764    16.43   38.85
 105872.182    53.764   -21.28   25.49
 106248.142    49.924   -10.21   22.13
 106624.098    44.367   -14.78   16.02
 107000.050    39.276   -13.54    4.86
 107375.999    38.116    -3.09    5.08
 107751.944    40.183     5.50   12.60
 108127.886    42.218     5.41   17.20
 108503.825    44.726     6.67   18.08
 108879.760    46.271     4.11   17.64
 109255.691    46.367     0.25   16.81
 109631.619    41.359   -13.32    8.59
 110007.543    41.876     1.38    6.17
 110383.464    48.264    16.99   16.41
 110759.382    55.636    19.61   20.43
 111135.296    62.674    18.72   25.05
 111511.206    79.876    45.76   38.25
 111887.113    94.035    37.66   44.20
 112263.016   107.548    35.95   46.06
 112638.916   108.147     1.59   43.58
 113014.813   106.572    -4.19   40.90
 113390.706   100.447   -16.29   37.83
 113766.595    96.008   -11.81   39.85
 114142.481    90.858   -13.70   42.53
 114518.364    82.166   -23.12   39.53
 114894.243    69.931   -32.55   36.00
 115270.118    62.139   -20.73   23.77
 115645.990    56.136   -15.97   10.80
 116021.859    54.089    -5.45    6.24
 116397.724    51.955    -5.68    7.27
 116773.586    50.828    -3.00    6.43
 117149.444    48.008    -7.50    4.34
 117525.298    47.059    -2.52    3.49
 117901.150    46.823    -0.63    2.78
 118276.997    48.008     3.15    4.70
 118652.842    55.710    20.49   20.12
 119028.683    70.619    39.67   37.24
 119404.520    76.726    16.25   34.44
 119780.354    88.837    32.22   40.28
 120156.184    98.305    25.19   44.68
 120532.012   138.854   107.89   66.10
 120907.835   186.929   127.92   63.66
 121283.655   219.033    85.42   45.47
 121659.472   234.350    40.75   26.51
 122035.285   228.187   -16.40   29.89
 122411.095   214.845   -35.50   24.50
 122786.901   207.440   -19.70   23.13
 123162.704   207.982     1.44   27.14
 123538.504   203.390   -12.22   37.63
 123914.300   183.008   -54.24   46.56
 124290.092   149.560   -89.00   43.81
 124665.882   121.841   -73.76   28.11
 125041.667   112.143   -25.81   12.50
 125417.450   114.091     5.18   12.07
 125793.229   122.876    23.38   15.80
 126169.004   134.544    31.05   19.73
 126544.776   142.602    21.44   20.13
 126920.545   149.392    18.07   19.71
 127296.310   151.315     5.12   20.32
 127672.072   148.751    -6.82   17.25
 128047.830   143.534   -13.88   17.05
 128423.675   138.956   -12.18   15.65
 128800.107   132.981   -15.87    9.32
 129176.535   130.386    -6.89    4.91
 129552.960   132.666     6.06    6.31
 129929.381   140.949    22.00   16.64
 130305.799   150.418    25.15   26.16
 130682.213   161.520    29.49   29.83
 131058.624   170.619    24.17   30.06
 131435.032   172.251     4.34   20.77
 131811.436   173.813     4.15   15.98
 132187.837   182.297    22.54   18.99
 132564.234   196.032    36.49   27.04
 132940.628   210.386    38.13   26.25
 133317.018   217.059    17.73   21.70
 133693.405   208.139   -23.70   26.55
 134069.789   199.034   -24.19   21.79
 134446.170   191.251   -20.68   13.90
 134822.546   190.408    -2.24   10.88
 135198.920   194.008     9.56    7.94
 135575.290   195.440     3.81    6.99
 135951.657   200.166    12.56   10.89
 136328.020   206.702    17.37   17.74
 136704.380   210.418     9.87   19.23
 137080.737   212.264     4.91   16.87
 137457.090   208.535    -9.91   13.95
 137833.440   202.251   -16.70   13.10
 138209.786   193.332   -23.70   14.04
 138586.129   186.481   -18.20   12.97
 138962.469   180.583   -15.67    8.87
 139338.805   179.575    -2.68    7.69
 139715.138   181.649     5.51    6.77
 140091.468   186.008    11.58    9.86
 140467.794   195.218    24.47   16.41
 140844.117   209.981    39.23   21.55
 141220.436   223.358    35.55   23.79
 141596.752   228.560    13.82   20.64
 141973.065   226.980    -4.20   20.12
 142349.374   220.666   -16.78   16.79
 142725.680   215.813   -12.89   13.73
 143101.983   214.418    -3.71   12.67
 143478.282   217.187     7.36   12.77
 143854.578   221.397    11.19   13.79
 144230.871   224.170     7.37   15.24
 144607.160   227.224     8.12   14.66
 144983.446   225.413    -4.81   12.12
 145359.728   221.508   -10.38   11.86
 145736.008   216.548   -13.18   14.45
 146112.283   209.213   -19.49   11.66
 146488.556   200.520   -23.10   10.53
 146864.825   194.623   -15.67    9.85
 147241.091   196.062     3.82   13.59
 147617.353   197.854     4.76   16.38
 147993.612   199.639     4.75   16.87
 148369.868   199.258    -1.01   17.85
 148746.121   196.271    -7.94   17.18
 149122.370   194.313    -5.20   14.57
 149498.616   199.718    14.37   16.25
 149874.858   217.469    47.18   25.47
 150251.097   236.159    49.67   25.34
 150627.333   249.197    34.65   24.90
 151003.566   255.602    17.02   20.05
 151379.795   248.764   -18.17   23.95
 151756.021   233.905   -39.49   31.33
 152132.243   217.791   -42.83   23.22
 152508.463   207.136   -28.32   15.40
 152884.678   204.264    -7.63   11.40
 153260.891   206.956     7.16   11.30
 153637.100   212.089    13.64   16.06
 154013.306   214.520     6.46   15.92
 154389.509   210.238   -11.38   15.97
 154765.709   203.508   -17.89    9.90
 155141.905   203.572     0.17    7.52
 155518.097   204.981     3.74    7.17
 155894.287   205.981     2.66    8.56
 156270.473   208.751     7.36    7.90
 156646.656   211.226     6.58    7.56
 157022.836   214.481     8.65    7.34
 157399.012   218.929    11.82    9.61
 157775.185   227.089    21.69   14.11
 158151.355   231.264    11.10   12.48
 158527.521   232.683     3.77   11.89
 158903.685   229.059    -9.63   11.30
 159279.844   225.854    -8.52   10.20
 159656.001   224.162    -4.50   11.23
 160032.154   221.737    -6.44    9.12
 160408.304   219.777    -5.21    9.61
 160784.451   216.674    -8.25   10.00
 161160.595   209.369   -19.42    9.20
 161536.735   203.085   -16.71    8.99
 161912.872   197.521   -14.79    9.06
 162289.006   193.508   -10.67    7.34
 162665.136   194.623     2.97    9.59
 163041.263   196.508     5.01    9.91
 163417.387   200.613    10.91    9.88
 163793.508   211.341    28.52   17.82
 164169.625   227.981    44.24   31.47
 164545.740   244.700    44.45   31.27
 164921.850   255.737    29.35   25.46
 165297.958   259.956    11.22   22.46
 165674.062   257.982    -5.25   22.22
 166050.164   257.315    -1.77   22.16
 166426.261   251.455   -15.58   22.90
 166802.356   241.879   -25.46   21.97
 167178.448   229.059   -34.09   22.34
 167554.536   216.230   -34.11   13.76
 167930.621   212.008   -11.23   11.09
 168306.702   212.954     2.52   13.62
 168682.781   214.034     2.87   14.74
 169058.856   216.597     6.82   13.84
 169434.928   219.101     6.66   10.90
 169810.997   220.495     3.71    7.97
 170187.062   221.367     2.32    7.39
 170563.124   220.900    -1.24   10.46
 170939.183   217.238    -9.74   10.57
 171315.239   213.035   -11.18    7.10
 171691.292   210.136    -7.71    4.46
 172067.341   209.110    -2.73    5.01
 172443.387   209.823     1.90    5.22
 172819.430   209.850     0.07    5.01
 173195.470   209.341    -1.35    4.96
 173571.507   209.085    -0.68    4.18
 173947.540   209.278     0.51    5.38
 174323.570   208.726    -1.47    4.86
 174699.597   208.764     0.10    2.77
 175075.621   209.683     2.44    4.31
 175451.641   213.692    10.66    9.74
 175827.658   222.976    24.69   21.79
 176203.672   233.187    27.15   24.72
 176579.683   239.777    17.52   22.93
 176955.691   243.785    10.66   20.78
 177331.695   249.751    15.87   19.99
 177707.697   256.251    17.29   17.80
 178083.695   257.059     2.15   15.13
 178459.690   250.444   -17.59   17.48
 178835.681   244.455   -15.93   17.83
 179211.670   235.955   -22.61   14.80
 179587.655   228.213   -20.59   14.09
 179963.637   224.572    -9.68   14.25
 180339.616   220.575   -10.63    8.82
 180715.592   220.034    -1.44    6.00
 181091.565   221.481     3.85    6.15
 181467.534   223.873     6.36    5.22
 181843.500   225.386     4.03    4.07
 182219.463   226.351     2.57    4.45
 182595.423   227.597     3.31    3.82
 182971.380   229.315     4.57    3.71
 183347.334   230.535     3.25    3.87
 183723.284   232.059     4.05    3.30
 184099.231   232.629     1.52    2.93
 184475.175   233.751     2.98    3.42
 184851.116   234.981     3.27    4.03
 185227.054   235.376     1.05    4.53
 185602.988   235.244    -0.35    5.85
 185978.920   234.751    -1.31    6.07
 186354.848   234.569    -0.49    6.51
 186730.773   235.873     3.47    7.26
 187106.695   237.797     5.12    8.35
 187482.614   239.876     5.53    7.52
 187858.530   240.683     2.15    7.21
 188234.442   237.900    -7.41    6.56
 188610.352   237.743    -0.42    5.71
 188986.258   238.726     2.61    6.08
 189362.161   238.315    -1.09    5.73
 189738.061   239.313     2.65    5.24
 190113.958   239.879     1.51    5.23
 190489.852   239.413    -1.24    4.43
 190865.742   239.674     0.70    3.41
 191241.630   240.534     2.29    5.53
 191617.514   241.136     1.60    5.32
 191993.395   241.413     0.74    6.14
 192369.273   241.008    -1.08    5.64
 192745.148   242.178     3.11    5.44
 193121.020   242.258     0.21    5.71
 193496.889   243.900     4.37    5.41
 193872.754   244.494     1.58    6.20
 194248.617   246.386     5.03    8.28
 194624.476   249.278     7.69    7.34
 195000.332   251.155     4.99    6.47
 195376.185   250.408    -1.99    6.07
 195752.035   250.623     0.57    5.23
 196127.882   253.980     8.93   10.59
 196503.726   261.777    20.74   15.16
 196879.567   266.305    12.05   13.90
 197255.404   271.546    13.94   14.13
 197631.239   271.534    -0.03   13.19
 198007.070   268.956    -6.86   11.93
 198382.898   267.494    -3.89   11.06
 198758.724   269.059     4.16    9.61
 199134.546   270.108     2.79    9.25
 199510.365   274.758    12.37    9.78
 199886.181   279.873    13.61   11.61
 200261.993   285.386    14.67   13.06
 200637.803   288.791     9.06   12.73
 201013.610   296.737    21.14   17.65
 201389.413   301.341    12.25   19.12
 201765.214   305.733    11.69   17.97
 202141.011   308.931     8.51   15.42
 202516.806   313.332    11.71   14.79
 202892.597   319.674    16.88   16.27
 203268.385   327.876    21.82   14.24
 203644.448   331.560     9.80   13.59
 204020.844   339.455    20.97   24.36
 204397.236   357.110    46.90   46.96
 204773.625   370.873    36.56   54.36
 205150.010   389.376    49.16   63.43
 205526.393   398.133    23.26   67.73
 205902.773   395.563    -6.83   64.72
 206279.150   405.166    25.51   71.28
 206655.523   399.737   -14.42   69.71
 207031.894   403.089     8.90   85.45
 207408.261   444.981   111.30  112.63
 207784.626   482.202    98.89  116.58
 208160.987   486.633    11.77  101.40
 208537.345   499.777    34.92   80.80
 208913.700   513.602    36.73   77.14
 209290.052   510.956    -7.03   75.14
 209666.402   528.602    46.88   71.50
 210042.748   510.692   -47.59   55.60
 210419.091   466.008  -118.73   66.31
 210795.431   423.956  -111.73   85.45
 211171.767   371.359  -139.76   86.92
 211548.101   333.797   -99.81   72.70
 211924.432   314.958   -50.06   62.55
 212300.760   294.332   -54.81   47.04
 212677.085   290.649    -9.79   45.60
 213053.406   276.845   -36.68   26.34
 213429.725   271.494   -14.22   22.28
 213806.040   269.900    -4.24   20.04
 214182.353   272.236     6.21   16.63
 214558.663   274.290     5.46   19.02
 214934.969   273.458    -2.21   16.93
 215311.273   268.656   -12.76    9.05
 215687.573   276.408    20.60   23.19
 216063.870   289.850    35.72   36.29
 216440.165   305.803    42.39   42.28
 216816.456   340.803    93.01   54.27
 217192.745   373.113    85.86   58.10
 217569.030   416.313   114.80   64.95
 217945.312   481.297   172.69   78.31
 218321.592   564.283   220.53   95.97
 218697.868   652.841   235.34  108.35
 219074.141   755.308   272.31  145.83
 219450.411   873.429   313.91  168.68
 219826.679   972.116   262.27  189.94
 220202.943  1131.737   424.21  195.12
 220579.204  1229.619   260.13  133.67
 220955.462  1241.315    31.09   95.61
 221331.718  1213.133   -74.90   90.69
 221707.970  1188.927   -64.33   74.66
 222084.219  1214.033    66.72  104.40
 222460.466  1280.060   175.48  125.81
 222836.709  1352.718   193.11   99.62
 223212.949  1410.218   152.82   74.34
 223589.186  1433.495    61.86   69.86
 223965.421  1413.508   -53.12   81.80
 224341.652  1383.313   -80.25  105.56
 224717.880  1352.444   -82.05   99.27
 225094.106  1346.386   -16.10   88.22
 225470.328  1398.533   138.60  122.43
 225846.547  1463.213   171.91  121.69
 226222.764  1516.230   140.92  103.79
 226598.977  1563.602   125.91   89.61
 226975.188  1582.869    51.21   62.22
 227351.395  1596.008    34.92   39.06
 227727.600  1596.674     1.77   38.12
 228103.801  1568.764   -74.19   67.99
 228480.000  1506.358  -165.88  109.51
 228856.196  1440.033  -176.29  126.58
 229232.388  1390.508  -131.64  127.55
 229608.578  1323.113  -179.14  128.31
 229984.765  1262.597  -160.86  133.48
 230360.948  1178.238  -224.24  120.10
 230737.129  1111.563  -177.23   76.60
 231113.307  1053.777  -153.61   55.60
 231489.482  1019.230   -91.83   43.42
 231865.654  1015.408   -10.16   38.90
 232241.823  1001.803   -36.17   41.60
 232617.989  1000.722    -2.87   42.22
 232994.152  1003.062     6.22   39.06
 233370.312  1018.710    41.60   57.07
 233746.470  1064.823   122.58   65.33
 234122.624  1121.572   150.86   78.60
 234498.775  1166.143   118.49   78.95
 234874.924  1244.081   207.19   84.46
 235251.069  1319.956   201.71  100.30
 235627.212  1380.744   161.60   90.58
 236003.351  1405.845    66.73   72.09
 236379.488  1387.718   -48.19   85.05
 236755.622  1352.572   -93.44   78.34
 237131.752  1326.230   -70.03   44.12
 237507.880  1360.520    91.16   70.78
 237884.005  1418.369   153.79   86.08
 238260.127  1473.597   146.83   97.19
 238636.247  1516.367   113.71  107.96
 239012.363  1573.644   152.28  124.10
 239388.476  1615.656   111.70  121.11
 239764.586  1638.954    61.94  104.19
 240140.694  1658.271    51.36   89.43
 240516.799  1669.087    28.76   79.21
 240892.900  1679.897    28.74   72.91
 241268.999  1688.392    22.59   72.85
 241645.095  1717.085    76.29   96.06
 242021.188  1750.751    89.51  109.72
 242397.278  1789.386   102.72  111.98
 242773.365  1804.718    40.77   91.25
 243149.449  1791.828   -34.27   73.60
 243525.530  1762.397   -78.25   62.63
 243901.609  1709.033  -141.89   64.98
 244277.684  1638.063  -188.70   77.84
 244653.757  1583.059  -146.25   80.74
 245029.827  1534.777  -128.38   66.94
 245405.894  1488.289  -123.61   49.73
 245781.958  1465.955   -59.39   44.52
 246158.019  1443.089   -60.80   39.31
 246534.077  1425.116   -47.79   35.39
 246910.133  1399.418   -68.33   44.92
 247286.185  1356.440  -114.28   67.88
 247662.235  1286.572  -185.79   99.25
 248038.281  1190.136  -256.43  125.98
 248414.325  1098.323  -244.14  143.05
 248790.366   995.008  -274.73  118.46
 249166.404   932.213  -166.98   97.17
 249542.439   907.828   -64.84   86.07
 249918.472   925.927    48.13  106.57
 250294.501   962.110    96.22  123.65
 250670.528   989.845    73.76  117.87
 251046.552   988.639    -3.21  130.56
 251422.573   953.674   -92.98  132.79
 251798.591   947.789   -15.65  109.84
 252174.606   969.264    57.11  104.84
 252550.618   992.367    61.44   82.18
 252926.628  1012.035    52.30   33.47
 253302.634   987.674   -64.78   33.30
 253678.638   960.440   -72.43   41.02
 254054.639   930.059   -80.80   56.89
 254430.637   902.982   -72.01   66.18
 254806.633   876.008   -71.74   73.75
 255182.625   856.718   -51.30   80.19
 255558.615   818.341  -102.06   86.01
 255934.601   757.341  -162.23  113.79
 256310.585   667.927  -237.80  127.53
 256686.566   589.495  -208.59   99.97
 257062.545   517.764  -190.77   69.19
 257438.520   474.467  -115.15   63.29
 257814.492   405.931  -182.28   85.74
 258190.462   335.726  -186.72  103.45
 258566.429   264.392  -189.73   88.12
 258942.393   248.649   -41.87   85.53
 259318.355   269.548    55.59  125.53
 259694.313   305.623    95.95  166.23
 260070.269   313.278    20.36  174.40
 260446.221   283.649   -78.81  163.12
 260822.171   237.854  -121.80  130.50
 261198.119   183.744  -143.92   62.29
 261574.063   159.297   -65.03   40.58
 261950.004   142.469   -44.76   21.29
 262325.943   138.059   -11.73   12.92
 262701.879   136.116    -5.17    8.69
 263077.812   134.587    -4.07    7.49
 263453.743   133.656    -2.47    5.70
 263829.670   133.440    -0.58    5.38
 264205.595   133.710     0.72    4.49
 264581.517   133.101    -1.62    6.74
 264957.436   139.546    17.14   24.20
 265333.352   154.520    39.83   52.06
 265709.266   171.397    44.89   71.36
 266085.177   195.059    62.94   76.06
 266461.085   202.116    18.77   69.15
 266836.990   202.931     2.17   62.64
 267212.892   204.008     2.86   59.19
 267588.792   220.823    44.73   62.68
 267964.689   209.440   -30.28   61.03
 268340.583   189.879   -52.03   61.38
 268716.474   170.471   -51.63   59.67
 269092.362   142.386   -74.71   23.00
 269468.248   131.386   -29.26   14.13
 269844.131   122.323   -24.11    7.44
 270220.011   119.413    -7.74    5.07
 270595.889   117.467    -5.18    2.70
 270971.763   117.331    -0.36    2.52
 271347.635   116.085    -3.32    3.06
 271723.504   114.726    -3.62    3.82
 272099.370   113.397    -3.54    4.42
 272475.234   112.033    -3.63    3.64
 272851.095   110.494    -4.09    4.17
 273226.953   109.520    -2.59    4.49
 273602.808   109.771     0.67    4.09
 273978.661   110.315     1.45    4.24
 274354.510   112.170     4.93    4.02
 274730.357   113.392     3.25    3.40
 275106.202   112.458    -2.49    3.95
 275482.043   111.980    -1.27    3.89
 275857.882   111.062    -2.44    3.67
 276233.718   111.440     1.01    3.28
 276609.551   111.764     0.86    3.46
 276985.382   111.981     0.58    3.96
 277361.210   111.647    -0.89    4.86
 277737.035   109.508    -5.69    4.94
 278112.857   109.238    -0.72    3.92
 278488.677   109.467     0.61    3.86
 278864.923   109.008    -1.22    4.47
 279241.290   108.481    -1.40    4.12
 279617.654   111.271     7.41    6.84
 279994.015   117.087    15.45   11.29
 280370.373   124.803    20.50   12.48
 280746.729   130.197    14.33   10.64
 281123.082   132.639     6.49    9.07
 281499.432   127.733   -13.04    9.28
 281875.779   121.424   -16.76    8.50
 282252.124   117.166   -11.32    8.05
 282628.466   113.981    -8.46    5.70
 283004.805   115.143     3.09    6.94
 283381.142   119.548    11.71   11.57
 283757.476   128.647    24.17   20.93
 284133.807   144.983    43.41   39.81
 284510.135   173.483    75.73   72.22
 284886.461   196.413    60.93   74.93
 285262.784   255.982   158.28  115.30
 285639.104   335.666   211.73  130.70
 286015.422   408.418   193.32  115.37
 286391.737   484.213   201.40   48.34
 286768.049   494.828    28.21   25.78
 287144.358   492.785    -5.43   23.39
 287520.665   486.718   -16.12   12.26
 287896.969   487.495     2.06   15.71
 288273.270   490.091     6.90   18.40
 288649.569   487.520    -6.83   18.02
 289025.865   481.455   -16.12   20.98
 289402.158   473.602   -20.87   20.65
 289778.449   463.575   -26.65   21.29
 290154.737   457.683   -15.66   24.04
 290531.022   455.572    -5.61   26.40
 290907.305   444.283   -30.00   38.36
 291283.584   430.764   -35.92   50.16
 291659.862   407.033   -63.07   64.59
 292036.136   373.166   -90.00   77.63
 292412.408   340.455   -86.93   86.55
 292788.677   281.981  -155.40   94.12
 293164.943   223.854  -154.48   91.70
 293541.207   175.397  -128.78   60.59
 293917.468   149.063   -69.98   32.54
 294293.727   157.956    23.63   43.23
 294669.983   186.897    76.91   59.88
 295046.236   212.418    67.83   70.40
 295422.486   241.674    77.75   67.73
 295798.734   269.710    74.51   62.01
 296174.979   284.467    39.22   72.01
 296551.221   289.197    12.57   80.01
 296927.461   315.982    71.19   79.18
 297303.698   328.315    32.78   75.63
 297679.933   327.143    -3.12   78.06
 298056.165   310.858   -43.28   87.77
 298432.394   277.955   -87.45   88.76
 298808.621   250.008   -74.28   75.63
 299184.844   230.008   -53.16   71.70
 299561.066   222.033   -21.19   57.99
 299937.284   208.297   -36.51   42.67
 300313.500   197.091   -29.78   50.17
 300689.714   181.444   -41.59   50.09
 301065.924   153.897   -73.22   45.67
 301442.132   141.597   -32.69   41.54
 301818.338   126.674   -39.67   31.86
 302194.541   114.636   -32.00   16.98
 302570.741   105.900   -23.22    5.33
 302946.938   103.521    -6.32    3.00
 303323.133   101.587    -5.14    3.48
 303699.326   100.058    -4.06    3.64
 304075.515    98.873    -3.15    3.11
 304451.702    97.733    -3.03    2.24
 304827.887    97.392    -0.90    2.05
 305204.069    98.587     3.17    3.56
 305580.248   100.089     3.99    5.70
 305956.424   101.238     3.06    6.17
 306332.598   102.059     2.18    5.55
 306708.770   102.702     1.71    5.45
 307084.938   102.879     0.47    4.15
 307461.105   103.952     2.85    7.35
 307837.268   107.244     8.75    9.41
 308213.429   108.879     4.35    8.74
 308589.587   111.289     6.41    7.80
 308965.743   107.143   -11.02    8.16
 309341.896   102.639   -11.97    5.69
 309718.047   100.467    -5.77    5.42
 310094.195    97.469    -7.97    4.58
 310470.340    96.413    -2.81    4.18
 310846.483    97.290     2.33    4.31
 311222.623    97.367     0.20    4.42
 311598.760    96.674    -1.84    4.16
 311974.895    95.927    -1.99    3.95
 312351.028    95.162    -2.03    2.76
 312727.158    95.572     1.09    2.96
 313103.285    97.452     5.00    4.23
 313479.409   102.315    12.93    9.21
 313855.531   107.548    13.91    9.58
 314231.651   112.429    12.98    8.80
 314607.768   114.546     5.63    7.66
 314983.882   110.289   -11.32    9.07
 315359.994   106.955    -8.86   10.41
 315736.103   103.692    -8.68    9.37
 316112.210   106.845     8.38   15.12
 316488.314   113.879    18.70   23.75
 316864.415   113.548    -0.88   24.20
 317240.514   109.008   -12.07   23.48
 317616.611   100.392   -22.91   13.32
 317992.705    99.495    -2.39    7.10
 318368.796   102.902     9.06    9.19
 318744.884   105.649     7.30    8.69
 319120.971   105.213    -1.16    6.38
 319497.054   104.758    -1.21    4.42
 319873.135   102.429    -6.19    5.30
 320249.214   103.143     1.90    5.84
 320625.290   104.359     3.23    6.86
 321001.363   104.546     0.50    6.87
 321377.434   102.601    -5.17    6.33
 321753.502    99.085    -9.35    6.43
 322129.568    95.469    -9.61    4.31
 322505.631    94.313    -3.07    4.01
 322881.692    95.700     3.69    5.33
 323257.750    99.224     9.37    6.47
 323633.806   102.213     7.95    5.26
 324009.859   104.692     6.59    3.30
 324385.910   105.587     2.38    2.73
 324761.958   104.902    -1.82    2.84
 325138.003   105.290     1.03    3.20
 325514.046   104.233    -2.81    4.68
 325890.087   104.305     0.19    5.94
 326266.125   105.170     2.30    7.23
 326642.160   108.060     7.69    7.19
 327018.193   110.035     5.25    6.54
 327394.223   110.035     0.00    6.44
 327770.251   109.743    -0.78    6.80
 328146.277   112.085     6.23    7.57
 328522.299   113.900     4.83    6.56
 328898.320   115.777     4.99    6.36
