-341349.610    26.096     0.00    3.68
-340973.506    26.800     1.87    3.46
-340597.402    27.554     2.00    3.10
-340221.298    28.370     2.17    3.06
-339845.192    27.949    -1.12    3.56
-339469.087    28.159     0.56    3.89
-339092.981    28.197     0.10    3.88
-338716.874    27.253    -2.51    3.59
-338340.767    26.270    -2.61    3.60
-337964.659    25.932    -0.90    3.52
-337588.551    26.885     2.53    3.45
-337212.443    27.629     1.98    3.34
-336836.334    29.003     3.65    3.92
-336460.224    28.718    -0.76    3.92
-336084.114    27.753    -2.57    3.89
-335708.003    27.629    -0.33    4.04
-335331.892    28.603     2.59    4.33
-334955.780    30.691     5.55    4.27
-334579.668    32.321     4.33    3.92
-334203.555    31.844    -1.27    4.14
-333827.442    32.028     0.49    4.51
-333451.328    30.448    -4.20    5.02
-333075.214    29.475    -2.59    4.52
-332699.099    28.712    -2.03    4.31
-332322.984    27.503    -3.21    4.03
-331946.868    27.396    -0.28    3.36
-331570.752    26.836    -1.49    2.59
-331194.635    26.321    -1.37    2.06
-330818.517    26.680     0.95    2.19
-330442.399    27.006     0.87    2.46
-330066.281    27.691     1.82    2.69
-329690.162    28.772     2.87    3.42
-329314.042    30.097     3.52    4.03
-328937.922    30.578     1.28    4.49
-328561.801    31.827     3.32    4.92
-328185.680    31.552    -0.73    5.18
-327809.558    29.680    -4.98    4.62
-327433.436    28.398    -3.41    2.70
-327057.313    27.394    -2.67    2.62
-326681.190    26.937    -1.22    2.70
-326305.066    27.002     0.17    3.06
-325928.941    27.447     1.19    3.78
-325552.816    27.908     1.22    2.91
-325176.691    28.142     0.62    2.31
-324800.564    28.070    -0.19    2.55
-324424.438    28.526     1.21    2.81
-324048.310    29.194     1.77    2.14
-323672.182    28.923    -0.72    2.34
-323296.054    27.844    -2.87    2.62
-322919.925    26.531    -3.49    2.33
-322543.795    25.834    -1.85    2.11
-322167.665    25.854     0.05    2.81
-321791.534    26.680     2.20    3.45
-321415.403    26.896     0.57    3.69
-321039.271    27.370     1.26    3.30
-320663.139    26.664    -1.88    2.95
-320287.006    26.065    -1.59    2.92
-319910.872    25.732    -0.89    2.84
-319534.738    25.781     0.13    2.80
-319158.603    25.962     0.48    2.88
-318782.468    26.313     0.93    2.84
-318406.332    25.827    -1.29    3.15
-318030.195    24.962    -2.30    2.78
-317654.058    23.761    -3.19    2.40
-317277.920    23.050    -1.89    2.49
-316901.782    22.107    -2.51    2.24
-316525.643    20.935    -3.12    2.19
-316149.503    19.988    -2.52    2.32
-315773.363    18.975    -2.69    3.22
-315397.222    17.870    -2.94    3.66
-315021.081    15.370    -6.65    5.50
-314644.939    14.091    -3.40    5.84
-314268.797    12.989    -2.93    6.31
-313892.653    12.817    -0.46    6.50
-313516.510    15.450     7.00    4.54
-313140.365    15.989     1.43    2.58
-312764.220    15.962    -0.07    2.13
-312388.075    15.637    -0.86    2.49
-312011.928    15.962     0.86    2.53
-311635.781    16.178     0.57    2.33
-311259.634    17.336     3.08    3.03
-310883.486    19.091     4.66    2.98
-310507.337    20.738     4.38    2.52
-310131.188    22.286     4.11    2.33
-309755.038    23.526     3.30    1.86
-309378.887    24.244     1.91    1.94
-309002.736    23.911    -0.89    1.79
-308626.584    23.475    -1.16    1.99
-308250.432    22.706    -2.04    1.68
-307874.278    21.947    -2.02    1.83
-307498.125    21.133    -2.16    2.34
-307121.970    20.159    -2.59    2.44
-306745.815    20.256     0.26    2.34
-306369.659    21.116     2.29    2.28
-305993.503    22.043     2.46    2.08
-305617.346    22.281     0.63    1.98
-305241.189    22.340     0.16    1.77
-304865.030    22.531     0.51    1.72
-304488.871    23.133     1.60    2.41
-304112.712    23.900     2.04    2.64
-303736.551    24.745     2.25    2.59
-303360.391    25.398     1.74    2.69
-302984.229    26.212     2.16    2.70
-302608.067    26.193    -0.05    3.12
-302231.904    25.556    -1.69    3.25
-301855.740    25.050    -1.35    3.30
-301479.576    24.205    -2.25    2.95
-301103.411    24.016    -0.50    2.66
-300727.246    24.529     1.37    2.69
-300351.080    24.647     0.31    3.33
-299974.913    24.988     0.91    3.54
-299598.745    25.219     0.61    3.65
-299222.577    25.892     1.79    4.12
-298846.408    27.043     3.06    2.77
-298470.238    26.642    -1.07    2.70
-298094.068    26.765     0.33    2.65
-297717.897    26.650    -0.30    2.31
-297341.726    28.151     3.99    2.66
-296965.553    30.028     4.99    2.62
-296589.380    30.765     1.96    3.76
-296213.207    29.988    -2.06    4.22
-295837.032    30.745     2.01   10.19
-295460.857    31.603     2.28   13.09
-295084.681    28.885    -7.23   14.00
-294708.505    28.854    -0.08   14.54
-294332.328    31.043     5.82   17.13
-293956.150    28.827    -5.89   12.23
-293579.971    30.923     5.57   11.17
-293203.792    30.937     0.04   10.92
-292827.612    28.275    -7.08    6.96
-292451.432    26.168    -5.60    3.42
-292075.250    25.800    -0.98    3.50
-291699.068    25.225    -1.53    3.25
-291322.885    25.347     0.32    3.25
-290946.702    25.791     1.18    4.19
-290570.518    27.116     3.52    2.82
-290194.333    28.370     3.33    2.65
-289818.147    28.039    -0.88    2.65
-289441.961    27.170    -2.31    3.07
-289065.774    26.575    -1.58    3.10
-288689.586    26.142    -1.15    2.66
-288313.397    26.447     0.81    2.53
-287937.208    27.151     1.87    2.79
-287561.018    28.637     3.95    3.22
-287184.828    30.286     4.38    3.95
-286808.636    31.712     3.79    4.59
-286432.444    33.086     3.65    4.50
-286056.251    33.655     1.51    3.84
-285680.058    34.002     0.92    3.96
-285303.863    33.935    -0.18    4.76
-284927.668    33.732    -0.54    4.53
-284551.472    33.817     0.23    5.05
-284175.276    34.686     2.31    5.38
-283799.078    34.503    -0.49    4.33
-283422.880    33.270    -3.28    4.12
-283046.681    31.281    -5.29    4.06
-282670.482    30.142    -3.03    4.35
-282294.282    29.988    -0.41    4.15
-281918.081    30.210     0.59    4.21
-281541.879    29.529    -1.81    4.29
-281165.676    28.881    -1.72    2.96
-280789.473    29.107     0.60    3.09
-280413.269    30.394     3.42    3.81
-280037.064    31.059     1.77    3.71
-279660.858    31.193     0.36    3.11
-279284.652    29.732    -3.88    3.02
-278908.445    27.448    -6.07    3.50
-278532.237    26.633    -2.17    3.77
-278156.028    25.423    -3.22    3.86
-277779.819    24.091    -3.54    3.56
-277403.609    23.772    -0.85    3.49
-277027.398    22.526    -3.31    3.29
-276651.186    22.309    -0.58    3.57
-276274.973    21.347    -2.56    3.62
-275898.760    21.706     0.95    3.65
-275522.546    22.631     2.46    3.36
-275146.331    24.757     5.65    3.11
-274770.164    26.043     3.42    3.00
-274394.100    26.097     0.14    2.71
-274018.035    26.860     2.03    4.86
-273641.969    26.920     0.16    6.20
-273265.903    28.091     3.11    6.93
-272889.835    29.962     4.98    8.35
-272513.767    29.800    -0.43    7.65
-272137.698    30.347     1.46    7.14
-271761.629    29.552    -2.11    6.99
-271385.558    28.603    -2.52    7.70
-271009.487    27.691    -2.43    7.59
-270633.415    27.791     0.26    8.33
-270257.342    27.610    -0.48    7.20
-269881.268    30.259     7.04    8.41
-269505.194    30.313     0.14    8.47
-269129.119    29.100    -3.22    8.40
-268753.043    26.065    -8.07    8.47
-268376.966    22.193   -10.30    5.08
-268000.888    21.559    -1.69    5.12
-267624.810    18.552    -7.99    6.31
-267248.730    18.059    -1.31    5.79
-266872.650    18.244     0.49    5.75
-266496.569    19.054     2.15    4.64
-266120.487    20.367     3.49    4.43
-265744.405    21.178     2.16    4.18
-265368.321    23.014     4.88    3.48
-264992.237    25.987     7.91    7.73
-264616.152    27.947     5.21    8.48
-264240.066    28.552     1.61    8.47
-263863.979    29.286     1.95    7.81
-263487.892    27.881    -3.74    4.67
-263111.803    28.367     1.29    3.88
-262735.714    28.961     1.58    2.84
-262359.624    28.116    -2.25    2.95
-261983.533    27.600    -1.37    3.19
-261607.441    27.881     0.75    4.80
-261231.348    26.244    -4.35    4.89
-260855.255    24.892    -3.60    4.63
-260479.160    23.159    -4.61    4.12
-260103.065    21.450    -4.55    2.11
-259726.969    20.923    -1.40    2.60
-259350.872    20.142    -2.08    2.94
-258974.775    20.449     0.82    3.23
-258598.676    20.550     0.27    3.12
-258222.577    21.364     2.16    2.35
-257846.476    22.270     2.41    2.71
-257470.375    23.107     2.22    2.77
-257094.273    23.610     1.34    2.57
-256718.170    25.151     4.10    3.31
-256342.066    26.286     3.02    4.11
-255965.962    26.296     0.03    3.82
-255589.856    26.275    -0.05    3.14
-255213.750    25.529    -1.98    2.37
-254837.643    24.975    -1.47    2.05
-254461.535    24.712    -0.70    2.05
-254085.426    24.370    -0.91    1.71
-253709.316    24.881     1.36    2.03
-253333.205    25.526     1.72    2.16
-252957.093    26.725     3.19    2.33
-252580.981    27.827     2.93    2.35
-252204.867    27.607    -0.58    2.35
-251828.753    26.864    -1.97    2.44
-251452.638    26.450    -1.10    2.35
-251076.522    26.193    -0.68    2.56
-250700.405    27.392     3.19    4.51
-250324.287    29.394     5.32    5.12
-249948.168    30.178     2.08    4.56
-249572.049    30.028    -0.40    4.12
-249195.928    29.150    -2.33    2.89
-248819.807    28.340    -2.15    2.73
-248443.685    27.317    -2.72    2.51
-248067.561    27.396     0.21    3.37
-247691.437    27.502     0.28    3.80
-247315.312    28.259     2.01    3.87
-246939.186    29.450     3.17    4.14
-246563.059    30.159     1.89    3.97
-246186.932    30.531     0.99    3.16
-245810.803    30.421    -0.29    3.01
-245434.673    29.920    -1.33    3.01
-245058.543    29.321    -1.59    4.19
-244682.411    28.193    -3.00    5.19
-244306.279    25.593    -6.91    6.47
-243930.146    22.772    -7.50    6.40
-243554.012    21.745    -2.73    6.59
-243177.876    22.151     1.08    5.91
-242801.740    24.732     6.86    8.23
-242425.603    26.691     5.21    8.16
-242049.465    30.578    10.33    9.60
-241673.327    34.296     9.88    9.19
-241297.187    37.193     7.70    8.86
-240921.046    38.097     2.40    7.39
-240544.905    39.655     4.14    7.30
-240168.762    41.186     4.07    7.65
-239792.618    41.642     1.21    7.13
-239416.474    40.935    -1.88    7.32
-239040.329    37.935    -7.98    7.21
-238664.182    34.881    -8.12    6.10
-238288.035    33.219    -4.42    5.00
-237911.887    32.899    -0.85    4.86
-237535.738    32.629    -0.72    4.09
-237159.587    31.054    -4.19    3.39
-236783.436    29.253    -4.79    4.28
-236407.284    27.603    -4.39    4.47
-236031.131    25.583    -5.37    4.94
-235654.977    24.321    -3.35    5.58
-235278.822    23.423    -2.39    6.16
-234902.666    22.193    -3.27    6.56
-234526.510    20.367    -4.85    6.64
-234150.352    18.528    -4.89    6.39
-233774.193    16.650    -4.99    6.15
-233398.033    17.753     2.93    6.37
-233021.873    18.097     0.91    6.68
-232645.711    19.664     4.17    7.57
-232269.548    21.421     4.67    7.22
-231893.385    19.340    -5.53    8.66
-231517.220    16.589    -7.31   10.06
-231141.054    12.875    -9.87    9.81
-230764.888    10.607    -6.03    7.85
-230388.720    12.745     5.69    9.00
-230012.552    14.809     5.48    9.46
-229636.382    15.159     0.93    9.54
-229260.212    14.502    -1.75    9.98
-228884.040    11.529    -7.90    9.34
-228507.868    13.116     4.22    9.92
-228131.694    13.225     0.29   10.58
-227755.520    14.923     4.51    9.87
-227379.344    17.550     6.99   10.72
-227003.168    20.828     8.71   11.45
-226626.990    26.528    15.15   12.04
-226250.812    29.070     6.76   11.18
-225874.632    28.421    -1.72   10.21
-225498.452    28.854     1.15   10.28
-225122.270    28.559    -0.78   10.60
-224746.088    29.937     3.66    9.20
-224369.904    29.783    -0.41    9.88
-223993.720    27.313    -6.57   10.20
-223617.534    25.291    -5.38    9.92
-223241.348    26.014     1.92    9.92
-222865.160    29.860    10.22   10.84
-222488.972    30.151     0.77    9.59
-222112.782    30.937     2.09    9.80
-221736.591    34.003     8.15    8.75
-221360.400    35.800     4.78    8.44
-220984.207    36.344     1.45    7.46
-220608.013    36.631     0.77    6.96
-220231.819    37.424     2.11    8.44
-219855.623    37.291    -0.35    8.88
-219479.426    36.392    -2.39    9.55
-219103.228    36.637     0.65   15.02
-218727.029    35.253    -3.68   17.12
-218350.830    35.054    -0.53   17.05
-217974.629    35.680     1.66   18.55
-217598.427    32.772    -7.73   18.05
-217222.224    25.732   -18.72    5.33
-216846.020    27.244     4.02   10.22
-216469.815    30.633     9.01   15.38
-216093.608    34.016     8.99   21.05
-215717.401    30.100   -10.41   18.67
-215341.193    21.097   -23.93   10.13
-214964.984    15.286   -15.45   10.93
-214588.773     8.962   -16.81    8.33
-214212.562     4.818   -11.01    6.60
-213836.350     5.219     1.07    6.66
-213460.136     7.014     4.77    7.18
-213083.922     8.420     3.74    7.23
-212707.706     8.080    -0.90    6.55
-212331.489     9.003     2.45    6.17
-211955.272     8.291    -1.89    6.07
-211579.053     7.809    -1.28    5.69
-211202.833     8.043     0.62    5.03
-210826.612     7.607    -1.16    5.16
-210450.390    10.054     6.51    7.22
-210074.167    16.603    17.41   13.33
-209697.943    22.394    15.39   17.12
-209321.717    27.757    14.25   16.93
-208945.491    32.014    11.31   15.52
-208569.264    32.340     0.87   17.65
-208193.035    35.772     9.12   20.64
-207816.806    35.448    -0.86   18.31
-207440.575    28.896   -17.41    7.73
-207064.343    27.834    -2.82    7.39
-206688.110    27.614    -0.58    4.84
-206311.876    25.603    -5.34    5.60
-205935.641    25.133    -1.25    5.55
-205559.405    24.559    -1.53    5.51
-205183.168    25.398     2.23    6.56
-204806.930    27.885     6.61    6.25
-204430.690    29.317     3.81    4.38
-204054.450    29.054    -0.70    5.19
-203678.208    25.937    -8.29    5.58
-203301.966    24.225    -4.55    5.52
-202925.722    23.400    -2.19    5.70
-202549.477    21.296    -5.59    5.13
-202173.231    20.104    -3.17    5.63
-201796.984    17.989    -5.62    6.04
-201420.735    17.448    -1.44    6.09
-201044.486    18.016     1.51    5.84
-200668.236    20.712     7.17    5.24
-200291.984    22.975     6.01    3.68
-199915.731    24.950     5.25    2.46
-199539.624    25.449     1.33    1.73
-199163.599    25.367    -0.22    2.33
-198787.573    24.450    -2.44    3.46
-198411.546    24.107    -0.91    3.54
-198035.517    23.817    -0.77    3.79
-197659.488    24.809     2.64    4.41
-197283.457    27.732     7.77    4.98
-196907.425    29.392     4.42    4.20
-196531.392    30.065     1.79    3.32
-196155.358    29.091    -2.59    3.22
-195779.323    27.415    -4.46    3.05
-195403.286    24.800    -6.95    4.30
-195027.249    22.772    -5.39    4.16
-194651.210    21.791    -2.61    3.97
-194275.170    21.186    -1.61    5.53
-193899.129    20.725    -1.22    6.35
-193523.087    18.885    -4.89    7.79
-193147.044    16.552    -6.20    9.05
-192771.000    13.002    -9.44    9.27
-192394.954    10.854    -5.71    7.45
-192018.907    12.370     4.03    8.04
-191642.860    15.014     7.03    9.05
-191266.811    19.313    11.43    7.03
-190890.760    21.603     6.09    6.56
-190514.709    22.642     2.76    7.24
-190138.656    24.142     3.99    6.43
-189762.603    24.244     0.27    6.11
-189386.548    22.819    -3.79    6.64
-189010.492    19.911    -7.73    7.31
-188634.435    18.637    -3.39    6.95
-188258.377    17.205    -3.81    6.56
-187882.317    16.732    -1.26    5.71
-187506.256    16.448    -0.75    5.77
-187130.194    15.911    -1.43    6.27
-186754.131    14.373    -4.09    7.68
-186378.067    13.016    -3.61    7.91
-186002.002    13.791     2.06    8.54
-185625.935    14.988     3.18    8.94
-185249.868    15.142     0.41    9.53
-184873.799    13.448    -4.50    9.62
-184497.728    11.791    -4.41    8.93
-184121.657    10.691    -2.92    8.47
-183745.585    12.070     3.67    8.21
-183369.511    12.367     0.79    7.68
-182993.436    12.163    -0.54    8.47
-182617.360    14.757     6.90   10.74
-182241.283    21.014    16.64   12.74
-181865.204    25.947    13.12   11.19
-181489.125    29.450     9.31    9.34
-181113.044    32.086     7.01    7.55
-180736.962    32.142     0.15    6.60
-180360.878    31.449    -1.84    4.75
-179984.794    31.186    -0.70    4.78
-179608.708    30.989    -0.52    4.99
-179232.621    30.398    -1.57    5.16
-178856.533    31.012     1.63    5.12
-178480.444    31.753     1.97    4.35
-178104.353    30.475    -3.40    4.22
-177728.261    31.286     2.16    4.99
-177352.168    31.313     0.07    4.98
-176976.074    30.637    -1.80    5.34
-176599.979    32.418     4.73    6.17
-176223.882    35.321     7.72    8.03
-175847.784    38.860     9.41    9.33
-175471.685    41.881     8.03    7.74
-175095.585    43.424     4.10    6.83
-174719.483    44.642     3.24    7.90
-174343.380    43.738    -2.40    8.11
-173967.276    44.809     2.85    7.49
-173591.171    45.398     1.57    8.13
-173215.065    46.448     2.79    7.49
-172838.957    45.844    -1.61    8.47
-172462.848    48.450     6.93    9.91
-172086.738    47.772    -1.80    9.06
-171710.626    49.475     4.53    9.94
-171334.513    50.881     3.74    9.37
-170958.399    52.340     3.88   11.26
-170582.284    56.286    10.49   11.33
-170206.168    59.392     8.26   11.29
-169830.050    62.552     8.40   12.78
-169453.931    61.450    -2.93   12.73
-169077.811    62.745     3.44   12.99
-168701.689    58.875   -10.29   12.57
-168325.567    54.659   -11.21   10.00
-167949.442    52.168    -6.63    8.68
-167573.317    52.394     0.60    9.50
-167197.191    51.039    -3.60    8.91
-166821.063    50.475    -1.50    8.34
-166444.934    48.448    -5.39    8.85
-166068.803    46.554    -5.04   10.57
-165692.672    46.532    -0.06   10.41
-165316.539    45.424    -2.95    9.15
-164940.405    45.065    -0.95    7.84
-164564.269    45.197     0.35    7.21
-164188.133    40.664   -12.05    5.29
-163811.995    38.070    -6.90    5.18
-163435.855    37.159    -2.42    5.78
-163059.715    36.025    -3.02    5.70
-162683.573    37.800     4.72    6.65
-162307.430    42.398    12.23    7.42
-161931.285    42.212    -0.50    8.30
-161555.140    42.949     1.96    7.82
-161178.993    41.637    -3.49    9.75
-160802.844    38.200    -9.14    9.01
-160426.695    38.291     0.24    9.68
-160050.544    37.975    -0.84   10.60
-159674.392    39.502     4.06   10.03
-159298.238    42.781     8.72    8.18
-158922.083    42.911     0.35    7.64
-158545.927    40.450    -6.54    4.39
-158169.770    39.018    -3.81    3.76
-157793.611    37.097    -5.11    4.50
-157417.451    35.394    -4.53    4.14
-157041.290    30.854   -12.07    8.22
-156665.127    24.125   -17.89   12.28
-156288.963    18.772   -14.23   13.04
-155912.798    11.014   -20.63    8.60
-155536.631     7.896    -8.29    4.67
-155160.463     9.168     3.38    5.58
-154784.294    12.178     8.00    7.51
-154408.124    14.061     5.00    6.92
-154031.952    17.002     7.82    6.54
-153655.779    19.586     6.87    7.17
-153279.604    20.691     2.94    7.00
-152903.428    21.170     1.27    7.20
-152527.251    22.313     3.04    8.09
-152151.073    24.603     6.09    8.02
-151774.893    22.687    -5.09    9.34
-151398.712    21.344    -3.57    9.03
-151022.529    21.554     0.56    9.23
-150646.345    24.559     7.99    9.18
-150270.160    29.860    14.09    7.82
-149893.973    30.502     1.71    7.22
-149517.786    32.014     4.02    6.61
-149141.596    34.116     5.59    6.67
-148765.406    33.911    -0.55    7.14
-148389.214    34.124     0.57    6.53
-148013.021    35.054     2.47    6.31
-147636.826    35.860     2.14    5.97
-147260.630    37.697     4.88    5.44
-146884.433    39.286     4.22    5.34
-146508.234    39.016    -0.72    5.59
-146132.034    40.448     3.81    5.01
-145755.832    39.923    -1.40    4.59
-145379.630    39.932     0.03    4.63
-145003.425    39.875    -0.15    3.35
-144627.220    40.107     0.62    2.67
-144251.013    40.178     0.19    3.60
-143874.805    40.168    -0.03    5.07
-143498.595    40.975     2.15    4.40
-143122.384    41.054     0.21    4.33
-142746.172    40.002    -2.80    4.25
-142369.958    39.039    -2.56    5.71
-141993.743    39.637     1.59    6.19
-141617.526    38.923    -1.90    6.22
-141241.308    37.300    -4.31    6.50
-140865.089    35.847    -3.86    6.49
-140488.869    33.070    -7.38    5.96
-140112.646    30.827    -5.96    4.18
-139736.423    29.421    -3.74    3.18
-139360.198    29.772     0.93    4.28
-138983.972    30.281     1.35    4.86
-138607.744    31.398     2.97    5.97
-138231.515    33.580     5.80    6.85
-137855.285    37.016     9.13    6.52
-137479.053    38.655     4.36    5.57
-137102.820    39.159     1.34    5.27
-136726.585    37.911    -3.32    5.83
-136350.349    38.124     0.57    6.06
-135974.112    37.732    -1.04    5.59
-135597.873    40.475     7.29    4.67
-135221.633    40.607     0.35    3.54
-134845.391    40.219    -1.03    4.11
-134469.148    39.566    -1.73    4.98
-134092.904    36.937    -6.99    6.10
-133716.658    35.367    -4.17    5.33
-133340.411    34.809    -1.48    4.97
-132964.162    35.772     2.56    5.82
-132587.912    36.392     1.65    4.15
-132211.660    37.423     2.74    4.90
-131835.407    39.725     6.12    4.96
-131459.153    40.664     2.50    4.49
-131082.897    40.116    -1.46    4.15
-130706.640    40.809     1.84    3.79
-130330.381    39.501    -3.48    5.32
-129954.121    35.097   -11.70    8.39
-129577.859    30.834   -11.33    9.67
-129201.596    25.800   -13.38    9.13
-128825.332    21.178   -12.28    7.11
-128449.066    18.745    -6.46    6.23
-128072.799    19.122     1.00    7.15
-127696.530    20.424     3.46    7.11
-127320.260    21.783     3.61    7.05
-126943.988    23.447     4.42    7.06
-126567.715    26.232     7.40    7.47
-126191.440    27.031     2.12    7.83
-125815.164    29.449     6.43    8.81
-125438.887    33.900    11.83    9.17
-125062.608    37.502     9.57    8.63
-124686.328    40.633     8.32    6.40
-124310.317    42.449     4.83    5.40
-123934.317    41.270    -3.14    6.83
-123558.316    39.691    -4.20    7.04
-123182.313    38.075    -4.30    6.48
-122806.309    38.423     0.92    5.80
-122430.304    39.124     1.87    4.74
-122054.297    37.421    -4.53    6.55
-121678.289    36.947    -1.26    6.93
-121302.279    35.988    -2.55    6.37
-120926.267    35.065    -2.45    6.10
-120550.255    35.309     0.65    5.14
-120174.240    33.580    -4.60    5.45
-119798.225    31.394    -5.81    6.04
-119422.207    29.475    -5.10    5.11
-119046.189    28.750    -1.93    4.77
-118670.168    29.151     1.07    5.01
-118294.147    29.975     2.19    5.39
-117918.124    31.738     4.69    5.78
-117542.099    31.425    -0.83    4.81
-117166.073    30.962    -1.23    3.90
-116790.045    30.475    -1.29    3.43
-116414.016    30.809     0.89    3.90
-116037.986    31.232     1.13    3.89
-115661.953    32.583     3.59    4.23
-115285.920    32.827     0.65    3.74
-114909.885    32.607    -0.58    3.70
-114533.848    32.244    -0.96    3.97
-114157.810    31.253    -2.64    4.65
-113781.770    30.270    -2.61    5.62
-113405.729    29.449    -2.18    5.79
-113029.687    29.920     1.25    6.18
-112653.643    31.765     4.91    7.27
-112277.597    32.885     2.98    6.92
-111901.550    31.923    -2.56    7.66
-111525.501    29.124    -7.44    7.37
-111149.451    26.219    -7.73    6.10
-110773.399    23.962    -6.00    3.79
-110397.346    24.775     2.16    3.80
-110021.291    25.675     2.39    3.96
-109645.235    26.161     1.29    3.54
-109269.177    27.205     2.78    2.89
-108893.118    27.286     0.22    2.60
-108517.057    28.827     4.10    4.17
-108140.995    32.896    10.82    7.71
-107764.931    35.827     7.79    7.98
-107388.866    37.075     3.32    7.00
-107012.799    37.450     1.00    6.95
-106636.730    35.448    -5.32    7.26
-106260.660    32.502    -7.84    6.68
-105884.589    29.116    -9.00    8.00
-105508.515    25.817    -8.77    8.87
-105132.441    22.975    -7.56    9.58
-104756.365    19.937    -8.08    8.11
-104380.287    18.697    -3.30    5.44
-104004.208    19.142     1.18    7.21
-103628.127    21.732     6.89    9.08
-103252.044    23.566     4.88   10.30
-102875.960    23.421    -0.39   10.53
-102499.875    22.232    -3.16   10.42
-102123.788    21.178    -2.80    9.48
-101747.699    20.580    -1.59    9.06
-101371.609    20.781     0.53    9.31
-100995.517    24.398     9.62   10.29
-100619.424    27.039     7.02    9.17
-100243.329    29.686     7.04    7.16
 -99867.233    29.313    -0.99    8.16
 -99491.135    27.054    -6.01   10.37
 -99115.035    23.116   -10.47   10.90
 -98738.934    18.503   -12.27   10.34
 -98362.831    14.398   -10.91    6.42
 -97986.727    11.920    -6.59    3.62
 -97610.621    11.712    -0.55    3.47
 -97234.514    11.578    -0.36    3.31
 -96858.405    11.600     0.06    2.90
 -96482.294    10.923    -1.80    2.84
 -96106.182    10.827    -0.26    2.51
 -95730.068    10.313    -1.37    2.41
 -95353.953     9.578    -1.95    2.16
 -94977.836     9.529    -0.13    2.00
 -94601.718     9.424    -0.28    2.15
 -94225.598     9.116    -0.82    2.43
 -93849.476     8.502    -1.63    2.58
 -93473.353     8.423    -0.21    3.34
 -93097.228     9.219     2.12    4.53
 -92721.101     9.809     1.57    4.62
 -92344.973    11.205     3.71    4.72
 -91968.843    12.370     3.10    4.81
 -91592.712    12.313    -0.15    4.04
 -91216.579    13.367     2.80    4.64
 -90840.445    13.556     0.50    4.63
 -90464.309    13.819     0.70    4.05
 -90088.171    14.168     0.93    3.87
 -89712.031    12.757    -3.75    3.06
 -89335.890    11.725    -2.74    4.00
 -88959.748    10.091    -4.35    4.18
 -88583.604     8.664    -3.79    3.50
 -88207.458     8.860     0.52    5.60
 -87831.310    10.080     3.25    7.08
 -87455.161    11.870     4.76    7.34
 -87079.011    14.745     7.64    7.64
 -86702.858    16.321     4.19    5.96
 -86326.705    17.622     3.46    5.63
 -85950.549    19.892     6.04    6.25
 -85574.392    22.002     5.61    6.91
 -85198.233    22.259     0.68    6.98
 -84822.073    20.448    -4.81    6.39
 -84445.910    19.313    -3.02    3.91
 -84069.747    19.561     0.66    3.36
 -83693.581    19.962     1.07    2.04
 -83317.414    21.552     4.23    4.06
 -82941.246    23.197     4.37    4.99
 -82565.075    23.424     0.60    5.61
 -82188.903    24.364     2.50    5.85
 -81812.730    24.423     0.16    5.93
 -81436.555    22.988    -3.81    6.02
 -81060.378    23.757     2.04    5.92
 -80684.199    25.583     4.85    6.57
 -80308.019    24.765    -2.18    6.65
 -79931.837    22.825    -5.16    6.81
 -79555.654    23.178     0.94    7.30
 -79179.468    24.054     2.33    6.74
 -78803.282    24.664     1.62    6.64
 -78427.093    23.935    -1.94    6.53
 -78050.903    20.772    -8.41    6.26
 -77674.711    19.561    -3.22    5.32
 -77298.518    19.424    -0.36    4.29
 -76922.322    19.900     1.27    3.40
 -76546.126    21.059     3.08    4.05
 -76169.927    22.050     2.64    3.48
 -75793.727    22.475     1.13    2.96
 -75417.525    23.834     3.61    3.94
 -75041.322    24.270     1.16    3.47
 -74665.116    24.791     1.38    3.28
 -74288.909    24.253    -1.43    3.48
 -73912.701    22.817    -3.82    2.74
 -73536.491    23.450     1.68    4.45
 -73160.279    23.059    -1.04    5.06
 -72784.065    22.732    -0.87    5.54
 -72407.850    21.107    -4.32    5.30
 -72031.633    18.827    -6.06    3.78
 -71655.414    18.367    -1.22    3.84
 -71279.193    18.556     0.50    4.31
 -70902.971    20.629     5.51    5.43
 -70526.748    20.091    -1.43    5.64
 -70150.522    20.691     1.60    6.21
 -69774.295    18.800    -5.03    6.78
 -69398.066    16.396    -6.39    7.63
 -69021.835    13.475    -7.76    8.37
 -68645.603     9.421   -10.78    4.60
 -68269.369     8.732    -1.83    4.07
 -67893.133     8.423    -0.82    4.31
 -67516.896     9.364     2.50    4.81
 -67140.656     9.659     0.78    4.19
 -66764.416    10.975     3.50    4.50
 -66388.173    10.655    -0.85    4.26
 -66011.929    10.757     0.27    4.24
 -65635.683    10.946     0.50    5.20
 -65259.435    12.313     3.63    5.45
 -64883.185    13.556     3.30    4.96
 -64506.934    16.232     7.11    4.82
 -64130.681    19.325     8.22    5.35
 -63754.426    22.313     7.94    5.65
 -63378.170    23.962     4.38    5.35
 -63001.912    24.398     1.16    5.50
 -62625.652    24.475     0.20    6.04
 -62249.390    24.962     1.29    5.75
 -61873.127    25.860     2.39    6.45
 -61496.862    26.738     2.33    6.58
 -61120.595    28.114     3.66    6.07
 -60744.326    28.502     1.03    5.04
 -60368.056    28.259    -0.65    4.29
 -59991.784    25.975    -6.07    5.87
 -59615.510    23.475    -6.64    6.33
 -59239.235    22.600    -2.33    6.42
 -58862.957    23.528     2.47    6.91
 -58486.678    24.232     1.87    5.79
 -58110.397    25.286     2.80    5.35
 -57734.115    23.424    -4.95    5.38
 -57357.830    23.097    -0.87    5.05
 -56981.544    23.937     2.23    5.38
 -56605.256    25.962     5.38    6.45
 -56228.967    27.501     4.09    6.86
 -55852.675    27.394    -0.28    6.44
 -55476.382    28.270     2.33    7.52
 -55100.087    30.686     6.42    6.76
 -54723.791    30.114    -1.52    6.28
 -54347.492    31.313     3.19    6.37
 -53971.192    30.947    -0.97    5.84
 -53594.890    32.394     3.84    5.80
 -53218.586    33.680     3.42    5.79
 -52842.280    34.506     2.20    5.29
 -52465.973    32.860    -4.38    4.93
 -52089.664    32.783    -0.20    4.72
 -51713.353    33.809     2.73    4.36
 -51337.040    35.398     4.22    2.85
 -50960.726    35.340    -0.15    3.11
 -50584.409    34.501    -2.23    3.14
 -50208.091    34.528     0.07    3.70
 -49831.771    34.065    -1.23    4.54
 -49455.545    34.286     0.59    4.46
 -49079.580    35.270     2.62    4.67
 -48703.612    35.450     0.48    4.94
 -48327.642    37.389     5.16    4.94
 -47951.671    37.745     0.95    4.72
 -47575.698    36.610    -3.02    4.62
 -47199.723    36.691     0.22    4.73
 -46823.746    38.205     4.03    5.82
 -46447.768    40.104     5.05    6.36
 -46071.788    41.125     2.72    5.83
 -45695.806    40.142    -2.62    5.81
 -45319.822    39.745    -1.05    5.97
 -44943.836    38.424    -3.51    5.65
 -44567.848    37.475    -2.52    5.85
 -44191.859    36.502    -2.59    6.08
 -43815.868    33.528    -7.91    5.20
 -43439.875    31.578    -5.19    5.62
 -43063.880    30.637    -2.50    6.74
 -42687.884    27.949    -7.15    6.25
 -42311.885    27.325    -1.66    7.61
 -41935.885    24.586    -7.28    7.78
 -41559.883    22.265    -6.17    7.56
 -41183.879    19.367    -7.71    6.85
 -40807.873    16.745    -6.97    5.44
 -40431.865    15.448    -3.45    5.10
 -40055.856    14.475    -2.59    4.55
 -39679.845    14.475     0.00    4.94
 -39303.832    15.219     1.98    4.85
 -38927.817    14.745    -1.26    4.62
 -38551.800    13.757    -2.63    3.62
 -38175.781    13.911     0.41    2.53
 -37799.761    14.655     1.98    2.58
 -37423.739    15.286     1.68    2.27
 -37047.714    15.091    -0.52    2.29
 -36671.688    14.725    -0.97    2.37
 -36295.661    14.080    -1.71    2.53
 -35919.631    13.629    -1.20    2.71
 -35543.599    13.652     0.06    2.93
 -35167.566    13.373    -0.74    2.98
 -34791.531    13.259    -0.30    3.41
 -34415.493    12.610    -1.72    3.55
 -34039.454    11.232    -3.67    3.38
 -33663.414    10.086    -3.05    3.47
 -33287.371     9.885    -0.53    3.09
 -32911.326    10.109     0.60    3.15
 -32535.280    11.124     2.70    2.74
 -32159.231    11.475     0.93    2.21
 -31783.181    12.265     2.10    1.93
 -31407.129    12.450     0.49    1.97
 -31031.075    12.529     0.21    2.13
 -30655.019    12.039    -1.30    2.59
 -30278.962    12.097     0.15    4.09
 -29902.902    11.016    -2.87    4.59
 -29526.841     8.772    -5.97    4.22
 -29150.777     6.858    -5.09    1.69
 -28774.712     6.629    -0.61    1.29
 -28398.645     6.552    -0.20    1.40
 -28022.576     6.892     0.90    1.63
 -27646.505     6.529    -0.96    3.61
 -27270.432     5.142    -3.69    5.13
 -26894.358     5.054    -0.23    4.87
 -26518.281     5.225     0.45    4.57
 -26142.203     5.908     1.81    3.79
 -25766.122     8.168     6.01    2.97
 -25390.040    10.580     6.42    5.01
 -25013.956    15.002    11.76    7.44
 -24637.870    19.556    12.11    7.98
 -24261.782    23.200     9.69    7.91
 -23885.692    26.448     8.64    6.84
 -23509.600    27.556     2.95    6.21
 -23133.506    27.610     0.14    5.16
 -22757.411    28.275     1.77    4.08
 -22381.313    27.603    -1.79    4.33
 -22005.214    28.219     1.64    5.50
 -21629.112    29.114     2.38    5.57
 -21253.009    29.133     0.05    5.19
 -20876.904    27.800    -3.55    5.01
 -20500.797    26.528    -3.38    3.71
 -20124.688    25.875    -1.74    2.56
 -19748.577    26.232     0.95    3.04
 -19372.464    28.475     5.96    5.80
 -18996.349    31.633     8.40    7.42
 -18620.232    35.168     9.40    7.63
 -18244.113    38.205     8.08    6.92
 -17867.993    40.125     5.11    6.81
 -17491.870    39.706    -1.11    7.35
 -17115.746    37.989    -4.57    9.29
 -16739.619    35.475    -6.68    9.19
 -16363.491    31.800    -9.77    6.85
 -15987.360    31.680    -0.32    5.80
 -15611.228    32.424     1.98    4.38
 -15235.094    31.475    -2.52    3.98
 -14858.958    31.706     0.61    3.90
 -14482.820    31.475    -0.61    4.27
 -14106.680    32.920     3.84    3.32
 -13730.537    32.629    -0.77    4.63
 -13354.393    31.317    -3.49    6.82
 -12978.248    29.526    -4.76    7.84
 -12602.100    26.502    -8.04    8.15
 -12225.950    26.425    -0.20    7.62
 -11849.798    25.854    -1.52    6.86
 -11473.644    25.150    -1.87    6.26
 -11097.488    25.834     1.82    6.70
 -10721.331    27.447     4.29    6.96
 -10345.171    30.232     7.40    6.74
  -9969.009    32.556     6.18    4.67
  -9592.846    33.205     1.72    3.68
  -9216.680    32.347    -2.28    3.39
  -8840.512    30.583    -4.69    3.62
  -8464.343    30.065    -1.38    4.54
  -8088.171    31.317     3.33    4.84
  -7711.998    30.989    -0.87    5.23
  -7335.822    27.911    -8.18    7.85
  -6959.645    24.142   -10.02    8.53
  -6583.465    20.502    -9.68    6.91
  -6207.284    19.364    -3.02    6.20
  -5831.100    22.039     7.11    6.52
  -5454.915    24.313     6.04    5.99
  -5078.728    25.244     2.48    4.68
  -4702.538    25.575     0.88    4.96
  -4326.347    24.161    -3.76    5.65
  -3950.153    20.448    -9.87    7.03
  -3573.958    16.854    -9.56    7.04
  -3197.760    14.421    -6.47    5.79
  -2821.561    13.475    -2.51    5.28
  -2445.360    13.892     1.11    5.75
  -2069.156    16.650     7.33    6.74
  -1692.951    19.219     6.83    5.70
  -1316.743    16.718    -6.65    9.71
   -940.534    10.296   -17.07   12.16
   -564.322     3.607   -17.78   10.44
   -188.109    -0.961   -12.14    5.48
    188.107     2.043     7.98    9.78
    564.324     8.603    17.44   12.35
    940.544    14.947    16.86   11.10
   1316.765    19.911    13.19    5.63
   1692.989    18.937    -2.59    3.58
   2069.215    16.225    -7.21    4.28
   2445.442    13.962    -6.02    5.45
   2821.672    15.313     3.59    8.27
   3197.904    19.765    11.83    9.85
   3574.137    26.259    17.26    6.77
   3950.373    28.364     5.60    4.08
   4326.611    30.475     5.61    5.70
   4702.851    35.578    13.56   18.33
   5079.093    37.738     5.74   20.85
   5455.337    38.080     0.91   24.45
   5831.583    33.296   -12.72   14.18
   6207.831    29.039   -11.31    9.82
   6584.081    26.908    -5.67    4.73
   6960.333    26.732    -0.47    3.13
   7336.587    26.947     0.57    2.91
   7712.843    26.834    -0.30    2.42
   8089.102    26.896     0.16    2.20
   8465.362    26.975     0.21    1.90
   8841.624    26.373    -1.60    2.35
   9217.889    26.028    -0.92    3.24
   9594.155    26.664     1.69    4.75
   9970.424    27.718     2.80    5.30
  10346.694    28.864     3.04    5.14
  10722.967    29.186     0.85    4.55
  11099.242    28.834    -0.93    4.02
  11475.519    28.908     0.20    4.32
  11851.798    29.706     2.12    5.45
  12228.079    30.757     2.79    5.66
  12604.362    32.732     5.25    4.69
  12980.647    33.281     1.46    4.12
  13356.934    31.937    -3.57    4.75
  13733.223    30.043    -5.03    4.57
  14109.515    28.637    -3.73    3.90
  14485.808    29.718     2.87    4.90
  14862.103    30.788     2.84    4.64
  15238.401    30.834     0.12    4.37
  15614.701    31.712     2.33    4.55
  15991.003    32.975     3.36    4.54
  16367.306    34.291     3.50    4.22
  16743.612    36.170     4.99    3.30
  17119.920    34.528    -4.36    3.57
  17496.231    32.988    -4.09    3.64
  17872.543    32.610    -1.00    4.08
  18248.857    31.344    -3.37    4.38
  18625.174    31.014    -0.88    4.33
  19001.492    30.911    -0.27    4.20
  19377.813    30.205    -1.88    3.70
  19754.136    30.600     1.05    3.40
  20130.461    31.097     1.32    2.88
  20506.787    32.340     3.30    3.04
  20883.117    32.962     1.65    2.96
  21259.448    33.086     0.33    3.42
  21635.781    32.732    -0.94    3.85
  22012.117    31.373    -3.61    3.65
  22388.454    30.336    -2.75    4.14
  22764.794    29.633    -1.87    4.25
  23141.136    28.253    -3.67    3.93
  23517.480    27.854    -1.06    4.41
  23893.826    28.065     0.56    4.25
  24270.174    27.259    -2.14    4.01
  24646.524    28.133     2.32    4.17
  25022.877    29.317     3.15    3.55
  25399.231    30.700     3.67    4.14
  25775.342    33.908     8.53    7.16
  26151.274    35.600     4.50    7.26
  26527.209    36.373     2.05    5.55
  26903.145    35.854    -1.38    4.00
  27279.084    34.448    -3.74    4.25
  27655.025    31.854    -6.90    4.33
  28030.968    30.975    -2.34    4.13
  28406.914    30.757    -0.58    4.18
  28782.861    30.753    -0.01    4.27
  29158.811    31.300     1.46    4.98
  29534.762    30.765    -1.42    4.64
  29910.716    29.392    -3.65    3.14
  30286.672    30.449     2.81    5.00
  30662.630    30.116    -0.88    4.79
  31038.591    29.501    -1.64    4.06
  31414.553    29.554     0.14    3.06
  31790.518    31.350     4.78    6.49
  32166.485    31.614     0.70    6.92
  32542.454    31.125    -1.30    6.83
  32918.425    31.603     1.27    7.21
  33294.398    32.247     1.71    6.90
  33670.373    35.502     8.66    8.64
  34046.351    37.962     6.54    9.20
  34422.331    39.340     3.67   10.23
  34798.313    39.600     0.69    9.57
  35174.297    39.205    -1.05    5.79
  35550.283    41.900     7.17    7.64
  35926.272    42.475     1.53    6.75
  36302.262    41.367    -2.95    5.29
  36678.255    40.159    -3.21    6.90
  37054.250    37.578    -6.87    6.22
  37430.247    36.659    -2.44    5.32
  37806.246    37.475     2.17    6.27
  38182.248    41.757    11.39    7.80
  38558.252    49.947    21.78   12.94
  38934.258    56.225    16.70   16.29
  39310.266    59.398     8.44   15.92
  39686.276    57.332    -5.49   18.56
  40062.289    50.313   -18.67   20.40
  40438.303    40.854   -25.16   11.57
  40814.320    38.554    -6.12    6.41
  41190.339    42.603    10.77   10.23
  41566.361    45.529     7.78   10.54
  41942.384    45.622     0.25    9.82
  42318.410    42.629    -7.96    8.39
  42694.438    38.054   -12.17    7.19
  43070.468    35.989    -5.49    6.31
  43446.500    35.270    -1.91    5.38
  43822.535    36.629     3.61    5.34
  44198.571    41.336    12.52   10.03
  44574.610    48.168    18.17   16.31
  44950.652    49.559     3.70   17.02
  45326.695    47.502    -5.47   18.37
  45702.741    42.937   -12.14   18.10
  46078.788    36.881   -16.10    6.91
  46454.838    37.908     2.73    7.44
  46830.891    40.043     5.68    7.94
  47206.945    41.718     4.46    6.73
  47583.002    43.296     4.19    5.63
  47959.061    41.892    -3.73    5.42
  48335.122    39.193    -7.18    6.53
  48711.186    36.988    -5.86    6.39
  49087.251    35.091    -5.05    5.28
  49463.319    33.691    -3.72    4.40
  49839.389    34.528     2.22    4.22
  50215.462    34.014    -1.37    4.04
  50591.536    33.920    -0.25    3.57
  50967.613    35.116     3.18    4.30
  51343.692    36.610     3.97    4.52
  51719.774    37.159     1.46    3.66
  52095.857    35.783    -3.66    4.66
  52471.943    33.475    -6.14    5.02
  52848.031    31.396    -5.53    4.40
  53224.122    30.607    -2.10    4.09
  53600.214    31.151     1.45    4.13
  53976.309    31.809     1.75    3.98
  54352.406    31.772    -0.10    4.12
  54728.506    31.834     0.16    4.00
  55104.607    31.834     0.00    3.94
  55480.711    31.270    -1.50    3.98
  55856.818    31.367     0.26    4.45
  56232.926    29.937    -3.80    4.19
  56609.037    30.065     0.34    4.39
  56985.150    31.142     2.86    4.49
  57361.265    31.238     0.26    4.63
  57737.383    31.124    -0.30    4.51
  58113.503    31.529     1.08    4.58
  58489.625    30.757    -2.05    4.28
  58865.749    30.600    -0.42    6.54
  59241.876    31.937     3.55    7.68
  59618.005    32.885     2.52    7.16
  59994.136    32.809    -0.20    7.36
  60370.270    31.475    -3.54    5.17
  60746.405    30.394    -2.87    4.72
  61122.543    29.706    -1.83    4.43
  61498.684    30.449     1.98    4.62
  61874.827    33.344     7.70    9.80
  62250.972    36.607     8.68   10.21
  62627.119    40.578    10.56   10.07
  63003.268    45.575    13.29   14.33
  63379.420    48.556     7.93   16.07
  63755.575    48.367    -0.50   17.12
  64131.731    43.002   -14.26   10.17
  64507.890    38.421   -12.18    7.11
  64884.051    35.421    -7.98    6.48
  65260.214    31.887    -9.40    4.36
  65636.380    31.244    -1.71    3.87
  66012.548    31.501     0.68    3.99
  66388.719    31.725     0.60    3.33
  66764.891    32.680     2.54    3.57
  67141.066    33.124     1.18    3.28
  67517.244    33.168     0.12    3.16
  67893.423    33.370     0.54    4.18
  68269.605    33.732     0.96    3.62
  68645.790    33.394    -0.90    2.78
  69021.976    31.962    -3.81    5.74
  69398.165    29.025    -7.81    7.93
  69774.356    23.725   -14.09    9.88
  70150.550    20.449    -8.71    8.89
  70526.746    17.124    -8.84    5.92
  70902.944    16.962    -0.43    6.52
  71279.145    17.286     0.86    6.63
  71655.348    16.132    -3.07    5.70
  72031.553    15.400    -1.95    6.04
  72407.761    14.296    -2.94    5.81
  72783.971    13.421    -2.32    5.62
  73160.183    15.450     5.39    7.44
  73536.398    17.583     5.67    8.66
  73912.615    18.186     1.60    9.26
  74288.834    23.757    14.81   19.55
  74665.056    20.424    -8.86   15.64
  75041.280    17.637    -7.41   11.49
  75417.506    18.291     1.74   10.24
  75793.735    18.270    -0.06    8.18
  76169.966    20.340     5.50    7.70
  76546.200    20.757     1.11    7.86
  76922.436    19.367    -3.69    8.01
  77298.674    19.124    -0.65    7.66
  77674.915    19.340     0.57    7.94
  78051.158    21.504     5.75    7.97
  78427.403    22.578     2.85    7.66
  78803.651    24.200     4.31    6.07
  79179.901    23.583    -1.64    5.33
  79556.153    22.500    -2.88    6.01
  79932.408    22.186    -0.84    7.05
  80308.665    20.603    -4.21    7.43
  80684.925    18.344    -6.01    8.77
  81061.187    16.265    -5.53    9.25
  81437.451    15.003    -3.35    8.37
  81813.718    14.475    -1.40    6.94
  82189.987    14.525     0.13    4.24
  82566.259    13.725    -2.13    3.69
  82942.533    14.193     1.24    4.05
  83318.809    14.578     1.02    4.14
  83695.088    15.691     2.96    3.37
  84071.369    17.745     5.46    3.96
  84447.653    18.340     1.58    4.73
  84823.938    19.988     4.38    8.44
  85200.227    23.065     8.18   17.58
  85576.518    23.124     0.16   20.72
  85952.811    18.725   -11.69   20.41
  86329.106    12.475   -16.61   14.48
  86705.404     7.791   -12.45    6.98
  87081.704     5.124    -7.09    5.64
  87458.007     5.091    -0.09    5.01
  87834.312     6.344     3.33    5.52
  88210.620     7.725     3.67    5.84
  88586.930     8.783     2.81    5.39
  88963.242     8.142    -1.70    5.42
  89339.557     6.706    -3.82    5.89
  89715.875     4.219    -6.61    6.66
  90092.194     2.418    -4.79    6.83
  90468.516    -0.579    -7.96    5.27
  90844.841     1.043     4.31    7.21
  91221.168     5.259    11.20   11.16
  91597.497    12.250    18.58   12.51
  91973.829    18.745    17.26   12.08
  92350.163    23.150    11.70    8.03
  92726.500    27.270    10.95    4.73
  93102.839    29.738     6.56    2.91
  93479.181    31.529     4.76    2.20
  93855.525    32.757     3.26    1.75
  94231.871    32.475    -0.75    2.04
  94608.220    32.003    -1.25    2.52
  94984.572    30.911    -2.90    2.30
  95360.925    30.253    -1.75    1.84
  95737.282    30.423     0.45    2.05
  96113.640    30.629     0.55    1.99
  96490.002    29.600    -2.73    2.23
  96866.365    29.583    -0.04    3.59
  97242.731    29.659     0.20    4.03
  97619.100    30.529     2.31    3.80
  97995.471    31.885     3.60    3.39
  98371.844    31.097    -2.10    4.07
  98748.220    30.988    -0.29    3.89
  99124.599    30.629    -0.95    3.61
  99500.980    30.296    -0.89    5.21
  99877.363    31.124     2.20    7.00
 100253.749    34.168     8.09    8.98
 100630.137    36.321     5.72    9.64
 101006.092    37.475     3.07   11.94
 101381.991    36.578    -2.39    9.82
 101757.892    37.935     3.61    9.72
 102133.796    40.344     6.41   10.34
 102509.702    45.039    12.49   11.80
 102885.611    49.069    10.72   11.22
 103261.522    52.244     8.45   11.83
 103637.436    55.501     8.66   12.71
 104013.352    62.340    18.19   19.96
 104389.270    71.603    24.64   26.85
 104765.192    80.124    22.67   31.16
 105141.115    85.014    13.01   29.43
 105517.041    92.937    21.08   26.71
 105892.970    91.607    -3.54   23.31
 106268.901    90.975    -1.68   17.30
 106644.835    93.398     6.45   19.47
 107020.771    93.091    -0.82   21.73
 107396.709    93.197     0.28   26.48
 107772.650    85.881   -19.46   30.10
 108148.594    71.583   -38.03   24.05
 108524.540    73.340     4.67   27.19
 108900.489    75.885     6.77   27.25
 109276.440    72.975    -7.74   22.51
 109652.393    68.424   -12.11   25.87
 110028.349    54.091   -38.13   28.17
 110404.308    38.420   -41.68   22.50
 110780.269    26.244   -32.38   17.13
 111156.233    19.989   -16.64    7.73
 111532.199    18.962    -2.73    5.19
 111908.168    19.791     2.20    4.65
 112284.139    21.212     3.78    4.25
 112660.112    22.259     2.78    5.18
 113036.089    22.834     1.53    5.96
 113412.067    22.065    -2.05    5.43
 113788.049    22.753     1.83    8.43
 114164.033    21.718    -2.75    8.54
 114540.019    21.881     0.43    8.61
 114916.008    21.718    -0.43    7.40
 115291.999    19.610    -5.61    4.90
 115667.993    17.799    -4.82    4.22
 116043.990    18.825     2.73    9.91
 116419.989    19.014     0.50   12.43
 116795.990    16.170    -7.56   14.90
 117171.994    10.706   -14.53   17.66
 117548.001     3.529   -19.09   14.56
 117924.010    -2.602   -16.31    9.98
 118300.022    -6.498   -10.36    7.75
 118676.036    -8.217    -4.57    7.60
 119052.053   -11.309    -8.22    5.63
 119428.072   -11.814    -1.34    5.55
 119804.094   -10.575     3.30    7.22
 120180.119    -5.268    14.11   11.28
 120556.146    -0.822    11.82   13.23
 120932.176     4.475    14.09   14.25
 121308.208    10.259    15.38   12.35
 121684.243    14.908    12.36    8.52
 122060.280    16.753     4.91    6.02
 122436.320    16.400    -0.94    6.84
 122812.362    15.450    -2.53    5.94
 123188.407    14.394    -2.81    6.11
 123564.455    13.321    -2.85    5.89
 123940.505    13.002    -0.85    5.35
 124316.558    12.528    -1.26    4.32
 124692.613    12.054    -1.26    3.66
 125068.671    10.783    -3.38    4.20
 125444.731    10.421    -0.96    4.59
 125820.794    10.212    -0.56    5.23
 126196.860     8.950    -3.36    5.68
 126572.928     7.947    -2.67    4.45
 126948.999     6.791    -3.08    3.72
 127325.072     6.394    -1.06    2.71
 127701.148     5.124    -3.38    4.82
 128077.227     3.448    -4.46    6.99
 128453.308     3.003    -1.18    8.23
 128829.392     1.732    -3.38    8.28
 129205.478     1.962     0.61    9.34
 129581.567     3.124     3.09    8.42
 129957.659     3.373     0.66    7.94
 130333.753     5.680     6.14    5.49
 130709.850     6.142     1.23    4.21
 131085.949     5.002    -3.03    5.28
 131462.051     4.911    -0.24    5.63
 131838.156     3.670    -3.30    5.65
 132214.263     0.028    -9.68    7.87
 132590.373    -2.627    -7.06    9.76
 132966.485    -3.811    -3.15   10.82
 133342.600    -4.832    -2.72   11.02
 133718.718    -1.552     8.72   14.21
 134094.838     4.908    17.17   19.14
 134470.961     5.908     2.66   10.49
 134847.087     5.892    -0.04    7.79
 135223.215     6.168     0.73    7.56
 135599.346     5.695    -1.26    8.32
 135975.479     6.070     1.00    8.61
 136351.615     6.275     0.55   10.24
 136727.754     5.870    -1.08   10.80
 137103.895     4.219    -4.39   11.25
 137480.039     0.712    -9.32   11.84
 137856.186    -1.217    -5.13   11.78
 138232.335     2.197     9.08   15.39
 138608.487     7.554    14.24   20.06
 138984.641     8.065     1.36   20.39
 139360.799     8.647     1.55   20.30
 139736.958     8.373    -0.73   23.31
 140113.121     0.168   -21.81   20.40
 140489.286     4.475    11.45   27.95
 140865.454    18.800    38.08   46.41
 141241.624    35.197    43.59   49.50
 141617.797    42.296    18.87   47.61
 141993.973    44.256     5.21   44.16
 142370.151    39.502   -12.64   39.70
 142746.332    26.321   -35.04   39.01
 143122.516    12.054   -37.93   35.53
 143498.702    -1.420   -35.82   27.44
 143874.891   -13.606   -32.40    6.91
 144251.083   -14.425    -2.18    5.59
 144627.277   -12.065     6.27    7.06
 145003.474    -9.579     6.61    6.86
 145379.674    -8.867     1.89    6.01
 145755.877    -7.108     4.68    5.61
 146132.082    -6.986     0.32    5.06
 146508.289    -7.038    -0.14    5.07
 146884.500    -6.247     2.10    4.83
 147260.713    -6.687    -1.17    5.05
 147636.929    -6.336     0.93    4.73
 148013.147    -4.972     3.62    5.16
 148389.368    -2.175     7.44    6.83
 148765.592    -1.092     2.88    6.48
 149141.819     1.398     6.62    6.55
 149518.048     2.423     2.72    6.76
 149894.280     1.633    -2.10    5.71
 150270.514    -0.309    -5.16    3.33
 150646.752    -1.475    -3.10    3.33
 151022.992    -2.998    -4.05    4.30
 151399.234    -4.803    -4.80    4.31
 151775.480    -6.741    -5.15    3.79
 152151.728    -7.136    -1.05    3.93
 152527.979    -7.576    -1.17    4.04
 152904.232    -8.474    -2.39    3.03
 153280.489    -8.553    -0.21    2.27
 153656.748    -9.038    -1.29    2.48
 154033.009    -9.255    -0.57    2.68
 154409.274    -9.579    -0.86    3.50
 154785.541    -9.325     0.68    4.03
 155161.810    -9.579    -0.68    4.03
 155538.083   -10.371    -2.11    3.57
 155914.358   -10.946    -1.53    3.10
 156290.636   -12.089    -3.04    1.87
 156666.917   -12.282    -0.51    1.91
 157043.200   -11.725     1.48    2.15
 157419.486   -10.288     3.82    3.24
 157795.775    -9.108     3.14    3.46
 158172.067    -7.525     4.21    4.10
 158548.361    -7.309     0.57    2.86
 158924.658    -6.288     2.71    2.54
 159300.958    -5.243     2.78    2.69
 159677.261    -3.931     3.49    2.45
 160053.566    -3.551     1.01    2.73
 160429.874    -3.038     1.36    2.71
 160806.185    -2.092     2.51    2.02
 161182.498    -1.397     1.85    1.85
 161558.815    -0.741     1.74    1.81
 161935.134    -0.397     0.92    1.92
 162311.456    -0.038     0.95    1.92
 162687.780    -0.243    -0.55    1.97
 163064.107    -0.633    -1.04    2.02
 163440.437    -0.576     0.15    1.73
 163816.770     0.107     1.81    2.64
 164193.106     1.836     4.60    4.09
 164569.444     2.908     2.85    4.93
 164945.785     4.892     5.27    5.93
 165322.129     5.745     2.27    5.81
 165698.476     7.039     3.44    5.74
 166074.825     7.444     1.08    5.28
 166451.177     5.885    -4.14    4.66
 166827.532     5.373    -1.36    2.82
 167203.890     6.559     3.15    1.90
 167580.250     7.039     1.28    1.93
 167956.614     7.745     1.88    1.48
 168332.980     8.219     1.26    1.96
 168709.349     8.706     1.29    2.15
 169085.720     9.028     0.86    2.13
 169462.095     9.554     1.40    1.58
 169838.472     9.629     0.20    1.73
 170214.852     9.680     0.14    2.12
 170591.234     9.503    -0.47    2.55
 170967.620     9.232    -0.72    2.59
 171344.008     7.637    -4.24    3.24
 171720.399     6.583    -2.80    3.64
 172096.793     4.340    -5.96    3.84
 172473.190     3.534    -2.14    3.95
 172849.590     2.347    -3.15    4.11
 173225.992     1.757    -1.57    4.32
 173602.397     2.086     0.87    4.88
 173978.805     1.834    -0.67    4.68
 174355.216     1.610    -0.59    4.12
 174731.629     0.398    -3.22    4.26
 175108.046    -1.183    -4.20    4.18
 175484.465    -3.140    -5.20    4.39
 175860.787    -5.633    -6.62    3.30
 176236.658    -7.679    -5.44    3.61
 176612.532    -9.744    -5.50    3.88
 176988.409   -10.608    -2.30    4.19
 177364.288   -11.741    -3.01    4.30
 177740.171   -12.687    -2.52    4.93
 178116.056   -12.768    -0.22    4.97
 178491.944   -12.282     1.29    4.73
 178867.835   -10.239     5.43    5.04
 179243.728    -8.525     4.56    4.59
 179619.625    -6.243     6.07    4.71
 179995.524    -5.336     2.41    4.16
 180371.426    -3.345     5.29    3.88
 180747.331    -1.498     4.92    3.80
 181123.239     0.265     4.69    3.96
 181499.150     3.317     8.12    3.81
 181875.063     5.091     4.72    3.47
 182250.979     6.664     4.19    2.28
 182626.899     7.238     1.53    1.94
 183002.821     7.025    -0.57    1.88
 183378.745     6.920    -0.28    1.81
 183754.673     6.738    -0.48    1.69
 184130.603     6.691    -0.12    2.21
 184506.537     6.313    -1.01    2.13
 184882.473     6.854     1.44    2.28
 185258.412     7.197     0.91    2.31
 185634.354     7.700     1.34    2.13
 186010.299     7.373    -0.87    2.78
 186386.246     6.935    -1.17    2.94
 186762.197     6.732    -0.54    3.86
 187138.150     6.186    -1.45    5.02
 187514.106     5.344    -2.24    4.72
 187890.065     4.554    -2.10    4.89
 188266.027     3.321    -3.28    4.01
 188641.992     3.070    -0.67    2.24
 189017.959     2.975    -0.25    2.87
 189393.930     2.373    -1.60    3.22
 189769.903     2.253    -0.32    3.68
 190145.880     2.347     0.25    3.37
 190521.859     3.989     4.37    3.69
 190897.841     5.016     2.73    2.87
 191273.826     6.340     3.52    2.59
 191649.813     6.892     1.47    2.71
 192025.804     6.655    -0.63    2.58
 192401.797     5.347    -3.48    3.35
 192777.794     3.159    -5.82    3.93
 193153.793     0.809    -6.25    2.98
 193529.795     0.680    -0.34    3.30
 193905.800     0.911     0.61    3.37
 194281.808     1.296     1.02    3.51
 194657.819    -0.012    -3.48    3.41
 195033.833    -1.858    -4.91    4.03
 195409.849    -4.341    -6.60    4.57
 195785.869    -6.012    -4.45    4.44
 196161.891    -6.496    -1.29    5.44
 196537.917    -5.499     2.65    5.56
 196913.945    -5.282     0.58    5.78
 197289.976    -5.606    -0.86    4.50
 197666.010    -5.092     1.37    3.26
 198042.047    -3.941     3.06    3.54
 198418.087    -2.422     4.04    3.65
 198794.130    -0.842     4.20    3.74
 199170.175     0.691     4.08    3.95
 199546.224     1.750     2.82    3.03
 199922.275     2.580     2.21    2.85
 200298.330     3.450     2.31    2.15
 200674.387     4.659     3.22    1.98
 201050.448     4.937     0.74    2.04
 201426.511     5.281     0.91    1.97
 201802.577     5.396     0.31    1.67
 202178.646     4.860    -1.43    2.18
 202554.718     4.361    -1.33    2.69
 202930.793     3.988    -0.99    3.44
 203306.871     2.765    -3.25    3.55
 203682.952     1.935    -2.21    3.15
 204059.035     1.313    -1.65    3.30
 204435.122     0.197    -2.97    3.10
 204811.212    -0.243    -1.17    3.38
 205187.304    -1.305    -2.83    3.89
 205563.400    -1.822    -1.37    4.43
 205939.498    -1.191     1.68    4.43
 206315.599     0.002     3.17    4.07
 206691.704     1.732     4.60    4.04
 207067.811     4.556     7.51    3.24
 207443.921     5.732     3.13    2.50
 207820.035     6.908     3.13    1.95
 208196.151     7.259     0.93    1.96
 208572.270     7.633     0.99    2.09
 208948.392     8.561     2.47    1.79
 209324.517     9.039     1.27    1.43
 209700.645     9.296     0.68    1.32
 210076.776     9.336     0.11    1.17
 210452.910     9.394     0.15    1.12
 210829.047     9.170    -0.60    1.12
 211205.187     9.002    -0.45    1.27
 211581.329     9.100     0.26    1.66
 211957.475     9.178     0.21    1.90
 212333.624     8.911    -0.71    2.07
 212709.776     8.896    -0.04    2.63
 213085.930     8.554    -0.91    2.38
 213462.088     8.070    -1.29    2.25
 213838.249     7.975    -0.25    1.74
 214214.413     7.844    -0.35    1.81
 214590.579     7.935     0.24    1.74
 214966.749     7.881    -0.14    1.66
 215342.922     8.114     0.62    1.29
 215719.097     8.398     0.76    1.24
 216095.276     8.039    -0.95    1.54
 216471.458     7.614    -1.13    1.97
 216847.642     6.529    -2.88    2.73
 217223.830     5.529    -2.66    2.83
 217600.020     4.291    -3.29    3.09
 217976.214     3.275    -2.70    3.24
 218352.411     2.421    -2.27    2.92
 218728.610     2.501     0.21    2.89
 219104.813     2.791     0.77    2.86
 219481.019     3.501     1.89    2.24
 219857.227     3.475    -0.07    2.29
 220233.439     1.550    -5.12    3.76
 220609.654    -0.920    -6.57    4.43
 220985.871    -3.247    -6.19    3.56
 221362.092    -4.552    -3.47    3.35
 221738.316    -4.108     1.18    3.46
 222114.543    -3.627     1.28    4.06
 222490.772    -2.397     3.27    4.69
 222867.005    -0.325     5.51    3.60
 223243.241     1.394     4.57    3.07
 223619.480     2.151     2.01    2.47
 223995.722     2.745     1.58    2.41
 224371.967     3.125     1.01    2.21
 224748.215     2.340    -2.09    3.22
 225124.466    -0.077    -6.43    4.46
 225500.720    -2.946    -7.62    3.93
 225876.977    -4.559    -4.29    3.74
