-331912.650   519.614     0.00   61.24
-331536.718   519.906     0.78   55.23
-331160.782   526.277    16.95   63.67
-330784.845   538.675    32.98   80.16
-330408.905   541.061     6.35   81.39
-330032.962   510.558   -81.13   78.40
-329657.017   478.934   -84.11   49.76
-329281.069   466.404   -33.33   27.92
-328905.119   471.845    14.47   31.56
-328529.167   480.665    23.46   32.85
-328153.211   489.855    24.44   34.64
-327777.254   501.583    31.19   34.91
-327401.293   505.709    10.97   28.36
-327025.331   501.083   -12.30   30.07
-326649.365   479.776   -56.67   32.25
-326273.398   455.840   -63.66   27.53
-325897.427   446.107   -25.89   27.03
-325521.454   432.224   -36.92   27.93
-325145.479   414.358   -47.52   33.91
-324769.501   386.056   -75.27   41.22
-324393.521   366.942   -50.83   36.56
-324017.538   361.039   -15.70   38.93
-323641.552   359.583    -3.87   40.34
-323265.564   370.329    28.58   42.33
-322889.573   368.625    -4.53   35.18
-322513.580   376.682    21.43   39.12
-322137.584   378.006     3.52   35.23
-321761.586   384.942    18.45   31.35
-321385.585   405.694    55.19   27.32
-321009.582   429.980    64.58   50.58
-320633.576   477.331   125.93   75.52
-320257.567   524.953   126.64   62.80
-319881.556   540.404    41.09   43.33
-319505.543   530.279   -26.93   44.99
-319129.527   507.942   -59.40   39.79
-318753.508   489.013   -50.34   29.63
-318377.487   499.083    26.78   36.16
-318001.463   516.712    46.88   43.71
-317625.436   532.169    41.10   48.19
-317249.407   537.994    15.49   37.60
-316873.376   524.378   -36.21   42.02
-316497.342   497.814   -70.64   43.13
-316121.305   470.115   -73.66   25.64
-315745.266   461.840   -22.00   17.45
-315369.224   466.224    11.66   20.76
-314993.179   476.083    26.22   19.66
-314617.132   485.601    25.31   20.68
-314241.083   487.845     5.96   23.22
-313865.030   482.196   -15.02   24.81
-313488.976   470.145   -32.04   29.30
-313112.918   456.050   -37.48   16.76
-312736.858   459.625     9.51   19.49
-312360.796   470.697    29.44   30.38
-311984.731   484.304    36.18   31.11
-311608.663   491.635    19.49   28.29
-311232.593   491.145    -1.30   33.80
-310856.520   479.408   -31.21   39.17
-310480.444   480.434     2.73   45.76
-310104.366   486.224    15.40   49.03
-309728.285   511.926    68.34   54.29
-309352.202   534.455    59.90   47.14
-308976.116   552.300    47.45   38.29
-308600.027   572.361    53.34   38.54
-308223.936   575.385     8.04   37.74
-307847.842   592.628    45.85   26.19
-307471.746   593.953     3.52   20.85
-307095.647   586.791   -19.04   19.76
-306719.545   585.621    -3.11   19.04
-306343.441   587.575     5.19   23.86
-305967.334   596.224    22.99   29.69
-305591.225   606.899    28.38   24.94
-305215.113   614.737    20.84   16.55
-304838.998   614.408    -0.88   17.44
-304462.880   602.803   -30.85   27.99
-304086.760   583.953   -50.11   43.51
-303710.638   567.532   -43.66   46.27
-303334.513   545.556   -58.43   36.95
-302958.385   534.199   -30.19   26.46
-302582.254   532.350    -4.91   20.66
-302206.121   540.250    21.00   21.38
-301829.985   543.250     7.98   21.80
-301453.847   543.899     1.72   31.74
-301077.705   551.601    20.48   38.29
-300701.562   551.520    -0.22   42.67
-300325.415   540.889   -28.26   48.53
-299949.266   541.000     0.30   47.41
-299573.115   530.635   -27.55   50.31
-299196.960   517.953   -33.71   56.47
-298820.803   486.224   -84.34   55.68
-298444.644   461.776   -64.99   44.33
-298068.481   449.686   -32.14   29.09
-297692.316   448.655    -2.74   23.35
-297316.149   458.122    25.16   21.86
-296939.978   466.389    21.98   21.67
-296563.805   471.592    13.83   24.54
-296187.630   464.600   -18.59   30.12
-295811.451   454.129   -27.83   35.30
-295435.270   437.917   -43.09   42.50
-295059.087   414.034   -63.48   43.27
-294682.900   401.574   -33.12   35.04
-294306.711   388.358   -35.13   26.84
-293930.520   382.000   -16.90   26.32
-293554.325   380.481    -4.04   28.01
-293178.128   376.096   -11.65   25.14
-292801.929   369.764   -16.83   21.15
-292425.726   374.276    11.99   21.39
-292049.521   373.686    -1.57   21.39
-291673.313   378.814    13.63   23.55
-291297.103   389.493    28.38   29.88
-290920.890   405.481    42.49   33.80
-290544.674   412.115    17.63   31.68
-290168.455   413.145     2.74   32.27
-289792.234   411.539    -4.27   30.04
-289416.010   421.031    25.23   32.07
-289039.783   438.301    45.90   30.38
-288663.554   453.987    41.69   25.86
-288287.322   459.500    14.65   28.78
-287911.087   459.034    -1.24   34.06
-287534.850   453.278   -15.30   37.59
-287158.610   451.487    -4.76   38.07
-286782.367   442.591   -23.64   43.77
-286406.121   431.520   -29.42   44.93
-286029.873   420.917   -28.18   40.88
-285653.622   416.250   -12.40   36.72
-285277.368   408.506   -20.58   35.75
-284901.112   408.034    -1.26   34.64
-284524.852   411.725     9.81   35.87
-284148.591   423.277    30.70   35.30
-283772.326   433.764    27.87   33.69
-283396.059   442.872    24.21   35.96
-283019.788   456.364    35.86   37.53
-282643.516   469.378    34.58   39.86
-282267.240   484.917    41.29   32.71
-281890.962   501.972    45.32   25.28
-281514.681   514.358    32.91   20.09
-281138.397   522.056    20.46   23.17
-280762.111   528.618    17.44   22.93
-280385.821   529.525     2.41   18.02
-280009.529   534.358    12.84   20.04
-279633.235   553.404    50.61   41.10
-279256.937   576.461    61.27   46.84
-278880.637   587.224    28.60   41.89
-278504.334   592.412    13.79   38.38
-278128.028   610.250    47.40   53.03
-277751.720   652.671   112.72   84.88
-277375.409   703.358   134.69   99.43
-276999.095   744.926   110.45   85.67
-276622.778   738.307   -17.59  107.02
-276246.459   685.763  -139.62  128.07
-275870.136   608.891  -204.26  101.75
-275493.811   553.421  -147.39   61.67
-275117.484   511.196  -112.20   49.39
-274741.153   478.466   -86.97   44.41
-274364.820   440.791  -100.11   46.25
-273988.484   408.950   -84.60   41.47
-273612.145   388.791   -53.56   25.20
-273235.803   391.961     8.42   21.76
-272859.459   398.697    17.90   23.11
-272483.112   402.814    10.94   20.47
-272106.762   407.601    12.72   21.24
-271730.409   411.900    11.42   25.59
-271354.053   422.829    29.04   28.02
-270977.695   434.889    32.04   20.48
-270601.334   438.115     8.57   22.52
-270224.970   433.083   -13.37   27.51
-269848.603   428.224   -12.91   33.91
-269472.234   420.942   -19.35   34.99
-269095.862   417.781    -8.40   33.11
-268719.487   417.013    -2.04   30.87
-268343.109   416.142    -2.31   28.88
-267966.728   414.385    -4.67   24.93
-267590.345   417.558     8.43   22.89
-267213.959   427.250    25.75   21.20
-266837.570   443.327    42.71   27.78
-266461.313   457.250    37.00   32.62
-266085.483   475.891    49.60   34.67
-265709.649   487.872    31.88   32.82
-265333.813   500.173    32.73   32.37
-264957.974   506.609    17.12   29.86
-264582.132   508.778     5.77   30.16
-264206.287   514.682    15.71   27.19
-263830.440   521.250    17.47   34.18
-263454.589   519.493    -4.67   35.17
-263078.736   519.532     0.10   39.69
-262702.880   519.462    -0.19   38.65
-262327.022   518.353    -2.95   44.70
-261951.160   531.197    34.17   55.91
-261575.296   533.639     6.50   47.53
-261199.428   546.173    33.35   54.09
-260823.558   560.304    37.59   72.94
-260447.685   560.891     1.56   75.64
-260071.810   572.173    30.01   91.64
-259695.931   592.635    54.43  108.14
-259320.050   602.803    27.05  140.75
-258944.166   619.700    44.95  154.67
-258568.279   627.276    20.15  147.14
-258192.389   616.167   -29.55  121.29
-257816.496   627.709    30.71  105.18
-257440.601   639.169    30.48   88.55
-257064.702   632.845   -16.82   61.90
-256688.801   637.942    13.56   51.36
-256312.897   652.456    38.61   39.11
-255936.990   688.045    94.67   62.14
-255561.080   752.882   172.47  101.79
-255185.168   857.083   277.18  143.36
-254809.252   966.737   291.68  130.56
-254433.334  1046.007   210.86   84.19
-254057.413  1076.737    81.74   47.33
-253681.489  1076.197    -1.44   39.34
-253305.562  1069.609   -17.52   38.06
-252929.632  1051.493   -48.19   51.33
-252553.700  1035.429   -42.73   59.00
-252177.764  1006.125   -77.95   74.23
-251801.826   981.861   -64.54   84.42
-251425.885   956.385   -67.76   71.57
-251049.941   951.493   -13.01   58.10
-250673.994   956.980    14.59   51.06
-250298.044   979.908    60.98   44.85
-249922.092   997.450    46.66   29.39
-249546.136  1001.725    11.37   26.55
-249170.178  1003.250     4.06   29.02
-248794.216  1004.493     3.31   33.44
-248418.252  1011.788    19.40   38.69
-248042.285  1015.224     9.14   31.44
-247666.315  1014.382    -2.24   20.49
-247290.342  1009.776   -12.25   23.32
-246914.367  1001.250   -22.68   26.58
-246538.388   987.439   -36.73   31.59
-246162.407   982.891   -12.10   36.57
-245786.422   976.550   -16.86   37.42
-245410.435   978.167     4.30   31.07
-245034.445   971.142   -18.68   30.17
-244658.452   957.493   -36.30   27.74
-244282.456   959.250     4.67   32.61
-243906.457   957.628    -4.31   34.38
-243530.455   949.336   -22.05   43.34
-243154.451   940.575   -23.30   44.94
-242778.443   926.355   -37.82   37.85
-242402.433   920.250   -16.24   31.11
-242026.419   928.250    21.27   33.97
-241650.403   944.697    43.74   40.45
-241274.384   969.776    66.69   42.81
-240898.361   999.434    78.87   42.52
-240522.336  1021.224    57.95   48.63
-240146.308  1046.628    67.56   57.60
-239770.278  1078.660    85.18   88.49
-239394.244  1125.975   125.82  111.06
-239018.207  1188.336   165.83  108.64
-238642.167  1218.709    80.77   98.71
-238266.125  1217.845    -2.30  102.87
-237890.079  1203.277   -38.74   93.52
-237514.031  1165.466  -100.54   80.93
-237137.979  1125.944  -105.09   66.68
-236761.925  1096.750   -77.63   58.75
-236385.868  1073.840   -60.92   46.97
-236009.808  1073.655    -0.49   39.30
-235633.745  1078.019    11.60   42.83
-235257.678  1094.671    44.28   42.92
-234881.609  1111.122    43.74   33.09
-234505.538  1113.250     5.66   30.05
-234129.463  1119.045    15.41   35.16
-233753.385  1126.806    20.63   46.24
-233377.304  1148.814    58.52   57.79
-233001.220  1167.650    50.08   63.78
-232625.133  1176.050    22.33   49.46
-232249.044  1202.196    69.52   60.88
-231872.951  1232.385    80.27   72.43
-231496.856  1272.088   105.56   80.31
-231120.757  1325.655   142.42   71.44
-230744.656  1353.667    74.47   55.57
-230368.551  1345.147   -22.65   55.95
-229992.444  1326.712   -49.02   57.99
-229616.333  1301.329   -67.48   40.45
-229240.220  1274.071   -72.47   28.62
-228864.104  1256.532   -46.63   41.03
-228487.984  1220.378   -96.12   75.89
-228111.862  1182.980   -99.43   73.08
-227735.737  1159.071   -63.56   64.17
-227359.608  1113.306  -121.67   79.01
-226983.477  1064.961  -128.53  123.77
-226607.343   979.825  -226.33  172.02
-226231.206   883.688  -255.58  168.27
-225855.066   812.071  -190.39  181.56
-225478.922   728.250  -222.83  194.49
-225102.776   671.115  -151.89  162.04
-224726.627   617.115  -143.55  116.87
-224350.475   585.972   -82.79  104.98
-223974.320   589.583     9.60  100.64
-223598.162   573.224   -43.49   92.90
-223222.001   582.276    24.06   97.22
-222845.836   654.301   191.46  128.01
-222469.669   744.147   238.84  168.24
-222093.499   848.635   277.75  176.38
-221717.326   957.223   288.65  161.32
-221341.150  1025.942   182.67  132.58
-220964.971  1074.061   127.91   78.00
-220588.789  1091.039    45.13   53.19
-220212.603  1065.329   -68.34   51.69
-219836.415  1035.812   -78.46   31.09
-219460.224  1009.532   -69.86   47.31
-219084.030   971.487  -101.13   79.46
-218707.833   936.806   -92.18   83.90
-218331.632   907.466   -77.98   54.34
-217955.429   913.806    16.85   59.12
-217579.223   956.934   114.64   63.33
-217203.013   972.775    42.10   58.70
-216826.801   983.007    27.20   59.35
-216450.586   994.788    31.31   48.73
-216074.367   978.429   -43.48   46.97
-215698.146   956.891   -57.25   48.38
-215321.921   957.329     1.16   49.16
-214945.694   976.250    50.29   68.38
-214569.463  1005.385    77.44   72.02
-214193.229  1027.547    58.90   49.23
-213816.993  1017.304   -27.22   50.49
-213440.753  1003.485   -36.73   45.60
-213064.510   989.353   -37.56   32.85
-212688.265   989.276    -0.20   28.35
-212312.016   999.611    27.47   23.12
-211935.764   998.926    -1.82   23.43
-211559.509   998.833    -0.25   31.40
-211183.251   991.355   -19.87   30.91
-210806.990   982.075   -24.66   31.13
-210430.726   980.872    -3.20   29.62
-210054.459   986.455    14.84   26.10
-209678.188   999.882    35.68   31.51
-209301.915  1019.066    50.98   32.14
-208925.639  1037.493    48.97   35.83
-208549.359  1041.800    11.45   31.55
-208173.077  1038.791    -8.00   25.69
-207796.791  1037.277    -4.02   18.07
-207420.503  1036.304    -2.59   16.06
-207044.211  1041.306    13.29   21.12
-206667.916  1051.891    28.13   30.41
-206291.618  1062.686    28.69   38.43
-205915.317  1075.879    35.06   36.27
-205539.013  1085.791    26.34   29.43
-205162.706  1095.142    24.85   27.19
-204786.396  1103.303    21.69   23.89
-204410.083  1106.225     7.77   20.53
-204033.766  1110.088    10.26   21.62
-203657.447  1106.429    -9.72   20.30
-203281.124  1097.776   -22.99   21.65
-202904.799  1095.814    -5.21   19.76
-202528.470  1089.953   -15.57   17.97
-202152.138  1092.850     7.70   17.89
-201775.803  1097.434    12.18   16.75
-201399.465  1101.000     9.47   17.63
-201023.124  1103.818     7.49   17.91
-200646.780  1107.750    10.45   16.23
-200270.432  1103.865   -10.32   16.97
-199894.082  1106.968     8.24   16.81
-199517.728  1114.450    19.88   18.70
-199141.372  1117.061     6.94   20.86
-198765.012  1119.088     5.39   21.74
-198388.649  1116.709    -6.32   22.30
-198012.283  1113.575    -8.33   19.70
-197635.914  1112.466    -2.95   18.75
-197259.542  1122.609    26.95   30.86
-196883.166  1130.840    21.87   39.15
-196506.788  1137.865    18.67   46.16
-196130.406  1145.142    19.33   51.07
-195754.021  1144.500    -1.71   50.47
-195377.634  1146.434     5.14   47.12
-195001.243  1139.444   -18.57   44.30
-194624.848  1130.845   -22.85   49.89
-194248.451  1128.601    -5.96   65.67
-193872.051  1131.513     7.74   78.82
-193495.647  1123.404   -21.54   74.58
-193119.241  1122.344    -2.82   61.31
-192742.831  1136.776    38.34   67.69
-192366.418  1166.818    79.81   88.32
-191990.002  1226.764   159.25   98.67
-191613.582  1267.353   107.82  102.11
-191237.498  1296.250    76.83   92.39
-190861.699  1269.250   -71.84  102.60
-190485.897  1209.455  -159.11  114.63
-190110.091  1149.814  -158.70   89.63
-189734.283  1115.736   -90.67   42.89
-189358.471  1133.763    47.96   66.82
-188982.656  1168.276    91.83   81.56
-188606.838  1211.417   114.79   82.22
-188231.017  1218.953    20.05   81.75
-187855.193  1212.277   -17.76   83.91
-187479.365  1208.382   -10.36   78.97
-187103.535  1204.199   -11.13   74.08
-186727.701  1203.188    -2.69   66.92
-186351.864  1205.171     5.28   64.09
-185976.024  1192.224   -34.45   59.12
-185600.181  1194.115     5.03   36.42
-185224.335  1195.840     4.59   29.54
-184848.485  1200.764    13.10   27.84
-184472.632  1205.763    13.30   27.77
-184096.776  1201.635   -10.98   29.07
-183720.917  1190.660   -29.20   27.60
-183345.055  1184.628   -16.05   27.01
-182969.190  1172.199   -33.07   23.13
-182593.321  1158.327   -36.90   31.85
-182217.449  1139.556   -49.94   43.99
-181841.574  1117.304   -59.20   37.23
-181465.696  1091.385   -68.95   34.42
-181089.815  1080.115   -29.98   32.46
-180713.930  1073.147   -18.54   36.20
-180338.043  1065.719   -19.76   52.72
-179962.152  1032.039   -89.59   97.51
-179586.258   977.066  -146.24  114.75
-179210.360   887.250  -238.93  110.81
-178834.460   826.788  -160.84   80.75
-178458.556   801.034   -68.51   47.09
-178082.649   809.019    21.24   39.29
-177706.739   835.737    71.07   35.57
-177330.826   866.650    82.23   45.98
-176954.910   893.908    72.51   51.84
-176578.990   922.481    76.00   49.58
-176203.067   937.147    39.01   47.50
-175827.141   938.528     3.67   56.16
-175451.212   939.115     1.56   63.49
-175075.279   937.709    -3.74   69.08
-174699.343   946.196    22.57   85.19
-174323.404   943.147    -8.11   85.44
-173947.462   925.426   -47.14   67.10
-173571.517   935.500    26.79   67.77
-173195.568   935.039    -1.22   72.82
-172819.616   922.333   -33.80   61.69
-172443.661   930.712    22.28   72.63
-172067.703   935.872    13.72   96.34
-171691.742   934.122    -4.65   99.00
-171315.777   951.327    45.76  104.75
-170939.809   969.660    48.76   97.93
-170563.838   996.803    72.19  113.07
-170187.863  1056.455   158.65  124.26
-169811.885  1105.301   129.91  118.62
-169435.904  1133.750    75.66   98.22
-169059.920  1152.655    50.28   76.99
-168683.933  1181.439    76.55   62.58
-168307.942  1202.466    55.92   58.13
-167931.948  1198.712    -9.99   64.62
-167555.951  1196.221    -6.62   88.82
-167179.951  1166.800   -78.25  114.04
-166803.947  1129.750   -98.53  125.96
-166427.940  1114.333   -41.00  113.76
-166051.930  1145.404    82.63  120.54
-165675.917  1200.655   146.93  122.37
-165299.900  1274.301   195.85  117.56
-164923.880  1336.618   165.72   84.40
-164547.857  1382.481   121.96   65.00
-164171.830  1409.645    72.24   60.62
-163795.801  1416.429    18.04   51.49
-163419.768  1415.900    -1.41   47.53
-163043.731  1389.861   -69.24   48.60
-162667.692  1359.764   -80.04   63.86
-162291.649  1284.628  -199.80  139.19
-161915.603  1190.709  -249.74  183.13
-161539.553  1083.618  -284.77  210.82
-161163.501   982.221  -269.63  194.96
-160787.445   924.825  -152.62  176.98
-160411.386   920.750   -10.84  169.85
-160035.323   963.007   112.36  162.41
-159659.257  1028.455   174.03  151.19
-159283.188  1085.513   151.72  116.79
-158907.116  1143.737   154.82   69.59
-158531.040  1170.434    70.99   48.30
-158154.961  1165.147   -14.06   58.26
-157778.879  1137.980   -72.24   64.15
-157402.793  1108.122   -79.39   67.96
-157026.705  1081.250   -71.45   61.07
-156650.612  1044.167   -98.60   53.88
-156274.517  1018.439   -68.40   64.42
-155898.418  1011.277   -19.04   96.43
-155522.316  1028.872    46.78   92.53
-155146.211  1035.818    18.47  101.83
-154770.102  1037.136     3.50  122.94
-154393.990   993.600  -115.75  162.44
-154017.875   918.408  -199.91  188.66
-153641.756   837.169  -215.99  198.46
-153265.634   743.737  -248.40  193.98
-152889.509   652.461  -242.67  173.94
-152513.381   603.917  -129.06  149.32
-152137.249   544.882  -156.95  129.24
-151761.114   494.712  -133.38  119.56
-151384.975   456.196  -102.39  131.00
-151008.833   391.171  -172.87  144.02
-150632.688   313.525  -206.42  128.42
-150256.539   287.279   -69.77  120.47
-149880.388   261.791   -67.76  139.26
-149504.232   240.034   -57.84  152.60
-149128.074   228.493   -30.68  135.00
-148751.912   185.142  -115.24   99.93
-148375.747   159.389   -68.46   72.37
-147999.578   175.025    41.57   77.23
-147623.406   196.763    57.78   92.37
-147247.231   227.601    81.98  103.82
-146871.053   275.712   127.89  127.41
-146494.871   299.092    62.15  130.39
-146118.685   318.671    52.04  114.11
-145742.497   340.829    58.90  114.25
-145366.305   357.353    43.92  128.19
-144990.109   413.250   148.58  166.97
-144613.911   472.829   158.37  191.26
-144237.709   499.575    71.09  194.43
-143861.503   542.139   113.14  177.28
-143485.295   527.092   -39.99  158.25
-143109.082   542.223    40.22  141.47
-142732.867   620.547   208.18  142.72
-142356.648   704.547   223.27  161.82
-141980.426   792.278   233.18  162.32
-141604.200   880.050   233.29  169.59
-141227.971   927.686   126.61  185.16
-140851.739   943.088    40.94  196.00
-140475.503   948.481    14.33  204.92
-140099.264   921.439   -71.87  209.29
-139723.022   909.329   -32.19  187.12
-139346.776   872.803   -97.08  165.19
-138970.526   832.865  -106.14  138.86
-138594.274   785.682  -125.40  129.95
-138218.018   716.618  -183.55  125.82
-137841.758   646.942  -185.17  127.04
-137465.496   623.472   -62.37  129.09
-137089.229   598.686   -65.87  133.28
-136712.960   595.277    -9.06  115.20
-136336.687   590.358   -13.07  100.64
-135960.410   538.439  -137.98  119.39
-135584.131   472.056  -176.42  157.11
-135207.847   422.125  -132.69  176.67
-134831.561   331.925  -239.70  170.09
-134455.271   259.169  -193.34  141.80
-134078.977   178.660  -213.94   95.65
-133702.680   123.566  -146.41   55.58
-133326.380   100.635   -60.94   39.91
-132950.077    87.096   -35.98   31.68
-132573.770    76.434   -28.33   25.61
-132197.459    67.412   -23.97   16.05
-131821.145    64.066    -8.89   12.18
-131444.828    61.050    -8.01   10.47
-131068.507    59.682    -3.63    7.70
-130692.183    57.950    -4.60    3.82
-130315.855    59.224     3.38    3.64
-129939.524    59.601     1.00    3.44
-129563.190    60.899     3.45    5.71
-129186.852    62.083     3.15    6.78
-128810.511    63.532     3.85    8.73
-128434.166    64.975     3.83    9.96
-128057.818    68.115     8.34   12.31
-127681.466    70.975     7.60   15.23
-127305.111    79.039    21.43   27.05
-126928.753    83.122    10.85   27.28
-126552.391    85.481     6.27   29.45
-126176.025    81.434   -10.75   27.74
-125799.657    69.408   -31.95   20.55
-125423.284    60.961   -22.44   17.20
-125046.909    50.900   -26.73   14.95
-124670.529    46.034   -12.93   11.86
-124294.147    43.500    -6.73    9.32
-123917.761    43.429    -0.19    8.44
-123541.371    43.889     1.22    6.41
-123164.978    43.466    -1.12    5.26
-122788.582    43.278    -0.50    4.54
-122412.182    42.224    -2.80    4.55
-122035.778    42.850     1.66    4.30
-121659.372    43.574     1.92    4.54
-121282.961    44.300     1.93    4.37
-120906.547    46.096     4.77    5.26
-120530.130    49.092     7.96    5.76
-120153.709    50.539     3.84    6.10
-119777.285    51.609     2.84    5.46
-119400.858    51.635     0.07    4.96
-119024.426    50.671    -2.56    4.37
-118647.992    49.725    -2.51    4.08
-118271.554    48.142    -4.21    3.19
-117895.112    46.750    -3.70    3.21
-117518.667    45.150    -4.25    2.79
-117142.218    43.821    -3.53    2.50
-116765.766    43.736    -0.23    3.16
-116389.311    43.493    -0.65    3.88
-116013.434    42.466    -2.73    4.25
-115637.669    40.660    -4.81    4.68
-115261.901    39.358    -3.47    4.10
-114886.129    38.625    -1.95    3.92
-114510.353    40.429     4.80    5.27
-114134.574    44.034     9.59    6.78
-113758.792    45.934     5.06    5.71
-113383.006    46.532     1.59    5.14
-113007.217    45.092    -3.83    6.22
-112631.424    42.671    -6.44    3.92
-112255.628    41.788    -2.35    3.21
-111879.828    41.412    -1.00    3.05
-111504.024    41.525     0.30    2.75
-111128.218    41.625     0.27    5.16
-110752.407    41.221    -1.07    5.60
-110376.593    41.034    -0.50    5.32
-110000.776    40.358    -1.80    3.53
-109624.955    40.818     1.22    3.31
-109249.131    40.975     0.42    2.66
-108873.303    40.250    -1.93    2.92
-108497.471    38.675    -4.19    2.46
-108121.636    37.712    -2.56    2.51
-107745.798    37.953     0.64    3.15
-107369.956    38.355     1.07    3.37
-106994.110    38.968     1.63    3.48
-106618.261    39.118     0.40    3.17
-106242.409    38.118    -2.66    2.96
-105866.553    36.840    -3.40    3.27
-105490.693    36.547    -0.78    2.80
-105114.830    36.900     0.94    3.52
-104738.963    38.025     2.99    3.88
-104363.093    39.821     4.78    3.72
-103987.219    41.034     3.23    3.80
-103611.342    40.899    -0.36    4.35
-103235.461    41.408     1.35    4.40
-102859.577    42.950     4.10    4.15
-102483.689    43.385     1.16    4.31
-102107.798    42.600    -2.09    4.14
-101731.903    41.891    -1.89    3.70
-101356.004    41.118    -2.06    3.07
-100980.102    40.224    -2.38    2.77
-100604.196    40.378     0.41    3.05
-100228.287    40.961     1.55    2.56
 -99852.374    43.722     7.35   13.17
 -99476.458    45.635     5.09   15.85
 -99100.538    46.845     3.22   17.82
 -98724.615    46.375    -1.25   17.74
 -98348.688    40.942   -14.45    9.49
 -97972.757    38.250    -7.16    1.76
 -97596.823    37.899    -0.93    1.92
 -97220.885    37.385    -1.37    2.19
 -96844.944    36.803    -1.55    2.75
 -96468.999    36.975     0.46    3.25
 -96093.051    36.655    -0.85    3.45
 -95717.099    35.300    -3.61    4.29
 -95341.143    34.865    -1.16    4.49
 -94965.184    34.697    -0.45    3.67
 -94589.221    34.645    -0.14    3.24
 -94213.255    35.071     1.13    3.24
 -93837.285    39.829    12.66   18.27
 -93461.311    47.083    19.29   26.68
 -93085.334    53.429    16.88   30.15
 -92709.354    56.682     8.65   29.69
 -92333.369    53.050    -9.66   24.61
 -91957.381    50.224    -7.52   19.84
 -91581.390    47.250    -7.91   13.17
 -91205.395    45.358    -5.03    9.08
 -90829.396    45.466     0.29    6.93
 -90453.394    46.355     2.36    6.61
 -90077.388    46.475     0.32    6.20
 -89701.379    46.007    -1.25    5.33
 -89325.366    46.925     2.44    6.58
 -88949.349    49.045     5.64    6.37
 -88573.329    50.592     4.11    6.05
 -88197.305    56.724    16.31   15.98
 -87821.277    85.404    76.27   63.57
 -87445.246   153.145   180.14  115.04
 -87069.211   238.806   227.80  137.61
 -86693.173   363.968   332.84  158.89
 -86317.131   509.223   386.26  141.00
 -85941.085   590.400   215.87  105.07
 -85565.036   605.224    39.42   92.31
 -85188.983   525.679  -211.52  149.13
 -84812.927   376.493  -396.70  183.83
 -84436.866   224.277  -404.76  141.79
 -84060.803   138.961  -226.86   85.80
 -83684.735    89.045  -132.73   40.05
 -83308.664    78.818   -27.19   30.64
 -82932.590    97.925    50.81   51.47
 -82556.511   128.378    80.97   64.42
 -82180.429   177.628   130.95   77.59
 -81804.344   255.224   206.32   97.31
 -81428.255   334.250   210.12  110.67
 -81052.162   441.855   286.11  135.45
 -80676.065   536.111   250.61  118.30
 -80299.965   632.686   256.77  118.52
 -79923.861   728.601   255.02  104.01
 -79547.754   791.900   168.30  104.33
 -79171.642   878.350   229.85  112.87
 -78795.528   966.536   234.46   97.17
 -78419.409  1029.034   166.16   69.74
 -78043.287  1043.142    37.51   52.77
 -77667.161  1026.566   -44.07   65.04
 -77291.032   989.891   -97.50   59.99
 -76914.899   965.601   -64.58   49.24
 -76538.762   937.762   -74.01   58.98
 -76162.622   881.994  -148.26  107.05
 -75786.477   798.439  -222.13  157.01
 -75410.330   693.122  -279.98  178.46
 -75034.178   594.224  -262.91  169.23
 -74658.023   493.968  -266.52  135.85
 -74281.864   425.111  -183.05  125.68
 -73905.702   377.019  -127.85  153.58
 -73529.536   343.196   -89.91  170.92
 -73153.366   328.455   -39.19  186.47
 -72777.192   315.650   -34.04  176.60
 -72401.015   269.621  -122.36  151.94
 -72024.834   205.980  -169.18  125.07
 -71648.649   141.791  -170.63   98.36
 -71272.461    90.115  -137.36   57.34
 -70896.269    60.013   -80.02   14.40
 -70520.073    53.917   -16.21    7.69
 -70143.874    49.860   -10.78    5.17
 -69767.671    47.583    -6.05    4.30
 -69391.464    44.385    -8.50    4.20
 -69015.253    42.096    -6.08    3.62
 -68639.039    40.224    -4.98    3.53
 -68262.821    39.276    -2.52    3.53
 -67886.600    39.013    -0.70    4.19
 -67510.374    39.609     1.58    4.90
 -67134.145    39.196    -1.10    5.42
 -66757.913    38.276    -2.45    5.56
 -66381.676    39.225     2.52    5.60
 -66005.436    38.222    -2.67    5.02
 -65629.192    39.142     2.44    4.05
 -65252.944    38.709    -1.15    4.05
 -64876.693    38.331    -1.01    6.24
 -64500.438    37.331    -2.66    6.93
 -64124.179    36.964    -0.97    7.22
 -63747.916    36.800    -0.44    7.19
 -63371.650    36.917     0.31    6.73
 -62995.380    38.628     4.55    6.08
 -62619.106    41.942     8.81    7.40
 -62242.829    44.987     8.09    6.82
 -61866.548    49.942    13.17    8.57
 -61490.263    55.250    14.11    9.24
 -61113.974    56.968     4.57    7.62
 -60737.681    58.547     4.20    6.93
 -60361.385    56.788    -4.67    8.43
 -59985.085    52.825   -10.53    9.16
 -59608.782    49.936    -7.68   10.24
 -59232.474    45.466   -11.88    9.23
 -58856.163    39.358   -16.23    6.98
 -58479.848    34.412   -13.14    5.28
 -58103.529    32.331    -5.53    3.92
 -57727.207    31.583    -1.99    3.83
 -57350.881    31.250    -0.89    4.10
 -56974.551    31.118    -0.35    4.20
 -56598.217    30.169    -2.52    3.59
 -56221.879    29.814    -0.94    2.95
 -55845.538    29.645    -0.45    2.95
 -55469.193    30.840     3.18    4.20
 -55092.844    32.618     4.73    4.99
 -54716.491    32.327    -0.77    4.80
 -54340.135    33.277     2.52    5.13
 -53963.775    32.092    -3.15    3.57
 -53587.411    33.225     3.01    4.05
 -53211.043    35.393     5.76    4.55
 -52834.672    37.882     6.61    4.40
 -52458.297    40.953     8.16    3.38
 -52081.917    42.872     5.10    2.41
 -51705.535    43.818     2.51    2.41
 -51329.148    44.611     2.11    2.51
 -50952.758    45.250     1.70    2.31
 -50576.363    44.506    -1.98    2.62
 -50199.965    43.980    -1.40    2.49
 -49823.563    43.224    -2.01    2.08
 -49447.158    43.461     0.63    1.70
 -49070.748    42.660    -2.13    3.02
 -48694.335    41.961    -1.86    3.32
 -48317.918    40.968    -2.64    3.26
 -47941.497    40.061    -2.41    2.44
 -47565.073    39.513    -1.45    2.04
 -47188.644    39.900     1.03    2.67
 -46812.212    41.583     4.47    3.33
 -46435.776    43.250     4.43    3.36
 -46059.336    44.277     2.73    3.12
 -45682.892    45.385     2.94    3.81
 -45306.445    45.061    -0.86    3.84
 -44929.994    45.194     0.35    3.41
 -44553.538    45.725     1.41    3.52
 -44177.079    45.975     0.66    3.67
 -43800.617    45.385    -1.57    4.10
 -43424.150    43.199    -5.81    4.72
 -43047.680    42.331    -2.30    4.90
 -42671.205    57.408    40.05   32.91
 -42294.727    84.301    71.43   52.02
 -41918.245   118.092    89.75   65.69
 -41541.759   156.520   102.07   69.48
 -41165.366   198.814   112.36   85.31
 -40789.638   221.900    61.44   76.89
 -40413.906   243.493    57.47   65.02
 -40038.170   235.800   -20.47   65.90
 -39662.430   200.750   -93.28   65.15
 -39286.686   162.980  -100.52   64.02
 -38910.939   122.412  -107.96   61.68
 -38535.187    92.250   -80.27   52.99
 -38159.432    71.475   -55.29   45.24
 -37783.673    72.525     2.79   56.57
 -37407.910    68.980    -9.43   53.35
 -37032.144    59.712   -24.66   38.16
 -36656.373    52.304   -19.71   25.62
 -36280.599    43.118   -24.44    9.97
 -35904.820    42.096    -2.72    6.06
 -35529.038    42.917     2.18    6.15
 -35153.252    42.682    -0.62    6.18
 -34777.463    41.301    -3.68    5.11
 -34401.669    39.000    -6.12    4.69
 -34025.871    36.628    -6.31    3.90
 -33650.070    36.275    -0.94    3.76
 -33274.265    35.628    -1.72    3.31
 -32898.456    33.655    -5.25    3.30
 -32522.643    33.547    -0.29    3.54
 -32146.826    32.650    -2.39    3.39
 -31771.005    30.850    -4.79    3.05
 -31395.181    29.404    -3.85    3.59
 -31019.352    27.845    -4.15    2.83
 -30643.520    27.173    -1.79    2.47
 -30267.684    27.466     0.78    2.70
 -29891.844    27.671     0.55    3.20
 -29516.000    26.609    -2.83    3.81
 -29140.152    24.660    -5.18    4.40
 -28764.301    21.818    -7.56    3.91
 -28388.445    20.429    -3.69    2.74
 -28012.586    20.201    -0.61    3.17
 -27636.722    19.083    -2.97    3.80
 -27260.855    19.803     1.91    4.22
 -26884.984    21.385     4.21    5.69
 -26509.109    25.628    11.29    7.53
 -26133.230    30.953    14.16    7.26
 -25757.347    33.193     5.96    6.93
 -25381.461    32.600    -1.58    7.58
 -25005.570    29.712    -7.68    6.58
 -24629.675    28.115    -4.25    5.70
 -24253.777    27.814    -0.80    5.53
 -23877.875    27.142    -1.79    5.07
 -23501.969    27.353     0.56    4.42
 -23126.058    27.171    -0.48    3.60
 -22750.144    27.147    -0.06    2.58
 -22374.226    28.899     4.66    2.88
 -21998.305    30.737     4.89    3.40
 -21622.379    32.250     4.02    2.94
 -21246.449    33.278     2.73    2.71
 -20870.516    33.408     0.35    2.95
 -20494.578    33.980     1.52    2.99
 -20118.637    34.655     1.80    3.30
 -19742.691    34.845     0.50    3.34
 -19366.742    35.221     1.00    3.05
 -18990.789    35.525     0.81    3.05
 -18614.831    35.301    -0.60    2.85
 -18238.870    35.034    -0.71    2.85
 -17862.905    34.301    -1.95    2.61
 -17486.936    34.278    -0.06    2.74
 -17110.964    33.506    -2.05    2.96
 -16734.987    32.382    -2.99    2.72
 -16359.006    31.763    -1.65    2.92
 -15983.021    31.115    -1.72    2.32
 -15607.033    30.737    -1.00    2.37
 -15231.040    30.567    -0.45    2.27
 -14855.043    30.472    -0.25    2.99
 -14479.043    30.301    -0.45    3.25
 -14103.038    30.171    -0.35    4.23
 -13727.030    29.439    -1.95    4.09
 -13351.018    28.385    -2.80    3.31
 -12975.001    28.279    -0.28    3.65
 -12598.981    29.175     2.38    4.05
 -12222.957    30.404     3.27    4.41
 -11846.928    31.574     3.11    4.10
 -11470.896    33.019     3.84    4.97
 -11094.860    34.028     2.68    5.55
 -10718.820    35.199     3.11    5.02
 -10342.776    36.039     2.24    6.04
  -9966.728    36.660     1.65    6.97
  -9590.676    38.899     5.95    9.00
  -9214.620    38.327    -1.52    8.84
  -8838.560    34.079   -11.30   11.01
  -8462.496    27.528   -17.42   12.28
  -8086.428    20.865   -17.72   11.74
  -7710.356    15.066   -15.42    7.98
  -7334.280    11.709    -8.92    4.43
  -6958.200    11.412    -0.79    4.40
  -6582.116    13.021     4.28    6.39
  -6206.028    11.583    -3.82    4.47
  -5829.936     9.532    -5.45    4.42
  -5453.841     6.601    -7.79    5.03
  -5077.741     3.173    -9.12    6.48
  -4701.637     1.806    -3.64    6.61
  -4325.529     2.660     2.27    6.97
  -3949.417     5.276     6.95    6.73
  -3573.301     5.145    -0.35    6.66
  -3197.181     1.724    -9.10    6.73
  -2821.058    -1.801    -9.37    4.74
  -2444.930    -3.579    -4.73    1.09
  -2068.798    -2.972     1.61    2.46
  -1692.662    -2.288     1.82    3.43
  -1316.522    -1.934     0.94    3.85
   -940.378    -2.372    -1.16    3.50
   -564.230    -2.939    -1.51    2.53
   -188.078    -0.464     6.58    5.97
    188.078     4.327    12.74    8.22
    564.238     9.019    12.47    7.61
    940.402    12.583     9.47    4.76
   1316.570    13.301     1.91    3.43
   1692.742    12.333    -2.57    3.77
   2068.918    12.250    -0.22    3.87
   2445.099    12.276     0.07    3.94
   2821.283    12.303     0.07    4.00
   3197.471    12.197    -0.28    3.23
   3573.663    11.071    -3.00    2.39
   3949.860    10.982    -0.24    2.33
   4326.060    12.412     3.80    4.56
   4702.264    14.925     6.68    6.20
   5078.473    17.329     6.39    5.92
   5454.685    17.934     1.61    4.64
   5830.902    18.223     0.77    3.83
   6207.122    17.793    -1.14    3.58
   6583.347    17.045    -1.99    3.89
   6959.576    18.096     2.79    4.55
   7335.809    20.417     6.17    5.47
   7712.045    24.788    11.62    6.72
   8088.286    29.250    11.86    6.38
   8464.531    33.513    11.33    5.82
   8840.780    36.686     8.43    4.39
   9217.033    39.466     7.39    2.78
   9593.290    42.609     8.35    5.01
   9969.552    46.891    11.38    6.26
  10345.817    51.625    12.58    6.47
  10722.086    55.304     9.78    3.75
  11098.360    56.450     3.05    2.55
  11474.637    57.066     1.64    2.84
  11850.919    58.250     3.15    4.06
  12227.204    60.304     5.46    4.01
  12603.494    61.167     2.29    3.87
  12979.788    59.327    -4.89    5.15
  13356.086    58.353    -2.59    4.68
  13732.388    56.806    -4.11    4.48
  14108.694    56.171    -1.69    4.58
  14485.004    54.917    -3.33    5.59
  14861.318    49.934   -13.24    7.40
  15237.637    45.925   -10.65    7.43
  15613.959    44.007    -5.10    6.22
  15990.286    44.455     1.19    6.88
  16366.616    45.618     3.09    6.33
  16742.951    43.686    -5.14    7.16
  17119.290    40.547    -8.34    6.70
  17495.633    39.675    -2.32    5.50
  17871.980    39.539    -0.36    5.69
  18248.331    38.926    -1.63    6.57
  18624.687    37.412    -4.02    6.07
  19001.046    36.222    -3.16    4.58
  19377.410    37.942     4.57    6.32
  19753.777    39.455     4.02    6.50
  20130.149    39.444    -0.03    6.34
  20506.525    38.736    -1.88    4.75
  20882.905    39.061     0.86    4.11
  21259.289    40.118     2.81    4.43
  21635.677    44.425    11.44    6.42
  22012.070    48.385    10.52    7.67
  22388.466    51.814     9.11    6.48
  22764.867    53.066     3.33    7.69
  23141.272    50.660    -6.39    8.08
  23517.681    48.628    -5.40    6.88
  23894.094    48.600    -0.08    5.87
  24270.511    48.197    -1.07    4.74
  24646.932    49.944     4.64    5.29
  25023.358    50.066     0.32    5.25
  25399.787    50.000    -0.17    4.70
  25776.221    51.276     3.39    4.44
  26152.659    54.635     8.92    5.77
  26529.101    57.667     8.05    5.07
  26905.547    59.574     5.07    3.65
  27281.998    59.574     0.00    4.22
  27658.452    60.628     2.80    4.78
  28034.911    60.775     0.39    4.53
  28411.374    61.845     2.84    3.69
  28787.841    63.199     3.60    4.38
  29164.312    63.558     0.95    4.67
  29540.787    65.455     5.04    3.71
  29917.267    68.304     7.57    5.30
  30293.750    71.583     8.71    6.27
  30670.238    75.250     9.74    5.95
  31046.730    77.972     7.23    4.00
  31423.226    77.917    -0.15    4.17
  31799.727    76.722    -3.17    5.35
  32176.231    74.645    -5.52    5.99
  32552.740    71.019    -9.63    7.79
  32929.253    67.479    -9.40    8.57
  33305.770    66.709    -2.04    9.53
  33682.291    66.724     0.04    8.15
  34058.472    65.145    -4.20    6.27
  34434.168    63.425    -4.58    5.67
  34809.868    61.061    -6.29    5.25
  35185.572    59.104    -5.21    4.67
  35561.281    58.558    -1.45    4.74
  35936.993    57.455    -2.93    5.19
  36312.710    55.412    -5.44    5.78
  36688.431    53.122    -6.10    4.19
  37064.156    51.865    -3.34    2.21
  37439.885    51.667    -0.53    2.56
  37815.619    52.122     1.21    2.56
  38191.356    52.500     1.01    2.90
  38567.098    52.400    -0.27    3.16
  38942.844    52.660     0.69    2.87
  39318.594    52.507    -0.41    2.80
  39694.349    54.493     5.29    5.04
  40070.107    57.803     8.81    5.60
  40445.870    60.250     6.51    4.26
  40821.637    62.225     5.26    3.58
  41197.408    62.980     2.01    3.38
  41573.184    64.275     3.45    3.47
  41948.963    66.122     4.91    2.44
  42324.747    67.645     4.05    3.05
  42700.535    69.461     4.83    3.55
  43076.327    71.199     4.63    3.89
  43452.124    72.814     4.30    4.34
  43827.924    74.694     5.00    5.06
  44203.729    75.481     2.09    5.60
  44579.538    76.601     2.98    6.31
  44955.352    77.750     3.06    7.22
  45331.169    76.814    -2.49    7.71
  45706.991    76.083    -1.94    9.05
  46082.817    71.872   -11.21    7.23
  46458.647    69.574    -6.11    4.71
  46834.482    70.712     3.03    4.99
  47210.320    73.250     6.75    5.70
  47586.163    76.953     9.85    5.33
  47962.011    80.200     8.64    4.26
  48337.862    81.461     3.35    4.03
  48713.718    80.803    -1.75    4.16
  49089.577    79.829    -2.59    4.18
  49465.442    79.301    -1.40    2.98
  49841.310    79.558     0.68    2.97
  50217.183    79.899     0.91    3.00
  50593.059    81.350     3.86    3.01
  50968.940    82.520     3.11    2.93
  51344.826    83.700     3.14    2.60
  51720.715    84.660     2.55    1.98
  52096.609    85.167     1.35    2.41
  52472.507    87.061     5.04    3.13
  52848.410    88.778     4.57    2.97
  53224.316    90.353     4.19    2.71
  53600.227    91.000     1.72    2.24
  53976.142    91.764     2.03    2.93
  54352.062    92.750     2.62    3.02
  54727.986    93.592     2.24    3.16
  55103.914    94.618     2.73    2.70
  55479.846    95.329     1.89    2.42
  55855.782    95.712     1.02    2.76
  56231.723    96.609     2.39    2.72
  56607.668    96.845     0.63    2.72
  56983.618    97.675     2.21    2.36
  57359.571    98.088     1.10    2.95
  57735.529    96.500    -4.22    5.93
  58111.491    95.788    -1.89    6.81
  58487.458    96.278     1.30    7.16
  58863.429    96.412     0.36    7.82
  59239.404    98.750     6.22    7.76
  59615.383   100.404     4.40    7.73
  59991.367   100.550     0.39    7.90
  60367.355    99.412    -3.03    6.72
  60743.347   101.525     5.62    6.79
  61119.343   103.039     4.03    6.98
  61495.344   105.855     7.49    5.63
  61871.349   107.840     5.28    3.72
  62247.359   108.301     1.23    3.95
  62623.373   110.355     5.46    3.84
  62999.391   111.592     3.29    3.70
  63375.413   111.300    -0.78    3.99
  63751.440   110.412    -2.36    5.23
  64127.471   108.875    -4.09    7.24
  64503.506   109.096     0.59    7.55
  64879.546   110.944     4.92    6.48
  65255.590   110.277    -1.77    6.07
  65631.638   109.194    -2.88    7.70
  66007.691   109.450     0.68    8.85
  66383.748   109.700     0.66    9.74
  66759.809   108.736    -2.56   10.02
  67135.874   108.325    -1.09    9.47
  67511.944   106.961    -3.63    8.87
  67888.019   106.481    -1.28    7.39
  68264.097   108.865     6.34    8.06
  68640.180   108.276    -1.57    7.45
  69016.267   106.803    -3.92    7.10
  69392.359   106.355    -1.19    6.21
  69768.455   105.075    -3.40    4.66
  70144.555   106.142     2.84    6.24
  70520.660   107.875     4.61    6.52
  70896.769   109.096     3.25    6.14
  71272.882   109.899     2.13    6.39
  71649.000   110.007     0.29    6.36
  72025.122   109.358    -1.72    5.63
  72401.248   109.019    -0.90    6.20
  72777.379   108.917    -0.27    5.68
  73153.514   108.926     0.02    4.97
  73529.654   109.675     1.99    5.47
  73905.797   111.872     5.84    6.84
  74281.946   112.934     2.82    8.01
  74658.098   113.429     1.32    7.13
  75034.255   113.039    -1.04    6.16
  75410.416   112.671    -0.98    5.42
  75786.582   114.197     4.06    5.53
  76162.752   114.700     1.34    5.46
  76538.927   115.574     2.32    6.40
  76915.105   117.835     6.01    7.21
  77291.289   117.994     0.42    6.54
  77667.476   119.007     2.69    7.30
  78043.668   119.196     0.50    5.88
  78419.864   120.169     2.59    5.49
  78796.065   121.737     4.17    6.14
  79172.270   123.122     3.68    6.07
  79548.480   122.980    -0.38    6.43
  79924.694   123.686     1.88    7.08
  80300.912   125.385     4.52    8.75
  80677.135   127.513     5.66    9.83
  81053.362   130.000     6.61    9.71
  81429.593   130.574     1.53    9.25
  81805.829   130.355    -0.58    7.45
  82182.069   130.750     1.05    7.52
  82558.314   132.000     3.32    6.89
  82934.563   133.277     3.39    5.93
  83310.816   136.591     8.81    8.33
  83687.074   138.917     6.18    8.23
  84063.337   142.574     9.72    9.11
  84439.603   146.601    10.70    9.54
  84815.875   150.709    10.92    8.97
  85192.150   156.250    14.73    5.60
  85568.430   160.071    10.15    4.77
  85944.715   162.028     5.20    5.00
  86321.003   159.934    -5.56    7.43
  86697.297   156.872    -8.14    9.03
  87073.594   152.601   -11.35    8.15
  87449.897   151.600    -2.66    7.03
  87826.203   153.520     5.10    8.69
  88202.514   156.908     9.00    9.86
  88578.829   158.250     3.57   11.40
  88955.149   155.609    -7.02   10.33
  89331.474   153.601    -5.33    7.95
  89707.802   153.575    -0.07    6.75
  90084.136   155.645     5.50    6.52
  90460.473   158.000     6.26    5.82
  90836.815   158.961     2.55    5.10
  91213.162   160.709     4.65    5.35
  91589.513   162.276     4.16    4.90
  91965.868   164.532     6.00    4.83
  92342.228   166.333     4.79    5.01
  92718.592   171.223    12.99    7.79
  93094.961   175.115    10.34    7.67
  93471.334   179.926    12.78    6.82
  93847.712   185.550    14.94    7.63
  94224.094   189.953    11.70    7.18
  94600.481   192.975     8.03    7.67
  94976.872   192.353    -1.65   11.60
  95353.268   185.224   -18.94   15.77
  95729.668   176.385   -23.48   15.80
  96106.072   167.763   -22.91    9.59
  96482.481   161.660   -16.21    7.44
  96858.895   156.167   -14.59    7.50
  97235.313   149.994   -16.40    8.68
  97611.735   143.750   -16.59    7.28
  97988.162   140.408    -8.88    6.28
  98364.593   136.173   -11.25    5.35
  98741.029   134.307    -4.96    5.10
  99117.469   132.791    -4.03    5.32
  99493.914   130.724    -5.49    5.64
  99870.364   130.566    -0.42    5.19
 100246.817   130.250    -0.84    5.34
 100623.276   130.028    -0.59    4.87
 100999.739   131.957     5.13    5.67
 101376.206   130.891    -2.83    6.30
 101752.678   128.353    -6.74    6.74
 102129.154   127.461    -2.37    6.98
 102505.635   129.539     5.52    8.68
 102882.120   133.891    11.56    8.71
 103258.610   137.361     9.22    4.87
 103635.104   136.301    -2.82    4.71
 104011.603   134.601    -4.52    4.63
 104388.107   133.737    -2.30    3.87
 104764.615   134.375     1.69    4.15
 105141.127   137.164     7.41    5.04
 105517.644   140.736     9.49    6.70
 105894.165   145.601    12.92    8.44
 106270.691   148.382     7.38    8.16
 106647.222   147.331    -2.79    7.49
 107023.757   144.222    -8.26    8.98
 107400.296   135.850   -22.24   10.75
 107776.840   129.917   -15.76    7.84
 108153.389   125.764   -11.03    5.56
 108529.942   122.455    -8.79    5.48
 108906.500   119.908    -6.76    5.28
 109282.434   118.045    -4.96    4.49
 109658.098   116.171    -4.99    4.75
 110033.766   114.660    -4.02    4.84
 110409.439   112.764    -5.05    4.10
 110785.116   111.276    -3.96    3.00
 111160.798   110.250    -2.73    2.24
 111536.484   108.583    -4.44    3.03
 111912.175   107.466    -2.97    3.25
 112287.870   106.953    -1.37    3.48
 112663.570   107.709     2.01    4.34
 113039.274   107.039    -1.78    4.61
 113414.983   106.056    -2.62    5.07
 113790.697   102.475    -9.53    5.35
 114166.415    99.814    -7.08    3.59
 114542.137    97.764    -5.46    3.01
 114917.864    96.378    -3.69    1.98
 115293.596    96.092    -0.76    1.88
 115669.332    95.686    -1.08    2.37
 116045.073    96.558     2.32    3.09
 116420.818    98.071     4.03    3.97
 116796.568   100.355     6.08    4.05
 117172.322   102.429     5.52    3.75
 117548.081   104.825     6.38    4.60
 117923.845   106.667     4.90    5.05
 118299.613   106.493    -0.46    5.75
 118675.385   105.493    -2.66    7.08
 119051.162   101.304   -11.15    7.16
 119426.944    98.122    -8.47    7.34
 119802.730    95.791    -6.20    7.26
 120178.521    91.994   -10.10    5.32
 120554.317    90.013    -5.27    4.48
 120930.117    88.547    -3.90    3.88
 121305.921    87.173    -3.66    3.86
 121681.731    86.404    -2.05    3.23
 122057.544    85.388    -2.70    2.55
