# NaN NaN NaN ;Mean Elev.(m), Avg Gradient(m/km), RMS Gradient(m/km) - SRTM1     
#    8.420  -4.741  12.370 ;Mean Elev.(m), Avg Gradient(m/km), RMS Gradient(m/km) - ASTER GDEM
#   13.238  -4.214  11.586 ;Mean Elev.(m), Avg Gradient(m/km), RMS Gradient(m/km) - GMTED2010 
  7    19.377 52458.59837593 15.94 295.819032   8.038307 10.786
  7    19.069 52458.59837657 18.92 295.818302   8.034997 10.786
  7    18.720 52458.59837722 18.74 295.817562   8.031697 10.786
  7    18.127 52458.59837786 21.50 295.816822   8.028387 10.786
  7    18.503 52458.59837851 23.38 295.816092   8.025087 10.786
  7    19.084 52458.59837915 25.26 295.815352   8.021777 10.786
  7    19.778 52458.59837980 29.41 295.814622   8.018477 10.786
  8    42.090 52493.59835827  4.25 295.823502   8.032915  3.706
  8    20.314 52493.59835956 21.88 295.822032   8.026301 16.061
  8    20.750 52493.59836021 25.09 295.821302   8.022991 16.061
  8    21.599 52493.59836085 25.90 295.820562   8.019691 16.061
  8    21.862 52493.59836150 26.38 295.819822   8.016381 16.061
  8    22.399 52493.59836214 31.47 295.819092   8.013081 16.061
  9    21.711 52528.59833899 46.80 295.819715   8.036326 13.111
  9    19.669 52528.59833963 50.95 295.818975   8.033016 13.111
  9    20.961 52528.59834028 48.75 295.818245   8.029716 13.111
  9    21.882 52528.59834092 45.82 295.817505   8.026406 13.111
  9    21.533 52528.59834157 44.26 295.816765   8.023106 13.111
  9    22.092 52528.59834221 42.52 295.816035   8.019796 13.111
  9    22.068 52528.59834286 43.99 295.815295   8.016496 13.111
 10    18.501 52563.59837341 24.74 295.822767   8.034262 11.470
 10    17.700 52563.59837406 25.73 295.822037   8.030952 11.470
 10    16.942 52563.59837470 25.13 295.821297   8.027652 11.470
 11    15.325 52598.59839667 17.92 295.809659   8.033086  5.389
 11    15.132 52598.59839732 18.84 295.808919   8.029776  5.389
 11    16.920 52598.59839796 16.84 295.808189   8.026476  5.389
 11    17.255 52598.59839861 17.50 295.807449   8.023166  5.389
 12    11.950 52633.59834496 23.59 295.816698   8.037770  8.340
 12    11.680 52633.59834560 18.37 295.815958   8.034460  8.340
 13     8.849 52668.59835920 30.54 295.816097   8.039028 10.282
 13    10.032 52668.59835984 21.27 295.815357   8.035718 10.282
 13     8.513 52668.59836048 17.92 295.814627   8.032418 10.282
 13     9.238 52668.59836113 12.30 295.813887   8.029108 10.282
 13     8.777 52668.59836177 11.80 295.813157   8.025808 10.282
 13     8.256 52668.59836242 11.93 295.812417   8.022498 10.282
 14     8.156 52703.59833981 21.91 295.822946   8.034294  7.355
 14     7.343 52703.59834046 22.68 295.822206   8.030994  7.355
 14     7.335 52703.59834110 17.59 295.821476   8.027684  7.355
 14     7.268 52703.59834175 12.48 295.820736   8.024384  7.355
 14     7.582 52703.59834239 11.57 295.819996   8.021074  7.355
 16    32.381 52773.59833224  5.43 295.821219   8.036587  3.779
 16    12.342 52773.59833353 16.34 295.819749   8.029977  3.779
 16    12.449 52773.59833417 15.44 295.819009   8.026667  3.779
 16    12.547 52773.59833482 13.76 295.818269   8.023367  3.779
 16    13.807 52773.59833546 12.73 295.817539   8.020057  3.779
 16    15.422 52773.59833611 12.27 295.816799   8.016757  3.779
 17    41.373 52808.59839988  5.10 295.816483   8.040284  4.347
 17    45.267 52808.59840052  0.92 295.815753   8.036974  4.347
 17    15.777 52808.59840246 18.76 295.813546   8.027060  8.253
 17    15.204 52808.59840310 20.59 295.812806   8.023750  8.253
 17    15.462 52808.59840375 21.11 295.812066   8.020450  8.253
 18    40.125 52843.59845746 15.85 295.818411   8.039055  7.493
 18    18.980 52843.59845875 30.26 295.816941   8.032445  7.493
 18    18.845 52843.59845940 28.78 295.816201   8.029145  7.493
 18    19.580 52843.59846004 28.13 295.815461   8.025835  7.493
 18    19.987 52843.59846069 28.28 295.814734   8.022531 14.400
 18    20.634 52843.59846133 32.60 295.813994   8.019231 14.400
 19    41.438 52878.59849548  7.33 295.816698   8.040073  6.964
 19    20.808 52878.59849677 28.63 295.815228   8.033463  6.964
 19    20.437 52878.59849741 28.55 295.814488   8.030163  6.964
 19    21.166 52878.59849806 26.48 295.813758   8.026853  6.964
 19    21.936 52878.59849870 26.55 295.813014   8.023548 18.261
 19    22.523 52878.59849935 32.93 295.812284   8.020238 18.261
 20    18.962 52913.59845546 26.99 295.821206   8.029700  8.072
 20    18.669 52913.59845611 25.31 295.820476   8.026390  8.072
 20    19.686 52913.59845675 24.65 295.819736   8.023090  8.072
 20    20.352 52913.59845739 25.10 295.818996   8.019780  8.072
 20    21.187 52913.59845804 28.75 295.818266   8.016470  8.072
 21    38.429 52948.59841291  6.48 295.822948   8.034148 11.915
 21    17.105 52948.59841420 21.90 295.821478   8.027538 11.915
 21    16.988 52948.59841484 23.67 295.820738   8.024238 11.915
 21    18.088 52948.59841549 24.16 295.819998   8.020928 11.915
 21    18.819 52948.59841613 24.92 295.819268   8.017628 11.915
 21    18.722 52948.59841677 27.99 295.818528   8.014318 11.915
 23    12.342 53018.59843631 25.12 295.817786   8.037210  6.756
 23     9.979 53018.59843695 28.38 295.817056   8.033900  6.756
 23    11.756 53018.59843760 16.67 295.816316   8.030600  6.756
 23    11.738 53018.59843824 13.44 295.815586   8.027290  6.756
 23    16.934 53018.59843889 12.14 295.814846   8.023990  6.756
 23    17.509 53018.59843953 12.89 295.814106   8.020680  6.756
 24    12.097 53053.59841979 18.58 295.821633   8.034604  4.995
 24     8.918 53053.59842044 19.17 295.820893   8.031294  4.995
 24     9.309 53053.59842108 13.93 295.820163   8.027994  4.995
 24     9.590 53053.59842173 11.63 295.819423   8.024684  4.995
 24    10.276 53053.59842237 10.97 295.818683   8.021384  4.995
 24    13.063 53053.59842302 11.41 295.817953   8.018074  4.995
 24    16.298 53053.59842366 11.17 295.817213   8.014774  4.995
 25    11.419 53088.59845513 14.85 295.810593   8.045304  3.599
 25     6.305 53088.59845578 19.64 295.809863   8.041994  3.599
 25    10.511 53088.59845642 14.60 295.809123   8.038694  3.599
 25     8.529 53088.59845707 12.04 295.808393   8.035384  3.599
 25    10.218 53088.59845771 10.59 295.807653   8.032084  3.599
 25     9.388 53088.59845836 10.43 295.806913   8.028774  3.599
 25     9.183 53088.59845900  9.79 295.806183   8.025474  3.599
 26    10.286 53123.59842598 13.47 295.818729   8.038305  3.769
 26    10.039 53123.59842662 16.40 295.817989   8.035005  3.769
 26     9.534 53123.59842727 14.67 295.817249   8.031695  3.769
 26     9.599 53123.59842791 13.80 295.816519   8.028395  3.769
 26     9.543 53123.59842856 12.66 295.815779   8.025085  3.769
 26    10.213 53123.59842920 11.07 295.815039   8.021785  3.769
 26    17.288 53123.59842985 10.63 295.814309   8.018475  3.769
 27    37.888 53158.59848387  1.51 295.812277   8.041335  6.979
 27    15.384 53158.59848580 19.57 295.810067   8.031415  6.979
 27    14.628 53158.59848645 18.97 295.809327   8.028115  6.979
 27    14.398 53158.59848709 16.84 295.808597   8.024805  6.979
 28    40.403 53193.59848243  4.80 295.817458   8.019024 17.632
 28    40.653 53193.59848308  7.73 295.816728   8.015714 17.632
 29    41.603 53228.59847463 17.75 295.820756   8.032639 12.582
 29    41.871 53228.59847527 16.20 295.820016   8.029339 12.582
 29    41.943 53228.59847592 13.45 295.819276   8.026029 12.582
 29    21.285 53228.59847721 41.95 295.817806   8.019419 12.582
 29    21.712 53228.59847785 43.19 295.817076   8.016119 12.582
 30    20.195 53263.59844654 26.29 295.813919   8.035332 11.422
 30    20.508 53263.59844719 24.41 295.813179   8.032032 11.422
 30    21.122 53263.59844783 23.93 295.812449   8.028722 11.422
 30    21.603 53263.59844848 25.75 295.811709   8.025422 11.422
 30    21.865 53263.59844912 31.41 295.810979   8.022112 11.422
 31    19.301 53298.59848645 27.93 295.810382   8.045253 14.624
 31    19.134 53298.59848709 23.94 295.809642   8.041953 14.624
 31    18.810 53298.59848774 21.99 295.808902   8.038643 14.624
 31    18.440 53298.59848838 22.31 295.808172   8.035343 14.624
 31    19.476 53298.59848903 24.43 295.807432   8.032033 14.624
 32    14.895 53333.59845848 32.67 295.818166   8.039554  7.678
 32    14.746 53333.59845912 27.43 295.817436   8.036244  7.678
 32    15.376 53333.59845977 19.62 295.816696   8.032944  7.678
 32    15.190 53333.59846041 18.13 295.815956   8.029634  7.678
 32    15.765 53333.59846106 17.51 295.815226   8.026334  7.678
 32    17.360 53333.59846170 15.85 295.814486   8.023024  7.678
 33    12.452 53368.59840120 33.38 295.819411   8.037712  6.315
 33    10.415 53368.59840184 29.93 295.818681   8.034402  6.315
 33    13.126 53368.59840249 16.37 295.817941   8.031092  6.315
 33    15.763 53368.59840313 11.67 295.817211   8.027792  6.315
 33    16.324 53368.59840378 11.23 295.816471   8.024482  6.315
 33    17.476 53368.59840442 11.08 295.815731   8.021182  6.315
 33    18.063 53368.59840507 12.76 295.815001   8.017872  6.315
 34    29.712 53403.59843145  1.88 295.818762   8.038378  4.339
 34     9.930 53403.59843274 19.61 295.817292   8.031768  4.339
 34    10.197 53403.59843338 17.04 295.816552   8.028458  4.339
 34     9.919 53403.59843403 14.52 295.815812   8.025158  4.339
 34    10.512 53403.59843467 12.91 295.815082   8.021848  4.339
 34    16.723 53403.59843532 12.45 295.814342   8.018548  4.339
 35    11.790 53438.59842001 14.82 295.818071   8.037248  4.573
 35     9.073 53438.59842065 17.42 295.817331   8.033938  4.573
 35     9.058 53438.59842130 14.52 295.816601   8.030638  4.573
 35     9.273 53438.59842194 12.19 295.815861   8.027328  4.573
 35     8.645 53438.59842258 11.41 295.815121   8.024028  4.573
 35    16.895 53438.59842323 10.35 295.814391   8.020718  4.573
 35    17.215 53438.59842387 10.05 295.813651   8.017418  4.573
 36    15.447 53473.59847685  9.25 295.814865   8.041375  8.356
 36     9.526 53473.59847750 18.03 295.814135   8.038075  8.356
 36    10.243 53473.59847814 16.66 295.813395   8.034765  8.356
 36    10.624 53473.59847879 14.46 295.812655   8.031465  8.356
 36     9.658 53473.59847943 12.72 295.811925   8.028155  8.356
 36     9.639 53473.59848008 12.44 295.811185   8.024855  8.356
 36    17.109 53473.59848072 11.64 295.810455   8.021545  8.356
 37    47.891 53508.59850040  4.94 295.816584   8.038016  6.865
 37    47.481 53508.59850105  5.29 295.815844   8.034716  6.865
 37    49.239 53508.59850169  1.62 295.815104   8.031406  6.865
 37    35.697 53508.59850298 14.35 295.813634   8.024796  6.865
 37    35.597 53508.59850363 15.12 295.812894   8.021496  6.865
 38    16.765 53543.59851231 26.60 295.813915   8.038694 10.063
 38    17.189 53543.59851295 22.40 295.813185   8.035394 10.063
 38    16.848 53543.59851360 18.30 295.812445   8.032084 10.063
 38    16.270 53543.59851424 17.11 295.811705   8.028784 10.063
 38    16.239 53543.59851488 17.01 295.810975   8.025474 10.063
 38    17.329 53543.59851553 17.05 295.810235   8.022174 10.063
 39    19.478 53578.59849558 44.00 295.815047   8.033802 12.333
 39    19.101 53578.59849623 47.62 295.814307   8.030492 12.333
 39    18.752 53578.59849687 46.84 295.813567   8.027192 12.333
 39    20.136 53578.59849752 43.58 295.812837   8.023882 12.333
 39    20.144 53578.59849816 42.00 295.812097   8.020582 12.333
 40    19.826 53613.59844760 28.27 295.814594   8.039543 14.112
 40    19.852 53613.59844824 25.37 295.813864   8.036243 14.112
 40    19.851 53613.59844889 23.67 295.813124   8.032933 14.112
 40    19.753 53613.59844953 25.22 295.812394   8.029633 14.112
 40    20.767 53613.59845018 25.83 295.811654   8.026323 14.112
 40    20.642 53613.59845082 27.71 295.810914   8.023023 14.112
 41    16.715 53648.59845556 21.97 295.818359   8.028490 11.507
 41    17.479 53648.59845620 21.87 295.817619   8.025180 11.507
 41    18.467 53648.59845685 22.27 295.816879   8.021880 11.507
 41    18.668 53648.59845749 25.80 295.816149   8.018570 11.507
 42    35.512 53683.59846830 15.18 295.812731   8.040262  8.297
 42    35.919 53683.59846895 15.21 295.812001   8.036962  8.297
 42    15.538 53683.59847024 32.32 295.810531   8.030352  8.297
 42    15.738 53683.59847088 35.51 295.809791   8.027042  8.297
 42    16.030 53683.59847153 38.50 295.809051   8.023742  8.297
 43    12.207 53718.59839611 32.34 295.819708   8.034587  7.460
 43    13.498 53718.59839676 21.05 295.818968   8.031277  7.460
 43    14.078 53718.59839740 17.37 295.818238   8.027977  7.460
 43    13.075 53718.59839805 18.00 295.817498   8.024667  7.460
 43    15.884 53718.59839869 14.33 295.816758   8.021367  7.460
 43    17.928 53718.59839934 13.84 295.816028   8.018057  7.460
 44    11.099 53753.59831778 22.63 295.824508   8.033191 10.399
 44    10.809 53753.59831842 21.20 295.823778   8.029891 10.399
 44    10.450 53753.59831907 20.29 295.823038   8.026581 10.399
 44     9.172 53753.59831971 19.79 295.822298   8.023281 10.399
 44     8.072 53753.59832036 19.74 295.821568   8.019971 10.399
 44    11.507 53753.59832100 14.63 295.820828   8.016671 10.399
 44    14.224 53753.59832164 13.94 295.820098   8.013361 10.399
 45    10.816 53788.59834778 23.88 295.820972   8.033981  6.213
 45    11.470 53788.59834843 15.30 295.820242   8.030681  6.213
 45    11.807 53788.59834907 12.94 295.819502   8.027371  6.213
 45    11.081 53788.59834971 11.91 295.818762   8.024071  6.213
 45    11.462 53788.59835036 11.36 295.818032   8.020761  6.213
 45    14.740 53788.59835100 11.78 295.817292   8.017461  6.213
 46    10.068 53823.59830284 17.01 295.822145   8.032926  8.187
 46     9.038 53823.59830349 16.89 295.821415   8.029626  8.187
 46     9.420 53823.59830413 13.11 295.820675   8.026316  8.187
 46    15.764 53823.59830478 11.69 295.819935   8.023016  8.187
 46    16.054 53823.59830542 11.13 295.819205   8.019706  8.187
 46    15.494 53823.59830606 10.13 295.818465   8.016406  8.187
 47    31.313 53858.59839520  5.75 295.814055   8.036109  6.166
 47    32.169 53858.59839585  4.93 295.813315   8.032809  6.166
 47    30.812 53858.59839649  6.76 295.812585   8.029499  6.166
 47    10.886 53858.59839778 25.07 295.811105   8.022889  6.166
 49    42.714 53928.59846599  4.13 295.809457   8.045671  5.142
 49    41.274 53928.59846664  1.20 295.808727   8.042361  5.142
 49    18.440 53928.59846857 24.76 295.806514   8.032446 11.428
 49    19.828 53928.59846922 26.14 295.805774   8.029136 11.428
 49    20.099 53928.59846986 28.98 295.805044   8.025836 11.428
 50    20.346 53963.59844902 33.93 295.810870   8.038326  9.587
 50    20.736 53963.59844967 31.04 295.810131   8.035021 12.365
 50    20.680 53963.59845031 28.90 295.809401   8.031711 12.365
 50    22.204 53963.59845095 27.78 295.808661   8.028411 12.365
 50    22.593 53963.59845160 28.99 295.807921   8.025101 12.365
 51    51.699 53998.59840051 10.82 295.819592   8.027456 14.496
 51    40.154 53998.59840180 17.38 295.818122   8.020846 14.496
 51    40.268 53998.59840244 20.46 295.817382   8.017536 14.496
 52    37.381 54033.59844706  5.65 295.820485   8.036169  7.111
 52    38.154 54033.59844770  2.19 295.819755   8.032859  7.111
 52    16.907 54033.59844899 21.22 295.818275   8.026249  7.111
 52    17.182 54033.59844963 24.71 295.817545   8.022949  7.111
 52    17.626 54033.59845028 26.80 295.816805   8.019639  7.111
 52    17.648 54033.59845092 35.36 295.816075   8.016339  7.111
 54    12.958 54103.59839808 26.70 295.816821   8.038826  6.282
 54    13.514 54103.59839872 20.45 295.816091   8.035516  6.282
 54    13.428 54103.59839936 14.22 295.815355   8.032209  8.176
 54    13.308 54103.59840001 13.13 295.814615   8.028899  8.176
 54    12.812 54103.59840065 11.96 295.813885   8.025599  8.176
 55    10.516 54138.59837068 25.61 295.817641   8.036363  6.953
 55     8.834 54138.59837132 24.45 295.816901   8.033063  6.953
 55     9.175 54138.59837197 16.23 295.816171   8.029753  6.953
 55     9.297 54138.59837261 13.02 295.815431   8.026453  6.953
 55     9.122 54138.59837326 12.68 295.814691   8.023143  6.953
 56     8.381 54173.59837660 17.81 295.816938   8.039201  5.972
 56     8.470 54173.59837725 19.54 295.816198   8.035901  5.972
 56     7.634 54173.59837789 15.95 295.815458   8.032591  5.972
 56    10.799 54173.59837854 11.40 295.814728   8.029291  5.972
 56     8.220 54173.59837918 11.50 295.813988   8.025981  5.972
 57    11.948 54208.59837606 15.14 295.817182   8.038783  5.057
 57    11.876 54208.59837670 17.16 295.816442   8.035473  5.057
 57    11.822 54208.59837735 14.14 295.815712   8.032173  5.057
 57    14.101 54208.59837799 11.88 295.814972   8.028863  5.057
 57    13.722 54208.59837864 11.34 295.814232   8.025563  5.057
 57    13.646 54208.59837928 10.43 295.813502   8.022253  5.057
 58    14.664 54243.59840775 22.51 295.818053   8.036616  5.858
 58    14.962 54243.59840839 17.61 295.817313   8.033316  5.858
 58    14.568 54243.59840904 15.49 295.816573   8.030006  5.858
 58    14.240 54243.59840968 14.08 295.815843   8.026706  5.858
 58    14.240 54243.59841033 12.97 295.815103   8.023396  5.858
 58    14.610 54243.59841097 12.15 295.814373   8.020096  5.858
 59    15.881 54278.59842226 23.53 295.816403   8.030109  8.458
 59    15.932 54278.59842290 20.41 295.815663   8.026809  8.458
 59    16.613 54278.59842355 19.43 295.814933   8.023499  8.458
 59    17.606 54278.59842419 17.85 295.814193   8.020199  8.458
 60    51.283 54313.59842074  9.72 295.819444   8.038211  5.947
 60    41.002 54313.59842138  3.03 295.818704   8.034911  5.947
 60    40.763 54313.59842203  2.77 295.817964   8.031601  5.947
 60    40.703 54313.59842267  3.22 295.817234   8.028301  5.947
 60    20.977 54313.59842396 27.50 295.815764   8.021691  5.947
 60    21.151 54313.59842460 36.30 295.815024   8.018381  5.947
 61    20.816 54348.59839195 25.25 295.817188   8.034846  9.428
 61    19.765 54348.59839259 25.91 295.816448   8.031546  9.428
 61    19.999 54348.59839323 25.30 295.815708   8.028236  9.428
 61    21.176 54348.59839388 24.90 295.814978   8.024936  9.428
 61    21.286 54348.59839452 26.79 295.814238   8.021626  9.428
 61    22.101 54348.59839517 31.44 295.813508   8.018326  9.428
 62    19.588 54383.59835905 37.41 295.818758   8.035999 11.415
 62    17.977 54383.59835970 43.04 295.818028   8.032689 11.415
 62    18.765 54383.59836034 37.96 295.817288   8.029389 11.415
 62    19.492 54383.59836099 29.87 295.816548   8.026079 11.415
 62    19.804 54383.59836163 29.50 295.815818   8.022779 11.415
 62    20.183 54383.59836228 29.51 295.815078   8.019469 11.415
 63    16.403 54418.59834135 29.03 295.816909   8.037079 11.207
 63    17.039 54418.59834199 21.80 295.816169   8.033779 11.207
 63    17.068 54418.59834264 20.46 295.815439   8.030469 11.207
 63    17.004 54418.59834328 20.91 295.814699   8.027169 11.207
 63    17.951 54418.59834393 22.44 295.813959   8.023859 11.207
 64    14.454 54453.59832923 20.12 295.818922   8.037353  6.547
 64    13.441 54453.59832987 20.43 295.818192   8.034043  6.547
 64    14.765 54453.59833052 16.29 295.817452   8.030743  6.547
 64    16.323 54453.59833116 12.98 295.816712   8.027433  6.547
 64    17.466 54453.59833180 12.25 295.815982   8.024133  6.547
 64    17.641 54453.59833245 15.59 295.815242   8.020823  6.547
 64    17.959 54453.59833309 18.85 295.814502   8.017523  6.547
 65    12.915 54488.59833990 20.68 295.818946   8.037368  5.822
 65    12.765 54488.59834054 15.50 295.818206   8.034068  5.822
 65    11.877 54488.59834119 16.57 295.817476   8.030758  5.822
 65    12.319 54488.59834183 12.71 295.816736   8.027458  5.822
 65    16.190 54488.59834247 11.06 295.816006   8.024148  5.822
 65    17.500 54488.59834312 11.75 295.815266   8.020848  5.822
 65    17.578 54488.59834376 15.04 295.814526   8.017538  5.822
 66     9.622 54523.59834215 17.14 295.819861   8.038161  3.895
 66     9.825 54523.59834279 15.62 295.819131   8.034851  3.895
 66    10.436 54523.59834344 16.40 295.818391   8.031551  3.895
 66     9.879 54523.59834408 15.07 295.817661   8.028241  3.895
 66     9.727 54523.59834473 12.13 295.816917   8.024937 10.282
 66    14.830 54523.59834537 11.62 295.816187   8.021627 10.282
 66    16.827 54523.59834602 11.18 295.815447   8.018327 10.282
 67     9.381 54558.59834903 17.59 295.817391   8.037914  4.800
 67     9.608 54558.59834967 13.96 295.816661   8.034614  4.800
 67     9.817 54558.59835032 14.59 295.815921   8.031304  4.800
 67     9.107 54558.59835096 13.62 295.815191   8.027994  4.800
 67    13.483 54558.59835161 10.67 295.814451   8.024694  4.800
 68    11.099 54593.59833790 17.75 295.817651   8.037926  3.044
 68    10.869 54593.59833855 15.50 295.816921   8.034626  3.044
 68    10.978 54593.59833919 13.25 295.816181   8.031316  3.044
 68    12.172 54593.59833984 11.71 295.815441   8.028016  3.044
 68    13.721 54593.59834048 11.09 295.814711   8.024706  3.044
 68    15.956 54593.59834113 11.37 295.813969   8.021402  9.174
 68    17.396 54593.59834177 11.60 295.813239   8.018092  9.174
 69    15.526 54628.59835297 24.70 295.817520   8.038754  5.742
 69    15.904 54628.59835361 19.76 295.816780   8.035454  5.742
 69    15.078 54628.59835426 20.47 295.816050   8.032144  5.742
 69    14.625 54628.59835490 17.23 295.815310   8.028844  5.742
 69    14.243 54628.59835555 16.05 295.814580   8.025534  5.742
 69    14.658 54628.59835619 15.03 295.813839   8.022230 11.960
 70    39.231 54663.59836046 18.36 295.815629   8.036263  7.565
 70    39.471 54663.59836111 19.03 295.814889   8.032963  7.565
 70    40.006 54663.59836175 20.02 295.814159   8.029653  7.565
 70    18.913 54663.59836304 44.25 295.812689   8.023043  7.565
 70    19.138 54663.59836369 43.13 295.811946   8.019738 11.831
 71    21.620 54698.59833339 44.01 295.818610   8.035959 11.959
 71    21.300 54698.59833403 48.17 295.817870   8.032649 11.959
 71    21.661 54698.59833468 46.14 295.817140   8.029349 11.959
 71    21.759 54698.59833532 44.99 295.816400   8.026039 11.959
 71    22.027 54698.59833597 42.91 295.815670   8.022739 11.959
 71    22.331 54698.59833661 42.87 295.814930   8.019429 11.959
 72    19.358 54733.59831869 23.59 295.817382   8.033634  6.460
 72    18.443 54733.59831933 26.75 295.816642   8.030334  6.460
 72    18.318 54733.59831998 25.51 295.815902   8.027024  6.460
 72    19.522 54733.59832062 24.73 295.815166   8.023722 16.032
 72    19.903 54733.59832126 29.44 295.814436   8.020412 16.032
 73    40.691 54768.59831354  2.75 295.818378   8.037213  4.428
 73    16.455 54768.59831547 22.09 295.816168   8.027293  4.428
 73    16.864 54768.59831612 23.28 295.815428   8.023993  4.428
 73    18.090 54768.59831676 24.25 295.814698   8.020683  4.428
 73    18.415 54768.59831741 28.32 295.813958   8.017379 14.750
 74    14.768 54803.59831156 29.78 295.817293   8.038407  6.645
 74    16.247 54803.59831220 23.04 295.816563   8.035097  6.645
 74    15.489 54803.59831285 21.01 295.815823   8.031797  6.645
 74    15.768 54803.59831349 18.62 295.815093   8.028487  6.645
 74    16.588 54803.59831414 17.19 295.814357   8.025182 11.878
 74    17.724 54803.59831478 17.47 295.813617   8.021882 11.878
 75    11.437 54838.59830739 25.93 295.817437   8.033747  4.678
 75    12.341 54838.59830803 22.78 295.816697   8.030447  4.678
 75    12.250 54838.59830868 21.53 295.815967   8.027137  4.678
 75    12.656 54838.59830932 19.37 295.815227   8.023837  4.678
 75    13.823 54838.59830997 19.96 295.814497   8.020527  4.678
 76    12.496 54873.59831141 17.48 295.817852   8.039054  4.992
 76    11.327 54873.59831205 16.59 295.817112   8.035754  4.992
 76    11.470 54873.59831270 14.61 295.816372   8.032444  4.992
 76    12.048 54873.59831334 12.85 295.815637   8.029141  9.436
 76    13.776 54873.59831398 11.79 295.814907   8.025831  9.436
 76    13.569 54873.59831463 11.70 295.814167   8.022531  9.436
 77    10.656 54908.59831311 15.59 295.816039   8.040160  7.072
 77    10.075 54908.59831376 16.61 295.815309   8.036860  7.072
 77     9.895 54908.59831440 16.91 295.814569   8.033550  7.072
 77     9.803 54908.59831505 13.52 295.813839   8.030240  7.072
 77    13.088 54908.59831569 11.45 295.813099   8.026940  7.072
 78    11.097 54943.59830378 21.86 295.816901   8.036837  5.829
 78    10.801 54943.59830442 18.79 295.816171   8.033527  5.829
 78    11.117 54943.59830507 13.44 295.815431   8.030227  5.829
 78    12.862 54943.59830571 11.18 295.814691   8.026917  5.829
 78    13.373 54943.59830636 10.63 295.813956   8.023611 13.548
 79    12.476 54978.59833078 13.41 295.817240   8.039812  7.387
 79    21.055 54978.59833143 12.47 295.816510   8.036512  7.387
 79    13.442 54978.59833207 12.10 295.815770   8.033202  7.387
 79    13.701 54978.59833272 11.22 295.815030   8.029902  7.387
 79    14.188 54978.59833336 10.58 295.814300   8.026592  7.387
 79    13.738 54978.59833400 10.94 295.813559   8.023289 12.724
 79    16.754 54978.59833465  9.94 295.812829   8.019979 12.724
 80    14.011 55013.59833965 15.12 295.814270   8.023933  2.665
 80    14.465 55013.59834029 15.60 295.813540   8.020623  2.665
 81    40.224 55048.59832968  3.85 295.818579   8.037082  3.921
 81    39.992 55048.59833032  1.50 295.817839   8.033772  3.921
 81    38.924 55048.59833097  0.25 295.817099   8.030462  3.921
 81    18.256 55048.59833226 23.74 295.815629   8.023852  3.921
 81    19.068 55048.59833290 26.90 295.814899   8.020552  3.921
 81    19.543 55048.59833355 30.60 295.814157   8.017246 14.122
 82    17.123 55083.59829946 33.71 295.817159   8.036865  9.858
 82    19.155 55083.59830010 24.38 295.816429   8.033555  9.858
 82    18.453 55083.59830075 23.03 295.815689   8.030255  9.858
 82    19.333 55083.59830139 23.71 295.814949   8.026945  9.858
 82    19.532 55083.59830204 25.56 295.814219   8.023645  9.858
 83    14.761 55118.59826190 31.16 295.819598   8.037834  6.134
 83    16.281 55118.59826255 21.62 295.818858   8.034534  6.134
 83    15.338 55118.59826319 20.57 295.818128   8.031224  6.134
 83    15.737 55118.59826384 19.91 295.817388   8.027924  6.134
 83    17.407 55118.59826448 18.53 295.816648   8.024614  6.134
 83    17.787 55118.59826513 19.20 295.815913   8.021311 13.717
 84    13.480 55153.59825798 19.71 295.817004   8.039207  6.813
 84    14.273 55153.59825863 15.89 295.816274   8.035907  6.813
 84    14.424 55153.59825927 14.32 295.815534   8.032597  6.813
 84    14.797 55153.59825992 13.36 295.814804   8.029297  6.813
 84    16.810 55153.59826056 12.62 295.814064   8.025987  6.813
 84    17.009 55153.59826121 12.39 295.813324   8.022677  6.813
 85    11.008 55188.59825020 22.24 295.817623   8.037969  4.929
 85    11.116 55188.59825085 16.82 295.816893   8.034659  4.929
 85    10.862 55188.59825149 16.05 295.816153   8.031359  4.929
 85    10.668 55188.59825214 14.03 295.815413   8.028049  4.929
 85    14.024 55188.59825278 11.85 295.814677   8.024745 12.953
 86     9.288 55223.59825749 20.96 295.817394   8.039054  5.715
 86     8.739 55223.59825814 19.97 295.816654   8.035744  5.715
 86     8.593 55223.59825878 17.43 295.815924   8.032444  5.715
 86     8.515 55223.59825943 15.18 295.815184   8.029134  5.715
 86     8.195 55223.59826007 13.28 295.814444   8.025834  5.715
 87     7.471 55258.59824656 26.95 295.818481   8.036645  6.014
 87     7.637 55258.59824721 24.08 295.817741   8.033345  6.014
 87     6.604 55258.59824785 21.21 295.817011   8.030035  6.014
 88     7.314 55293.59824426 26.18 295.816971   8.036949  6.337
 88     8.871 55293.59824491 21.30 295.816231   8.033639  6.337
 88     8.725 55293.59824555 17.12 295.815501   8.030339  6.337
 88    12.491 55293.59824620 14.50 295.814761   8.027029  6.337
 89    13.807 55328.59822847 17.25 295.816470   8.040296  4.483
 89    13.560 55328.59822912 19.71 295.815740   8.036996  4.483
 89    13.606 55328.59822976 17.50 295.815000   8.033686  4.483
 89    13.496 55328.59823041 17.58 295.814260   8.030386  4.483
 89    13.068 55328.59823105 18.53 295.813530   8.027076  4.483
 89    12.929 55328.59823170 17.55 295.812790   8.023776  4.483
 89    14.762 55328.59823234 16.89 295.812060   8.020466  4.483
 90    39.358 55363.59822439  3.40 295.817555   8.037497  6.050
 90    16.601 55363.59822568 24.98 295.816085   8.030887  6.050
 90    16.498 55363.59822632 23.83 295.815345   8.027577  6.050
 90    17.111 55363.59822697 23.94 295.814605   8.024267  6.050
 90    18.186 55363.59822761 25.70 295.813875   8.020967  6.050
 91    53.408 55398.59823505  1.96 295.816059   8.028719  8.690
 91    52.105 55398.59823570  4.46 295.815319   8.025409  8.690
 91    41.512 55398.59823699 13.12 295.813853   8.018794 18.058
 92    21.339 55433.59824019 32.48 295.819374   8.035775 11.939
 92    20.524 55433.59824083 36.94 295.818634   8.032465 11.939
 92    20.524 55433.59824147 33.92 295.817904   8.029165 11.939
 92    21.225 55433.59824212 30.92 295.817164   8.025855 11.939
 92    21.685 55433.59824276 29.01 295.816424   8.022555 11.939
 92    22.228 55433.59824341 30.28 295.815694   8.019245 11.939
 93    18.974 55468.59819898 25.22 295.815766   8.027150  9.979
 93    19.620 55468.59819962 26.73 295.815036   8.023850  9.979
 93    20.005 55468.59820027 31.42 295.814296   8.020540  9.979
