# NaN NaN NaN ;Mean Elev.(m), Avg Gradient(m/km), RMS Gradient(m/km) - SRTM1     
#   68.686  -0.237  12.240 ;Mean Elev.(m), Avg Gradient(m/km), RMS Gradient(m/km) - ASTER GDEM
#   79.253   0.002  11.801 ;Mean Elev.(m), Avg Gradient(m/km), RMS Gradient(m/km) - GMTED2010 
  8 292.160498   4.503022    84.750    84.690  3 52499.60704690 42.744
  9 292.158329   4.504824    83.382    83.380  3 52534.60703426 31.062
 10 292.160947   4.504192    77.945    77.899  3 52569.60706417 24.983
 11 292.158445   4.504014    79.844    79.807  3 52604.60704559 24.254
 12 292.158742   4.505009    76.073    76.089  3 52639.60702769 32.236
 13 292.159741   4.502862    72.643    72.588  3 52674.60702321 34.986
 14 292.160044   4.505414    72.261    72.232  3 52709.60703920 48.332
 16 292.159343   4.504326    81.248    81.237  3 52779.60700371 23.544
 17 292.157928   4.505274    82.908    82.909  3 52814.60708730 39.831
 18 292.160189   4.503104    84.587    84.582  3 52849.60714030 37.506
 19 292.157006   4.505140    84.140    84.147  3 52884.60717539 35.169
 20 292.160439   4.503296    82.064    82.044  3 52919.60713199 31.811
 21 292.165263   4.500867    80.450    80.352  3 52954.60709587 17.454
 22 292.168061   4.500695    77.909    77.946  3 52989.60710604 25.162
 23 292.166894   4.501111    74.181    74.181  2 53024.60708595 20.445
 24 292.168464   4.500303    72.066    72.066  2 53059.60708464 39.531
 25 292.154222   4.509649    74.357    72.860  3 53094.60712048 24.456
 26 292.165963   4.501841    77.599    77.565  3 53129.60709317 28.665
 28 292.160208   4.503282    83.845    83.852  3 53199.60716369 29.600
 29 292.167953   4.500848    83.974    83.991  3 53234.60713384 27.459
 30 292.160202   4.503775    82.746    82.746  2 53269.60709846 25.390
 31 292.154225   4.509003    80.566    79.714  4 53304.60715942 24.006
 32 292.159590   4.504826    78.706    78.731  3 53339.60712877 18.448
 33 292.162366   4.502824    75.348    75.348  2 53374.60706054 29.821
 34 292.162717   4.501012    73.747    73.747  2 53409.60710342 31.155
 35 292.160102   4.503979    73.978    73.972  3 53444.60708611 43.250
 36 292.155351   4.508080    78.343    78.368  4 53479.60716447 35.736
 37 292.160176   4.503673    81.083    81.083  2 53514.60717218 23.640
 38 292.155548   4.507528    82.402    82.368  3 53549.60719093 29.021
 39 292.161245   4.501771    82.984    83.002  3 53584.60715418 28.095
 40 292.157330   4.506290    82.837    82.809  4 53619.60711004 28.201
 41 292.159763   4.504696    77.841    77.829  3 53654.60713688 31.538
 42 292.157777   4.505575    79.353    79.363  4 53689.60713171 30.351
 43 292.161998   4.502425    77.006    77.002  3 53724.60705656 26.370
 44 292.167392   4.500119    75.820    75.876  3 53759.60699963 23.233
 45 292.163599   4.502366    74.320    74.299  3 53794.60701809 23.254
 46 292.164087   4.501569    78.604    78.603  3 53829.60699426 13.435
 47 292.157861   4.504057    80.447    79.260  3 53864.60707312 22.058
 48 292.160169   4.503660    81.969    81.969  2 53899.60709862 28.885
 49 292.152362   4.513009    83.579    83.583  4 53934.60714058 27.822
 50 292.155842   4.507694    83.940    83.936  4 53969.60711173 31.142
 51 292.162950   4.500866    81.500    81.500  2 54004.60708683 28.616
 52 292.163541   4.502264    79.824    79.824  2 54039.60711910 23.789
 53 292.161272   4.504211    79.303    79.320  3 54074.60711330 24.293
 54 292.158755   4.503607    76.836    75.966  3 54109.60705793 25.999
 55 292.160382   4.503443    72.959    72.959  2 54144.60705136 31.811
 56 292.159537   4.505555    72.554    72.368  3 54179.60704281 25.203
 57 292.159882   4.505121    77.885    77.599  3 54214.60705848 25.504
 58 292.159634   4.502774    81.158    81.151  3 54249.60708645 25.989
 59 292.161188   4.502934    84.094    84.093  3 54284.60709438 45.531
 60 292.161872   4.503416    83.854    83.849  3 54319.60709153 33.472
 61 292.161047   4.503429    82.716    82.716  2 54354.60705441 26.000
 62 292.161509   4.503934    81.473    81.453  3 54389.60703192 25.417
 63 292.160242   4.502845    79.004    78.932  3 54424.60700477 20.331
 64 292.161443   4.502108    76.728    76.728  2 54459.60700781 26.049
 65 292.161203   4.503252    78.271    78.350  3 54494.60700970 15.062
 66 292.162292   4.501556    73.659    73.659  2 54529.60702069 41.608
 67 292.160415   4.505129    73.377    73.260  3 54564.60701564 33.670
 68 292.160305   4.502818    78.147    77.798  3 54599.60701574 24.680
 69 292.159051   4.503457    81.846    81.880  3 54634.60702854 29.147
 70 292.159407   4.503982    84.233    84.326  3 54669.60703276 31.957
 71 292.161610   4.503013    83.750    83.750  2 54704.60699612 26.249
 72 292.160893   4.503067    80.630    80.629  3 54739.60699597 22.731
 73 292.161294   4.502604    79.488    79.488  2 54774.60697795 18.128
 74 292.160246   4.502146    79.430    79.448  3 54809.60698931 19.700
 75 292.160455   4.503648    77.666    77.666  2 54844.60697598 19.860
 76 292.159154   4.503600    75.283    75.334  3 54879.60699288 34.859
 77 292.158489   4.504733    75.917    74.893  4 54914.60697954 23.171
 79 292.159037   4.505818    78.383    78.288  3 54984.60700951 19.666
 80 292.161094   4.502044    82.230    82.192  3 55019.60700580 27.068
 81 292.161369   4.502879    83.182    83.182  2 55054.60700155 25.813
 82 292.159341   4.503127    81.440    81.449  3 55089.60696205 26.293
 83 292.161375   4.502911    78.920    78.920  2 55124.60693966 24.464
 84 292.159530   4.504183    75.670    75.760  3 55159.60692289 32.467
 85 292.160377   4.502479    78.970    78.988  3 55194.60692962 17.021
 86 292.159071   4.503684    72.305    72.306  3 55229.60692571 24.003
 87 292.161230   4.503761    72.409    72.453  3 55264.60692460 46.073
 88 292.160927   4.503719    75.387    75.416  3 55299.60690744 26.503
 89 292.159346   4.502922    81.537    81.544  3 55334.60690189 27.468
 90 292.160919   4.502806    82.855    82.822  3 55369.60689307 34.078
 91 292.161659   4.503184    83.326    83.326  2 55404.60690981 27.615
 92 292.161428   4.502382    83.659    83.659  2 55439.60691124 27.679
 93 292.161043   4.503676    79.887    79.917  3 55474.60685722 21.718
