# NaN NaN NaN ;Mean Elev.(m), Avg Gradient(m/km), RMS Gradient(m/km) - SRTM1     
#    3.483  -2.841   6.729 ;Mean Elev.(m), Avg Gradient(m/km), RMS Gradient(m/km) - ASTER GDEM
#    8.393  -3.671   7.195 ;Mean Elev.(m), Avg Gradient(m/km), RMS Gradient(m/km) - GMTED2010 
  6 297.328663   8.380412    93.558    92.721  8 52420.59430437  6.364
  7 297.328050   8.379625    93.181    92.706  8 52455.59432816  7.275
  8 297.338918   8.387996    10.965    10.895  6 52490.59430068 25.809
 10 297.328731   8.372866     9.656     9.644  3 52560.59433199 19.428
 11 297.323748   8.378427    91.338    91.490  8 52595.59433993  6.444
 12 297.333030   8.376716     9.109     7.476  3 52630.59427497 16.063
 15 297.338311   8.394006     4.363     4.370  4 52735.59430465 17.322
 17 297.330551   8.380245    94.165    93.879  8 52805.59433125  6.035
 18 297.331486   8.374480    10.175     9.894  3 52840.59439298 22.979
 19 297.331274   8.380587    11.019    10.967  8 52875.59443090 26.490
 20 297.338941   8.388171    10.088     9.900  8 52910.59439747 25.542
 21 297.338128   8.379357    10.271    10.271  2 52945.59434467 18.311
 23 297.329269   8.380858    94.098    94.542  8 53015.59438709  6.029
 24 297.334241   8.383158    94.374    94.605  9 53050.59436211  5.823
 25 297.322385   8.377591    92.576    93.608  8 53085.59439973  5.661
 26 297.329534   8.379839    94.794    93.874  9 53120.59436886  5.806
 27 297.324888   8.377859    91.158    91.121  7 53155.59442300 10.488
 29 297.334329   8.382067    11.820    11.852  9 53225.59442076 26.246
 32 297.331660   8.378542     7.984     7.705  6 53330.59439881 17.903
 33 297.333499   8.378410    10.066    11.137  5 53365.59434743 13.339
 34 297.330031   8.375986    11.796    12.821  4 53400.59437358 12.884
 35 297.330827   8.371432    13.934    13.949  3 53435.59436430 15.748
 36 297.328942   8.379275    93.764    93.663  9 53470.59440984  6.285
 37 297.327157   8.378256    94.284    93.506  8 53505.59444738  6.158
 38 297.326841   8.371096    95.753    95.606  4 53540.59445091  7.392
 39 297.330207   8.390079     9.273     9.273  2 53575.59444022 27.998
 41 297.329936   8.369578     9.768     9.768  2 53645.59439860 30.434
 42 297.325188   8.378562    93.972    94.040  7 53680.59441405  6.103
 43 297.334752   8.383485    94.634    94.963  8 53715.59434067  8.603
 44 297.339010   8.385663     7.306     7.238  4 53750.59425715 13.101
 45 297.335228   8.380976    35.020     6.198  3 53785.59428848 12.680
 46 297.333441   8.380125     5.894     5.980  8 53820.59424659 14.915
 47 297.327330   8.379081    94.799    95.048  8 53855.59433237  5.828
 48 297.337696   8.380433     8.623     9.415  3 53890.59434236 18.138
 50 297.322246   8.372436    15.651    12.845  5 53960.59439623 24.442
 51 297.335842   8.381774    11.406    11.570  3 53995.59433114 24.470
 52 297.334996   8.383799     9.708     9.381  9 54030.59438660 20.632
 54 297.330382   8.379805    95.895    95.985  9 54100.59434484  6.313
 55 297.332403   8.382016    93.587    93.675  8 54135.59430666 11.533
 57 297.331177   8.380539    95.696    95.880  8 54205.59431162  6.367
 58 297.332621   8.382004    95.135    95.115  8 54240.59434461  6.555
 61 297.330182   8.372652    12.081    12.081  2 54345.59433871 25.378
 62 297.330350   8.371735    10.638    10.638  2 54380.59430053 26.065
 63 297.330933   8.379894    21.815    28.570  5 54415.59428627 17.971
 64 297.332368   8.381974    94.764    95.637  8 54450.59426658  7.082
 65 297.333825   8.382967     8.658     6.407  3 54485.59428123 14.404
 67 297.331135   8.381409     3.702     3.702  9 54555.59429224 22.487
 68 297.331772   8.381640     4.575     4.544  9 54590.59427565 18.008
 69 297.331464   8.381694    94.630    94.246  9 54625.59429254  6.171
 70 297.329479   8.379999    10.330    10.404  9 54660.59430089 22.281
 72 297.332516   8.381559    12.649    12.197  9 54730.59425594 21.748
 73 297.329903   8.373468    16.331     9.756  3 54765.59425920 18.596
 74 297.331220   8.380559    94.367    93.708  8 54800.59424986  8.285
 75 297.331506   8.381546    92.944    93.004  8 54835.59424874 12.260
 76 297.332482   8.381292    94.868    94.503  8 54870.59424770  7.092
 77 297.328886   8.380757    18.936     8.745  7 54905.59425766 14.093
 78 297.331674   8.380799    95.354    95.770  8 54940.59423890  6.738
 79 297.330719   8.380037    95.506    96.174  9 54975.59426879  6.598
 80 297.330385   8.380007    94.322    94.707  9 55010.59428010  7.422
 81 297.330713   8.374070     9.874     9.756  3 55045.59427175 24.006
 82 297.329784   8.373626    11.343    11.448  5 55080.59424650 23.204
 83 297.330881   8.373839     9.016     9.016  2 55115.59420455 15.129
 84 297.330379   8.380561     6.584     6.174  9 55150.59420224 20.672
 85 297.331768   8.381535    94.967    95.159  9 55185.59418747  7.223
 86 297.330180   8.379643    95.309    94.896  8 55220.59420076  6.788
 87 297.333328   8.382351    96.043    96.596  8 55255.59418362  6.764
 88 297.329927   8.379238    95.516    94.789  8 55290.59418916  6.746
 89 297.329479   8.379671    94.622    94.991  8 55325.59416940  6.606
 90 297.330511   8.380067     8.640     8.770  8 55360.59416695 19.884
 91 297.331866   8.381537    11.893    11.752  9 55395.59417190 24.566
 92 297.331214   8.372115    12.126    12.126  2 55430.59418337 26.832
 93 297.332737   8.381972    12.165    12.063  8 55465.59414320 24.195
