# NaN NaN NaN ;Mean Elev.(m), Avg Gradient(m/km), RMS Gradient(m/km) - SRTM1     
#   30.631  -1.638   7.640 ;Mean Elev.(m), Avg Gradient(m/km), RMS Gradient(m/km) - ASTER GDEM
#   17.992  -2.039   3.818 ;Mean Elev.(m), Avg Gradient(m/km), RMS Gradient(m/km) - GMTED2010 
  8    32.353 52496.60238273 33.93 294.356610   7.916311 33.162
  8    31.599 52496.60238338 32.46 294.355880   7.913011 33.162
  8    31.191 52496.60238402 31.25 294.355140   7.909701 33.162
  8    30.939 52496.60238467 28.64 294.354410   7.906401 33.162
  8    29.660 52496.60238531 28.33 294.353670   7.903091 33.162
  8    30.368 52496.60238853 22.60 294.349998   7.886566 14.077
  8    30.850 52496.60238918 23.44 294.349258   7.883256 14.077
  8    31.356 52496.60238982 25.37 294.348518   7.879956 14.077
  8    31.710 52496.60239047 25.07 294.347788   7.876646 14.077
  9    30.956 52531.60236944 31.62 294.352064   7.915230 18.805
  9    30.522 52531.60237009 29.51 294.351334   7.911930 18.805
  9    30.126 52531.60237073 29.70 294.350594   7.908620 18.805
  9    29.543 52531.60237138 28.54 294.349854   7.905320 18.805
  9    28.707 52531.60237202 26.61 294.349124   7.902010 18.805
  9    27.984 52531.60237267 26.52 294.348384   7.898710 18.805
  9    27.265 52531.60237331 24.90 294.347654   7.895400 18.805
  9    26.821 52531.60237396 23.24 294.346914   7.892100 18.805
  9    29.532 52531.60237460 20.92 294.346174   7.888790 18.805
  9    29.711 52531.60237524 19.40 294.345444   7.885490 18.805
  9    30.288 52531.60237589 19.40 294.344704   7.882180 18.805
  9    30.513 52531.60237653 20.47 294.343964   7.878880 18.805
 10    27.867 52566.60239162 26.37 294.358698   7.913928 11.707
 10    28.117 52566.60239226 17.66 294.357958   7.910618 11.707
 10    26.825 52566.60239291 21.04 294.357228   7.907318 11.707
 10    26.934 52566.60239355 24.03 294.356488   7.904008 11.707
 10    27.184 52566.60239742 14.37 294.352078   7.884178 11.707
 10    28.039 52566.60239807 14.12 294.351338   7.880878 11.707
 10    28.744 52566.60239871 16.51 294.350598   7.877568 11.707
 11    25.853 52601.60240290 24.39 294.347479   7.913529 21.530
 11    25.928 52601.60240355 20.00 294.346739   7.910219 21.530
 11    25.876 52601.60240419 19.04 294.346009   7.906909 21.530
 11    25.993 52601.60240483 17.82 294.345269   7.903609 21.530
 11    26.110 52601.60240548 24.75 294.344539   7.900299 21.530
 11    25.933 52601.60240612 23.87 294.343799   7.896999 21.530
 11    25.727 52601.60240677 17.99 294.343067   7.893693  5.643
 11    25.654 52601.60240741 14.93 294.342327   7.890393  5.643
 11    25.661 52601.60240806 15.79 294.341597   7.887083  5.643
 11    25.720 52601.60240870 15.80 294.340857   7.883773  5.643
 11    26.195 52601.60240935 13.90 294.340127   7.880473  5.643
 11    26.842 52601.60240999 14.32 294.339387   7.877163  5.643
 12    23.923 52636.60236758 26.54 294.351105   7.914614 11.245
 12    21.977 52636.60236822 26.05 294.350365   7.911304 11.245
 12    21.871 52636.60236886 24.89 294.349635   7.908004 11.245
 12    22.188 52636.60236951 23.47 294.348895   7.904694 11.245
 12    22.415 52636.60237015 20.58 294.348165   7.901394 11.245
 12    22.098 52636.60237080 20.23 294.347425   7.898084 11.245
 12    22.042 52636.60237144 20.30 294.346685   7.894784 11.245
 12    22.034 52636.60237209 18.80 294.345955   7.891474 11.245
 12    21.929 52636.60237273 16.95 294.345215   7.888174 11.245
 12    22.006 52636.60237338 15.47 294.344485   7.884864 11.245
 12    21.806 52636.60237402 16.16 294.343745   7.881564 11.245
 12    21.884 52636.60237467 17.60 294.343005   7.878254 11.245
 13    23.455 52671.60237237 22.07 294.351524   7.914951 26.458
 13    23.126 52671.60237301 21.49 294.350794   7.911641 26.458
 13    20.430 52671.60237366 20.92 294.350054   7.908341 26.458
 13    21.298 52671.60237430 20.95 294.349320   7.905035  8.119
 13    19.684 52671.60237494 21.36 294.348580   7.901735  8.119
 13    21.932 52671.60237559 16.74 294.347850   7.898425  8.119
 13    21.940 52671.60237623 16.07 294.347110   7.895125  8.119
 13    19.275 52671.60237688 19.95 294.346380   7.891815  8.119
 13    21.180 52671.60237752 16.08 294.345640   7.888505  8.119
 13    19.345 52671.60237817 16.88 294.344900   7.885205  8.119
 13    19.004 52671.60237881 19.98 294.344170   7.881895  8.119
 13    19.430 52671.60237946 21.50 294.343430   7.878595  8.119
 14    25.116 52706.60237053 23.01 294.355298   7.915769 16.204
 14    24.834 52706.60237118 17.49 294.354568   7.912469 16.204
 14    23.837 52706.60237182 16.80 294.353828   7.909159 16.204
 14    19.205 52706.60237247 17.09 294.353088   7.905859 16.204
 14    20.920 52706.60237311 17.10 294.352358   7.902549 16.204
 14    21.317 52706.60237376 15.63 294.351618   7.899249 16.204
 14    18.379 52706.60237634 19.50 294.348678   7.886029 16.204
 14    18.031 52706.60237698 26.06 294.347938   7.882719 16.204
 14    18.228 52706.60237763 31.02 294.347208   7.879419 16.204
 15    22.301 52741.60240355 23.59 294.349301   7.914739 15.943
 15    19.812 52741.60240420 24.79 294.348561   7.911429 15.943
 15    19.415 52741.60240484 27.88 294.347831   7.908129 15.943
 15    19.035 52741.60240548 26.42 294.347091   7.904819 15.943
 15    19.034 52741.60240613 24.51 294.346351   7.901519 15.943
 15    18.792 52741.60240677 17.92 294.345621   7.898209 15.943
 15    18.939 52741.60240742 16.31 294.344881   7.894909 15.943
 15    19.101 52741.60240806 17.79 294.344151   7.891599 15.943
 15    19.231 52741.60240871 15.24 294.343411   7.888299 15.943
 15    18.699 52741.60240935 19.16 294.342681   7.884989 15.943
 15    18.998 52741.60241000 22.20 294.341941   7.881689 15.943
 15    19.152 52741.60241064 24.47 294.341201   7.878379 15.943
 16    24.473 52776.60234643 13.90 294.355593   7.913730 27.639
 16    24.141 52776.60234708 14.84 294.354864   7.910423  5.222
 16    23.677 52776.60234772 15.89 294.354124   7.907123  5.222
 16    23.330 52776.60234837 19.49 294.353394   7.903813  5.222
 16    23.767 52776.60234901 17.81 294.352654   7.900513  5.222
 16    23.962 52776.60235159 16.20 294.349714   7.887283  5.222
 16    23.720 52776.60235224 15.68 294.348974   7.883983  5.222
 16    23.845 52776.60235288 13.72 294.348244   7.880673  5.222
 16    23.892 52776.60235353 11.40 294.347504   7.877373  5.222
 17    27.214 52811.60242460 24.82 294.350468   7.912868  8.156
 17    27.061 52811.60242524 21.67 294.349738   7.909568  8.156
 17    26.658 52811.60242589 21.04 294.348998   7.906258  8.156
 17    26.607 52811.60242653 20.82 294.348268   7.902958  8.156
 17    26.381 52811.60242718 21.43 294.347528   7.899648  8.156
 17    26.847 52811.60242782 19.46 294.346788   7.896348  8.156
 17    27.043 52811.60242847 18.61 294.346058   7.893038  8.156
 17    27.182 52811.60242911 16.72 294.345318   7.889738  8.156
 17    27.321 52811.60242976 15.70 294.344588   7.886428  8.156
 17    27.460 52811.60243040 15.79 294.343848   7.883128  8.156
 17    29.800 52811.60243105 14.53 294.343108   7.879818  8.156
 17    28.772 52811.60243169 15.93 294.342378   7.876518  8.156
 18    30.390 52846.60247898 29.78 294.353300   7.916026 11.845
 18    29.883 52846.60247962 28.65 294.352560   7.912716 11.845
 18    29.197 52846.60248027 27.69 294.351820   7.909406 11.845
 18    29.126 52846.60248091 26.47 294.351090   7.906106 11.845
 18    28.404 52846.60248156 27.19 294.350350   7.902796 11.845
 18    29.751 52846.60248220 26.49 294.349620   7.899496 11.845
 18    26.890 52846.60248285 26.07 294.348880   7.896186 11.845
 18    29.331 52846.60248478 23.16 294.346670   7.886276 11.845
 18    29.742 52846.60248543 20.94 294.345940   7.882966 11.845
 18    30.137 52846.60248607 23.28 294.345200   7.879666 11.845
 19    31.440 52881.60251638 51.58 294.350346   7.913852 24.134
 19    31.500 52881.60251703 44.98 294.349616   7.910552 24.134
 19    31.542 52881.60251767 37.72 294.348876   7.907252 24.134
 19    31.580 52881.60251832 42.78 294.348146   7.903942 24.134
 19    31.577 52881.60251896 44.47 294.347406   7.900632 24.134
 19    31.555 52881.60251961 44.15 294.346676   7.897332 24.134
 19    31.436 52881.60252025 42.00 294.345936   7.894022 24.134
 19    31.440 52881.60252090 44.10 294.345196   7.890722 24.134
 19    31.503 52881.60252154 43.04 294.344466   7.887412 24.134
 19    31.542 52881.60252219 43.08 294.343726   7.884112 24.134
 19    31.535 52881.60252283 41.90 294.342996   7.880802 24.134
 19    31.574 52881.60252347 46.67 294.342256   7.877502 24.134
 20    29.661 52916.60247332 32.67 294.355120   7.914634  9.575
 20    29.189 52916.60247397 26.03 294.354380   7.911324  9.575
 20    28.884 52916.60247461 22.80 294.353650   7.908024  9.575
 20    29.397 52916.60247526 22.55 294.352910   7.904724  9.575
 20    29.736 52916.60247590 25.20 294.352180   7.901414  9.575
 20    29.052 52916.60247913 19.02 294.348500   7.884884  9.575
 20    29.423 52916.60247977 19.12 294.347760   7.881584  9.575
 20    29.722 52916.60248042 20.65 294.347030   7.878274  9.575
 21    28.701 52951.60243422 27.71 294.359040   7.914691 12.242
 21    28.164 52951.60243486 19.15 294.358300   7.911381 12.242
 21    27.801 52951.60243551 20.77 294.357570   7.908081 12.242
 21    28.460 52951.60243615 22.89 294.356830   7.904771 12.242
 21    27.776 52951.60244002 16.69 294.352420   7.884941 12.242
 21    28.156 52951.60244067 17.39 294.351680   7.881641 12.242
 21    28.521 52951.60244131 21.92 294.350940   7.878331 12.242
 22    27.935 52986.60245173 32.68 294.360590   7.915291 23.626
 22    28.108 52986.60245237 16.17 294.359860   7.911991 23.626
 22    26.490 52986.60245302 17.86 294.359120   7.908681 23.626
 22    26.302 52986.60245366 18.82 294.358380   7.905371 23.626
 22    26.599 52986.60245753 14.39 294.353973   7.885546  9.464
 22    27.736 52986.60245818 13.04 294.353233   7.882236  9.464
 22    28.343 52986.60245882 14.05 294.352493   7.878936  9.464
 23    27.275 53021.60244091 23.48 294.356814   7.915379 23.239
 23    21.056 53021.60244155 23.42 294.356074   7.912079 23.239
 23    21.360 53021.60244220 20.71 294.355334   7.908769 23.239
 23    22.443 53021.60244284 18.12 294.354604   7.905459 23.239
 23    23.914 53021.60244348 17.60 294.353864   7.902159 23.239
 23    21.666 53021.60244671 18.27 294.350192   7.885632  7.646
 23    21.155 53021.60244735 17.23 294.349452   7.882332  7.646
 23    27.263 53021.60244800 14.94 294.348712   7.879022  7.646
 24    25.745 53056.60243148 27.28 294.359729   7.914768 23.502
 24    25.573 53056.60243213 17.10 294.358989   7.911468 23.502
 24    19.053 53056.60243277 18.65 294.358259   7.908158 23.502
 24    18.657 53056.60243342 20.09 294.357520   7.904855  9.453
 24    18.895 53056.60243729 25.21 294.353110   7.885025  9.453
 24    18.609 53056.60243793 24.31 294.352370   7.881715  9.453
 24    18.836 53056.60243858 25.25 294.351630   7.878415  9.453
 25    19.240 53091.60247145 22.44 294.342389   7.905033  8.651
 25    20.440 53091.60247209 18.83 294.341659   7.901733  8.651
 25    19.187 53091.60247274 19.20 294.340919   7.898423  8.651
 25    19.566 53091.60247338 19.77 294.340179   7.895123  8.651
 25    19.006 53091.60247403 20.80 294.339449   7.891813  8.651
 25    19.027 53091.60247467 18.25 294.338709   7.888513  8.651
 25    18.905 53091.60247532 15.90 294.337979   7.885203  8.651
 25    18.982 53091.60247596 19.66 294.337239   7.881903  8.651
 25    19.025 53091.60247661 19.95 294.336509   7.878593  8.651
 26    25.502 53126.60243936 21.34 294.356735   7.915242 17.278
 26    25.049 53126.60244001 16.79 294.355995   7.911942 17.278
 26    25.010 53126.60244065 15.57 294.355265   7.908632 17.278
 26    24.157 53126.60244130 15.99 294.354525   7.905327  3.671
 26    23.697 53126.60244194 16.39 294.353795   7.902027  3.671
 26    23.480 53126.60244517 14.91 294.350115   7.885497  3.671
 26    22.572 53126.60244581 14.18 294.349375   7.882187  3.671
 26    22.575 53126.60244645 12.70 294.348635   7.878887  3.671
 27    27.492 53161.60250270 28.22 294.347112   7.913932  7.295
 27    27.264 53161.60250334 22.95 294.346372   7.910632  7.295
 27    26.871 53161.60250399 23.39 294.345642   7.907322  7.295
 27    26.791 53161.60250463 21.95 294.344902   7.904012  7.295
 27    26.958 53161.60250528 19.73 294.344172   7.900712  7.295
 27    27.181 53161.60250592 16.95 294.343432   7.897402  7.295
 27    27.070 53161.60250657 17.02 294.342692   7.894102  7.295
 27    27.073 53161.60250721 16.48 294.341962   7.890792  7.295
 27    27.223 53161.60250785 15.58 294.341222   7.887492  7.295
 27    27.416 53161.60250850 14.48 294.340492   7.884182  7.295
 27    27.474 53161.60250914 14.47 294.339752   7.880882  7.295
 27    28.496 53161.60250979 15.22 294.339022   7.877572  7.295
 28    29.889 53196.60250108 27.86 294.354872   7.913914 10.951
 28    29.417 53196.60250173 25.28 294.354132   7.910604 10.951
 28    29.389 53196.60250237 23.69 294.353402   7.907304 10.951
 28    29.701 53196.60250302 24.22 294.352662   7.903994 10.951
 28    29.861 53196.60250366 24.27 294.351922   7.900694 10.951
 28    28.766 53196.60250624 22.19 294.348982   7.887474 10.951
 28    29.360 53196.60250689 20.27 294.348252   7.884164 10.951
 28    29.831 53196.60250753 20.69 294.347512   7.880864 10.951
 28    30.204 53196.60250818 21.87 294.346772   7.877554 10.951
 29    31.736 53231.60248262 31.22 294.359120   7.913491 25.410
 29    30.938 53231.60248327 27.07 294.358390   7.910181 25.410
 29    30.663 53231.60248391 28.76 294.357650   7.906881 25.410
 29    31.354 53231.60248456 28.37 294.356920   7.903571 25.410
 29    30.893 53231.60248843 25.75 294.352506   7.883745 14.280
 29    31.258 53231.60248907 26.53 294.351766   7.880435 14.280
 29    31.319 53231.60248972 29.21 294.351026   7.877135 14.280
 30    30.509 53266.60245219 29.46 294.350763   7.914365 35.875
 30    30.060 53266.60245283 28.92 294.350033   7.911055 35.875
 30    29.795 53266.60245348 28.49 294.349293   7.907755 35.875
 30    29.265 53266.60245412 27.48 294.348553   7.904445 35.875
 30    28.807 53266.60245477 27.62 294.347823   7.901145 35.875
 30    29.594 53266.60245541 24.34 294.347083   7.897835 35.875
 30    29.708 53266.60245605 22.29 294.346347   7.894528  8.843
 30    29.211 53266.60245670 22.05 294.345617   7.891228  8.843
 30    29.302 53266.60245734 20.95 294.344877   7.887918  8.843
 30    30.089 53266.60245799 20.42 294.344147   7.884618  8.843
 30    30.335 53266.60245863 21.90 294.343407   7.881308  8.843
 30    30.689 53266.60245928 24.37 294.342677   7.877998  8.843
 31    28.171 53301.60250617 26.06 294.342434   7.904661 19.068
 31    28.365 53301.60250681 23.84 294.341704   7.901361 19.068
 31    28.584 53301.60250746 22.07 294.340964   7.898051 19.068
 31    28.543 53301.60250810 22.81 294.340234   7.894751 19.068
 31    28.279 53301.60250875 21.66 294.339494   7.891441 19.068
 31    28.203 53301.60250939 19.53 294.338754   7.888141 19.068
 31    28.078 53301.60251003 19.31 294.338024   7.884831 19.068
 31    28.346 53301.60251068 21.32 294.337284   7.881531 19.068
 31    28.764 53301.60251132 19.52 294.336554   7.878221 19.068
 32    28.439 53336.60247444 18.96 294.352567   7.914911 32.452
 32    25.179 53336.60247508 24.11 294.351832   7.911606 10.887
 32    25.159 53336.60247572 23.55 294.351092   7.908306 10.887
 32    25.259 53336.60247637 24.78 294.350362   7.904996 10.887
 32    25.160 53336.60247701 21.25 294.349622   7.901686 10.887
 32    24.993 53336.60247766 19.58 294.348892   7.898386 10.887
 32    24.964 53336.60247830 18.26 294.348152   7.895076 10.887
 32    25.148 53336.60247959 14.92 294.346682   7.888466 10.887
 32    26.452 53336.60248024 13.47 294.345942   7.885166 10.887
 32    30.609 53336.60248088 13.87 294.345212   7.881856 10.887
 32    31.688 53336.60248153 13.21 294.344472   7.878556 10.887
 33    26.809 53371.60241112 20.79 294.354133   7.913600 34.347
 33    26.117 53371.60241176 22.08 294.353393   7.910300 34.347
 33    22.807 53371.60241241 21.23 294.352665   7.906993  8.031
 33    22.583 53371.60241305 20.57 294.351925   7.903693  8.031
 33    23.324 53371.60241369 19.68 294.351195   7.900383  8.031
 33    22.351 53371.60241627 18.10 294.348245   7.887163  8.031
 33    22.352 53371.60241692 17.51 294.347515   7.883853  8.031
 33    22.229 53371.60241756 16.20 294.346775   7.880553  8.031
 33    28.271 53371.60241821 14.64 294.346045   7.877243  8.031
 34    27.739 53406.60244691 24.97 294.355602   7.915335 34.181
 34    20.215 53406.60244756 24.90 294.354862   7.912031  8.727
 34    20.101 53406.60244820 23.22 294.354132   7.908721  8.727
 34    20.874 53406.60244885 20.72 294.353392   7.905421  8.727
 34    21.896 53406.60244949 18.34 294.352652   7.902111  8.727
 34    21.970 53406.60245272 16.90 294.348972   7.885591  8.727
 34    21.057 53406.60245336 17.39 294.348242   7.882281  8.727
 34    20.134 53406.60245400 20.49 294.347502   7.878981  8.727
 35    19.766 53441.60243323 29.70 294.352462   7.913968 34.730
 35    19.802 53441.60243387 25.45 294.351733   7.910662 10.873
 35    19.908 53441.60243452 21.23 294.350993   7.907352 10.873
 35    19.969 53441.60243516 19.16 294.350263   7.904052 10.873
 35    19.855 53441.60243580 25.83 294.349523   7.900752 10.873
 35    19.801 53441.60243645 18.90 294.348793   7.897442 10.873
 35    19.390 53441.60243709 19.17 294.348053   7.894132 10.873
 35    19.271 53441.60243838 16.60 294.346583   7.887522 10.873
 35    22.081 53441.60243903 15.16 294.345843   7.884222 10.873
 35    19.493 53441.60243967 18.28 294.345113   7.880912 10.873
 35    19.533 53441.60244032 28.88 294.344373   7.877612 10.873
 36    22.690 53476.60250124 30.25 294.348521   7.915372  9.845
 36    20.343 53476.60250188 27.29 294.347781   7.912072  9.845
 36    20.293 53476.60250252 22.91 294.347041   7.908762  9.845
 36    20.337 53476.60250317 18.20 294.346311   7.905462  9.845
 36    20.815 53476.60250381 15.58 294.345571   7.902152  9.845
 36    20.622 53476.60250446 18.13 294.344841   7.898852  9.845
 36    20.502 53476.60250510 18.82 294.344101   7.895542  9.845
 36    20.413 53476.60250575 18.76 294.343361   7.892242  9.845
 36    20.771 53476.60250639 15.43 294.342631   7.888932  9.845
 36    20.585 53476.60250704 15.29 294.341891   7.885632  9.845
 36    20.671 53476.60250768 14.27 294.341161   7.882322  9.845
 36    20.784 53476.60250833 16.00 294.340421   7.879022  9.845
 37    26.063 53511.60251417 19.04 294.353080   7.915258 26.543
 37    25.813 53511.60251481 20.52 294.352340   7.911958 26.543
 37    26.093 53511.60251546 21.96 294.351600   7.908648 26.543
 37    26.033 53511.60251610 27.52 294.350870   7.905348 26.543
 37    25.937 53511.60251675 22.83 294.350130   7.902038 26.543
 37    25.677 53511.60251739 19.70 294.349400   7.898738 26.543
 37    25.101 53511.60251804 20.54 294.348660   7.895428 26.543
 37    23.790 53511.60251932 19.54 294.347184   7.888823  4.572
 37    24.481 53511.60251997 17.82 294.346454   7.885513  4.572
 37    25.631 53511.60252061 15.87 294.345714   7.882203  4.572
 37    25.732 53511.60252126 14.44 294.344984   7.878903  4.572
 38    27.979 53546.60253184 33.65 294.348407   7.915601  7.827
 38    27.873 53546.60253248 27.55 294.347667   7.912291  7.827
 38    27.516 53546.60253312 25.57 294.346937   7.908991  7.827
 38    27.385 53546.60253377 26.62 294.346197   7.905681  7.827
 38    27.664 53546.60253441 23.96 294.345467   7.902381  7.827
 38    27.602 53546.60253506 21.44 294.344727   7.899071  7.827
 38    27.454 53546.60253570 22.28 294.343997   7.895771  7.827
 38    27.219 53546.60253635 21.09 294.343257   7.892461  7.827
 38    26.994 53546.60253699 21.22 294.342517   7.889161  7.827
 38    27.068 53546.60253764 21.23 294.341787   7.885851  7.827
 38    29.388 53546.60253828 17.93 294.341047   7.882551  7.827
 38    31.212 53546.60253893 17.68 294.340317   7.879241  7.827
 39    29.356 53581.60250417 38.37 294.352511   7.914337 31.641
 39    29.200 53581.60250481 35.86 294.351771   7.911037 31.641
 39    29.165 53581.60250546 38.99 294.351038   7.907732  8.627
 39    29.019 53581.60250610 39.97 294.350298   7.904422  8.627
 39    28.985 53581.60250675 38.86 294.349568   7.901122  8.627
 39    29.069 53581.60250739 38.23 294.348828   7.897812  8.627
 39    29.101 53581.60250804 37.51 294.348098   7.894512  8.627
 39    29.208 53581.60250933 35.80 294.346618   7.887902  8.627
 39    29.187 53581.60250997 35.61 294.345888   7.884592  8.627
 39    29.165 53581.60251062 34.44 294.345148   7.881292  8.627
 39    29.188 53581.60251126 33.38 294.344418   7.877982  8.627
 40    29.565 53616.60245948 32.16 294.348997   7.913106 38.967
 40    29.249 53616.60246012 31.40 294.348268   7.909800 11.363
 40    29.031 53616.60246076 26.57 294.347528   7.906490 11.363
 40    28.441 53616.60246141 27.17 294.346798   7.903190 11.363
 40    27.951 53616.60246205 26.54 294.346058   7.899880 11.363
 40    28.921 53616.60246270 23.73 294.345328   7.896580 11.363
 40    28.869 53616.60246334 21.90 294.344588   7.893270 11.363
 40    28.522 53616.60246399 21.81 294.343848   7.889970 11.363
 40    28.570 53616.60246463 22.55 294.343118   7.886660 11.363
 40    29.273 53616.60246528 20.74 294.342378   7.883360 11.363
 40    29.543 53616.60246592 23.38 294.341648   7.880050 11.363
 40    31.910 53616.60246657 23.63 294.340908   7.876750 11.363
 41    27.424 53651.60247494 25.20 294.353958   7.913087  8.524
 41    26.906 53651.60247558 26.61 294.353218   7.909787  8.524
 41    26.815 53651.60247623 24.66 294.352478   7.906477  8.524
 41    26.678 53651.60247687 26.54 294.351748   7.903177  8.524
 41    27.005 53651.60247752 25.79 294.351008   7.899867  8.524
 41    27.371 53651.60248010 21.11 294.348068   7.886647  8.524
 41    27.381 53651.60248074 20.92 294.347328   7.883347  8.524
 41    27.729 53651.60248139 22.83 294.346598   7.880037  8.524
 41    28.320 53651.60248203 23.18 294.345858   7.876737  8.524
 42    25.595 53686.60248055 23.70 294.348456   7.913566 30.979
 42    25.681 53686.60248120 22.61 294.347721   7.910261 11.698
 42    25.520 53686.60248184 31.61 294.346981   7.906951 11.698
 42    25.550 53686.60248249 28.71 294.346251   7.903651 11.698
 42    25.392 53686.60248313 23.56 294.345511   7.900341 11.698
 42    25.175 53686.60248378 20.92 294.344781   7.897041 11.698
 42    24.889 53686.60248442 17.18 294.344041   7.893731 11.698
 42    25.346 53686.60248507 15.07 294.343301   7.890431 11.698
 42    25.503 53686.60248571 15.07 294.342571   7.887121 11.698
 42    26.717 53686.60248636 13.18 294.341831   7.883821 11.698
 42    31.227 53686.60248700 12.70 294.341101   7.880511 11.698
 42    32.097 53686.60248765 12.53 294.340361   7.877211 11.698
 43    28.266 53721.60240583 20.36 294.355249   7.914827 34.231
 43    27.682 53721.60240647 17.90 294.354509   7.911527 34.231
 43    26.099 53721.60240712 18.53 294.353780   7.908220  7.450
 43    25.045 53721.60240776 18.58 294.353040   7.904920  7.450
 43    24.621 53721.60240841 18.76 294.352310   7.901610  7.450
 43    23.692 53721.60241163 14.31 294.348630   7.885080  7.450
 43    27.370 53721.60241227 13.30 294.347890   7.881780  7.450
 43    27.872 53721.60241292 16.27 294.347160   7.878470  7.450
 44    26.506 53756.60233583 30.02 294.361501   7.915165  9.004
 44    26.088 53756.60233647 19.21 294.360771   7.911855  9.004
 44    24.863 53756.60233712 19.05 294.360031   7.908555  9.004
 44    23.263 53756.60233776 18.62 294.359291   7.905245  9.004
 44    21.710 53756.60234163 16.86 294.354881   7.885415  9.004
 44    20.713 53756.60234227 17.87 294.354141   7.882115  9.004
 44    20.848 53756.60234292 17.23 294.353411   7.878805  9.004
 45    25.073 53791.60236221 30.99 294.357158   7.914604 32.175
 45    20.428 53791.60236285 26.57 294.356423   7.911298  7.824
 45    20.397 53791.60236350 23.37 294.355683   7.907988  7.824
 45    20.590 53791.60236414 22.36 294.354953   7.904688  7.824
 45    20.567 53791.60236478 21.64 294.354213   7.901388  7.824
 45    21.850 53791.60236801 15.20 294.350533   7.884858  7.824
 45    20.930 53791.60236865 14.85 294.349803   7.881548  7.824
 45    20.657 53791.60236930 14.66 294.349063   7.878248  7.824
 46    24.909 53826.60232425 28.10 294.359243   7.915113 21.725
 46    24.419 53826.60232489 20.95 294.358503   7.911813 21.725
 46    20.277 53826.60232553 18.71 294.357773   7.908503 21.725
 46    20.460 53826.60232618 16.25 294.357030   7.905199  4.377
 46    21.883 53826.60233005 14.38 294.352620   7.885369  4.377
 46    20.595 53826.60233069 15.80 294.351880   7.882059  4.377
 46    20.485 53826.60233134 14.97 294.351140   7.878759  4.377
 47    22.387 53861.60241430 46.80 294.349868   7.912840 30.017
 47    22.429 53861.60241494 46.96 294.349128   7.909530 30.017
 47    22.257 53861.60241559 34.35 294.348388   7.906230 30.017
 47    22.591 53861.60241623 36.33 294.347658   7.902920 30.017
 47    22.399 53861.60241688 37.96 294.346919   7.899614  9.990
 47    22.355 53861.60241752 33.82 294.346189   7.896304  9.990
 47    22.354 53861.60241817 39.32 294.345449   7.893004  9.990
 47    22.253 53861.60241881 34.49 294.344709   7.889694  9.990
 47    22.244 53861.60241946 32.95 294.343979   7.886394  9.990
 47    22.281 53861.60242010 31.81 294.343239   7.883084  9.990
 47    22.497 53861.60242075 30.73 294.342499   7.879784  9.990
 47    22.663 53861.60242139 39.27 294.341769   7.876474  9.990
 48    26.279 53896.60243421 23.27 294.354633   7.914177  8.912
 48    26.909 53896.60243486 21.55 294.353893   7.910877  8.912
 48    26.927 53896.60243550 25.30 294.353153   7.907567  8.912
 48    26.799 53896.60243615 25.07 294.352423   7.904267  8.912
 48    26.275 53896.60243679 22.83 294.351683   7.900957  8.912
 48    23.738 53896.60243937 21.94 294.348743   7.887737  8.912
 48    22.912 53896.60244002 20.89 294.348003   7.884437  8.912
 48    26.633 53896.60244066 18.98 294.347273   7.881127  8.912
 48    26.869 53896.60244131 20.00 294.346533   7.877827  8.912
 49    30.175 53931.60248755 45.20 294.340003   7.899959 17.388
 49    30.100 53931.60248819 42.60 294.339263   7.896659 17.388
 49    30.120 53931.60248884 41.72 294.338533   7.893349 17.388
 49    30.002 53931.60248948 46.86 294.337793   7.890039 17.388
 49    30.093 53931.60249013 45.33 294.337063   7.886739 17.388
 49    30.026 53931.60249077 41.63 294.336323   7.883429 17.388
 49    29.987 53931.60249142 43.22 294.335583   7.880129 17.388
 49    30.047 53931.60249206 43.19 294.334853   7.876819 17.388
 50    31.974 53966.60246112 47.46 294.345910   7.911741 40.644
 50    31.966 53966.60246176 39.20 294.345180   7.908441 40.644
 50    31.852 53966.60246240 48.15 294.344440   7.905131 40.644
 50    31.852 53966.60246305 49.00 294.343710   7.901831 40.644
 50    31.894 53966.60246369 49.21 294.342970   7.898521 40.644
 50    31.968 53966.60246434 48.09 294.342238   7.895216 18.326
 50    32.013 53966.60246498 46.57 294.341498   7.891906 18.326
 50    32.016 53966.60246563 48.27 294.340768   7.888606 18.326
 50    31.986 53966.60246627 47.93 294.340028   7.885296 18.326
 50    31.968 53966.60246692 45.92 294.339298   7.881996 18.326
 50    31.990 53966.60246756 49.16 294.338558   7.878686 18.326
 51    29.623 54001.60242214 31.17 294.357271   7.914835 30.670
 51    29.235 54001.60242278 24.54 294.356541   7.911525 30.670
 51    28.513 54001.60242343 21.04 294.355801   7.908225 30.670
 51    28.800 54001.60242407 21.19 294.355061   7.904915 30.670
 51    29.568 54001.60242472 20.65 294.354326   7.901611  8.977
 51    28.813 54001.60242794 18.81 294.350646   7.885081  8.977
 51    29.171 54001.60242859 18.94 294.349916   7.881781  8.977
 51    29.620 54001.60242923 22.90 294.349176   7.878471  8.977
 52    28.143 54036.60246284 21.62 294.355895   7.913295 28.836
 52    27.044 54036.60246349 20.56 294.355165   7.909995 28.836
 52    26.716 54036.60246413 21.30 294.354425   7.906685 28.836
 52    26.587 54036.60246478 21.26 294.353685   7.903385 28.836
 52    26.798 54036.60246542 20.40 294.352955   7.900075 28.836
 52    26.350 54036.60246800 18.04 294.350008   7.886851  9.152
 52    26.697 54036.60246864 18.02 294.349278   7.883551  9.152
 52    27.653 54036.60246929 17.30 294.348538   7.880241  9.152
 52    28.453 54036.60246993 18.55 294.347808   7.876941  9.152
 53    28.046 54071.60245724 19.95 294.354280   7.913552 31.984
 53    26.261 54071.60245789 20.14 294.353550   7.910252 31.984
 53    25.958 54071.60245853 19.25 294.352810   7.906942 31.984
 53    25.675 54071.60245918 21.14 294.352080   7.903642 31.984
 53    25.508 54071.60245982 20.64 294.351340   7.900332 31.984
 53    25.281 54071.60246240 18.42 294.348395   7.887107  6.551
 53    25.977 54071.60246305 16.46 294.347665   7.883807  6.551
 53    26.131 54071.60246369 18.34 294.346925   7.880497  6.551
 53    27.914 54071.60246434 17.20 294.346185   7.877197  6.551
 54    23.376 54106.60240783 32.59 294.351458   7.915372 31.620
 54    24.111 54106.60240847 23.18 294.350718   7.912072 31.620
 54    23.744 54106.60240911 21.59 294.349988   7.908762 31.620
 54    22.331 54106.60240976 30.72 294.349248   7.905452 31.620
 54    22.059 54106.60241040 30.64 294.348508   7.902152 31.620
 54    22.000 54106.60241105 28.32 294.347778   7.898842 31.620
 54    21.993 54106.60241169 22.39 294.347038   7.895542 31.620
 54    21.666 54106.60241234 19.47 294.346301   7.892233  8.523
 54    21.507 54106.60241298 17.99 294.345571   7.888933  8.523
 54    22.148 54106.60241363 16.19 294.344841   7.885623  8.523
 54    22.171 54106.60241427 16.01 294.344101   7.882323  8.523
 54    22.268 54106.60241492 24.54 294.343361   7.879013  8.523
 55    19.721 54141.60239070 27.45 294.353093   7.913538 32.422
 55    21.141 54141.60239134 22.98 294.352353   7.910228 32.422
 55    22.271 54141.60239199 18.38 294.351613   7.906928 32.422
 55    22.089 54141.60239263 16.22 294.350883   7.903618 32.422
 55    21.806 54141.60239328 16.44 294.350144   7.900314  8.241
 55    21.374 54141.60239392 17.13 294.349414   7.897004  8.241
 55    19.796 54141.60239586 18.55 294.347204   7.887094  8.241
 55    19.478 54141.60239650 18.19 294.346464   7.883784  8.241
 55    19.664 54141.60239715 22.17 294.345734   7.880484  8.241
 55    19.719 54141.60239779 25.90 294.344994   7.877174  8.241
 56    19.278 54176.60239001 26.20 294.351603   7.913424 21.180
 56    21.418 54176.60239066 21.90 294.350863   7.910124 21.180
 56    21.778 54176.60239130 18.57 294.350133   7.906814 21.180
 56    21.601 54176.60239195 16.41 294.349393   7.903514 21.180
 56    21.402 54176.60239259 15.44 294.348663   7.900204 21.180
 56    19.846 54176.60239324 17.10 294.347923   7.896904 21.180
 56    17.951 54176.60239388 18.60 294.347183   7.893594 21.180
 56    17.809 54176.60239517 22.84 294.345713   7.886984 21.180
 56    18.052 54176.60239582 24.88 294.344983   7.883684 21.180
 56    18.237 54176.60239646 30.20 294.344243   7.880374 21.180
 56    18.590 54176.60239711 29.04 294.343513   7.877069  4.491
 57    21.925 54211.60239758 22.03 294.351965   7.913017 26.970
 57    21.895 54211.60239823 24.36 294.351235   7.909707 26.970
 57    21.877 54211.60239887 25.46 294.350495   7.906407 26.970
 57    22.098 54211.60239952 34.40 294.349765   7.903097 26.970
 57    21.800 54211.60240016 35.67 294.349025   7.899797 26.970
 57    21.684 54211.60240081 27.50 294.348285   7.896487 26.970
 57    21.577 54211.60240145 22.41 294.347555   7.893177 26.970
 57    20.762 54211.60240274 21.42 294.346075   7.886567 26.970
 57    21.793 54211.60240339 14.90 294.345345   7.883267 26.970
 57    22.049 54211.60240403 15.17 294.344608   7.879960  3.200
 57    21.882 54211.60240467 24.71 294.343868   7.876660  3.200
 58    24.799 54246.60242638 30.97 294.353464   7.915963 14.194
 58    25.220 54246.60242702 33.40 294.352734   7.912653 14.194
 58    25.077 54246.60242766 43.23 294.351994   7.909353 14.194
 58    24.911 54246.60242831 34.99 294.351264   7.906043 14.194
 58    24.804 54246.60242895 35.64 294.350524   7.902743 14.194
 58    24.926 54246.60242960 37.02 294.349794   7.899433 14.194
 58    25.072 54246.60243024 38.94 294.349054   7.896133 14.194
 58    25.160 54246.60243218 43.05 294.346844   7.886213 14.194
 58    25.216 54246.60243282 41.59 294.346114   7.882903 14.194
 58    25.120 54246.60243347 40.68 294.345374   7.879603 14.194
 60    30.896 54316.60243548 31.30 294.355181   7.916074 19.838
 60    30.604 54316.60243612 27.67 294.354451   7.912764 19.838
 60    30.178 54316.60243677 29.18 294.353711   7.909464 19.838
 60    29.794 54316.60243741 28.81 294.352981   7.906154 19.838
 60    30.211 54316.60243806 27.16 294.352241   7.902854 19.838
 60    30.635 54316.60243870 25.61 294.351501   7.899544 19.838
 60    30.537 54316.60244128 28.76 294.348561   7.886324 19.838
 60    30.667 54316.60244192 27.46 294.347831   7.883024 19.838
 60    30.847 54316.60244257 28.70 294.347091   7.879714 19.838
 61    30.294 54351.60240279 30.94 294.352939   7.913309 23.921
 61    29.962 54351.60240343 29.53 294.352209   7.909999 23.921
 61    29.396 54351.60240408 27.44 294.351469   7.906699 23.921
 61    28.836 54351.60240472 28.59 294.350739   7.903389 23.921
 61    29.001 54351.60240537 25.88 294.349999   7.900089 23.921
 61    29.625 54351.60240601 22.72 294.349269   7.896779 23.921
 61    29.081 54351.60240794 22.68 294.347059   7.886869 23.921
 61    29.887 54351.60240859 25.25 294.346319   7.883559 23.921
 61    30.271 54351.60240923 24.59 294.345589   7.880259 23.921
 61    30.927 54351.60240988 22.93 294.344849   7.876949 23.921
 62    29.058 54386.60237526 32.84 294.354455   7.913976 15.246
 62    28.815 54386.60237591 33.85 294.353715   7.910676 15.246
 62    28.842 54386.60237655 33.47 294.352985   7.907366 15.246
 62    28.444 54386.60237720 33.79 294.352245   7.904066 15.246
 62    28.545 54386.60237784 31.89 294.351515   7.900756 15.246
 62    28.949 54386.60238042 26.54 294.348565   7.887536 15.246
 62    28.829 54386.60238106 26.09 294.347835   7.884236 15.246
 62    28.944 54386.60238171 25.51 294.347095   7.880926 15.246
 62    29.188 54386.60238235 25.04 294.346355   7.877626 15.246
 63    28.653 54421.60235251 22.31 294.352447   7.915265 16.307
 63    27.100 54421.60235316 22.10 294.351717   7.911955 16.307
 63    26.553 54421.60235380 22.92 294.350977   7.908655 16.307
 63    26.273 54421.60235445 25.57 294.350247   7.905345 16.307
 63    26.104 54421.60235509 23.48 294.349507   7.902045 16.307
 63    25.752 54421.60235574 22.10 294.348777   7.898735 16.307
 63    25.345 54421.60235638 21.88 294.348037   7.895435 16.307
 63    23.461 54421.60235767 22.47 294.346567   7.888825 16.307
 63    26.040 54421.60235832 19.06 294.345827   7.885515 16.307
 63    26.383 54421.60235896 17.63 294.345097   7.882215 16.307
 63    30.525 54421.60235961 16.21 294.344357   7.878905 16.307
 64    28.363 54456.60234807 20.12 294.355073   7.914946 18.156
 64    24.684 54456.60234872 25.90 294.354333   7.911646 18.156
 64    24.388 54456.60234936 25.34 294.353603   7.908336 18.156
 64    22.518 54456.60235001 34.34 294.352863   7.905036 18.156
 64    22.523 54456.60235065 28.99 294.352133   7.901726 18.156
 64    21.987 54456.60235388 16.88 294.348443   7.885206 18.156
 64    27.354 54456.60235452 15.97 294.347713   7.881896 18.156
 64    22.498 54456.60235516 23.25 294.346973   7.878596 18.156
 65    20.540 54491.60235430 34.53 294.353977   7.915145 15.873
 65    20.972 54491.60235495 25.66 294.353247   7.911835 15.873
 65    20.734 54491.60235559 22.05 294.352507   7.908535 15.873
 65    21.895 54491.60235623 21.83 294.351777   7.905225 15.873
 65    22.078 54491.60235688 21.96 294.351037   7.901915 15.873
 65    20.815 54491.60235752 23.35 294.350307   7.898615 15.873
 65    20.365 54491.60236010 18.78 294.347357   7.885395 15.873
 65    20.728 54491.60236075 18.23 294.346627   7.882085 15.873
 65    20.870 54491.60236139 26.96 294.345887   7.878785 15.873
 66    19.102 54526.60236115 26.30 294.355279   7.913452 15.558
 66    19.094 54526.60236179 22.50 294.354549   7.910152 15.558
 66    18.766 54526.60236244 18.90 294.353809   7.906842 15.558
 66    23.090 54526.60236308 16.71 294.353069   7.903542 15.558
 66    22.273 54526.60236373 16.83 294.352339   7.900232 15.558
 66    19.399 54526.60236630 18.89 294.349399   7.887012 15.558
 66    19.338 54526.60236695 19.95 294.348659   7.883712 15.558
 66    19.269 54526.60236759 27.58 294.347919   7.880402 15.558
 66    19.333 54526.60236824 33.72 294.347189   7.877102 15.558
 67    19.102 54561.60236208 26.25 294.352752   7.915878 34.704
 67    18.924 54561.60236272 26.90 294.352021   7.912571 11.002
 67    18.820 54561.60236337 21.40 294.351281   7.909271 11.002
 67    18.589 54561.60236401 19.75 294.350551   7.905961 11.002
 67    18.057 54561.60236466 17.14 294.349811   7.902661 11.002
 67    17.995 54561.60236530 18.44 294.349071   7.899351 11.002
 67    18.682 54561.60236595 18.06 294.348341   7.896041 11.002
 67    19.638 54561.60236788 18.08 294.346131   7.886131 11.002
 67    18.964 54561.60236853 21.54 294.345401   7.882821 11.002
 67    18.926 54561.60236917 26.62 294.344661   7.879521 11.002
 69    26.294 54631.60237047 25.51 294.352160   7.914561 11.291
 69    26.445 54631.60237111 27.77 294.351420   7.911251 11.291
 69    26.232 54631.60237176 26.73 294.350690   7.907951 11.291
 69    26.002 54631.60237240 25.38 294.349950   7.904641 11.291
 69    25.603 54631.60237305 23.12 294.349210   7.901341 11.291
 69    24.926 54631.60237369 24.00 294.348480   7.898031 11.291
 69    24.400 54631.60237434 22.67 294.347740   7.894731 11.291
 69    22.690 54631.60237563 22.28 294.346270   7.888121 11.291
 69    22.164 54631.60237627 20.32 294.345540   7.884811 11.291
 69    25.715 54631.60237692 17.87 294.344800   7.881511 11.291
 69    25.312 54631.60237756 17.66 294.344070   7.878201 11.291
 70    29.225 54666.60237631 33.02 294.351603   7.914342 13.921
 70    29.014 54666.60237696 33.06 294.350873   7.911032 13.921
 70    28.577 54666.60237760 30.62 294.350133   7.907722 13.921
 70    28.311 54666.60237825 28.79 294.349403   7.904422 13.921
 70    28.403 54666.60237889 27.89 294.348663   7.901112 13.921
 70    28.503 54666.60237954 26.16 294.347923   7.897812 13.921
 70    28.332 54666.60238018 24.52 294.347193   7.894502 13.921
 70    27.906 54666.60238147 24.91 294.345723   7.887892 13.921
 70    28.547 54666.60238212 23.05 294.344983   7.884592 13.921
 70    29.205 54666.60238276 21.87 294.344253   7.881282 13.921
 70    29.457 54666.60238340 20.65 294.343513   7.877982 13.921
 71    30.662 54701.60234405 30.77 294.354327   7.914667 28.302
 71    30.225 54701.60234470 26.45 294.353587   7.911357 28.302
 71    29.743 54701.60234534 24.16 294.352856   7.908051 11.385
 71    30.242 54701.60234599 21.62 294.352116   7.904741 11.385
 71    30.108 54701.60234663 20.59 294.351386   7.901441 11.385
 71    30.144 54701.60234728 19.94 294.350646   7.898131 11.385
 71    29.317 54701.60234921 22.15 294.348436   7.888221 11.385
 71    29.856 54701.60234985 23.82 294.347706   7.884911 11.385
 71    30.383 54701.60235050 23.76 294.346966   7.881611 11.385
 71    30.531 54701.60235114 25.35 294.346236   7.878301 11.385
 72    29.511 54736.60233626 29.11 294.354215   7.916092 14.252
 72    28.935 54736.60233690 27.17 294.353475   7.912782 14.252
 72    29.325 54736.60233754 36.58 294.352745   7.909482 14.252
 72    29.653 54736.60233819 27.97 294.352005   7.906172 14.252
 72    28.807 54736.60233883 24.23 294.351275   7.902872 14.252
 72    28.525 54736.60233948 22.64 294.350535   7.899562 14.252
 72    28.441 54736.60234206 20.34 294.347595   7.886342 14.252
 72    28.879 54736.60234270 18.90 294.346855   7.883042 14.252
 72    28.983 54736.60234335 21.04 294.346115   7.879732 14.252
 72    31.166 54736.60234399 22.06 294.345385   7.876432 14.252
 73    29.391 54771.60232530 22.46 294.354154   7.915213 11.332
 73    28.100 54771.60232594 21.90 294.353414   7.911903 11.332
 73    26.646 54771.60232659 21.97 294.352684   7.908603 11.332
 73    26.439 54771.60232723 21.91 294.351944   7.905293 11.332
 73    26.267 54771.60232788 21.24 294.351214   7.901993 11.332
 73    25.524 54771.60232852 22.95 294.350474   7.898683 11.332
 73    26.213 54771.60233110 19.62 294.347534   7.885463 11.332
 73    26.072 54771.60233175 20.94 294.346794   7.882163 11.332
 73    28.475 54771.60233239 17.59 294.346064   7.878853 11.332
 74    28.833 54806.60232979 20.46 294.353034   7.915918 11.538
 74    27.787 54806.60233043 20.98 294.352294   7.912608 11.538
 74    26.215 54806.60233108 21.63 294.351564   7.909308 11.538
 74    26.252 54806.60233172 21.48 294.350824   7.905998 11.538
 74    25.960 54806.60233237 22.39 294.350094   7.902698 11.538
 74    25.723 54806.60233301 21.02 294.349354   7.899388 11.538
 74    24.885 54806.60233366 21.70 294.348614   7.896088 11.538
 74    22.322 54806.60233559 21.28 294.346414   7.886168 11.538
 74    25.595 54806.60233623 18.70 294.345674   7.882868 11.538
 74    30.899 54806.60233688 16.89 294.344934   7.879558 11.538
 75    21.535 54841.60232089 33.82 294.353944   7.915796 17.165
 75    21.809 54841.60232153 26.42 294.353204   7.912486 17.165
 75    22.328 54841.60232218 28.95 294.352474   7.909186 17.165
 75    22.152 54841.60232282 35.50 294.351734   7.905876 17.165
 75    22.141 54841.60232347 29.21 294.351004   7.902576 17.165
 75    22.142 54841.60232411 23.06 294.350264   7.899266 17.165
 75    21.450 54841.60232669 18.30 294.347324   7.886046 17.165
 75    21.531 54841.60232733 20.51 294.346584   7.882746 17.165
 75    21.636 54841.60232798 29.37 294.345854   7.879436 17.165
 76    20.980 54876.60233194 25.43 294.352393   7.915169 21.379
 76    23.633 54876.60233258 22.00 294.351653   7.911859 21.379
 76    23.427 54876.60233323 22.62 294.350913   7.908559 21.379
 76    22.141 54876.60233387 31.55 294.350183   7.905249 21.379
 76    22.012 54876.60233452 28.41 294.349443   7.901949 21.379
 76    21.787 54876.60233516 23.00 294.348713   7.898639 21.379
 76    20.913 54876.60233581 24.89 294.347973   7.895339 21.379
 76    20.816 54876.60233710 18.58 294.346503   7.888729 21.379
 76    20.878 54876.60233774 17.48 294.345763   7.885419 21.379
 76    21.097 54876.60233839 20.38 294.345033   7.882119 21.379
 76    21.154 54876.60233903 24.64 294.344293   7.878809 21.379
 77    19.483 54911.60232625 30.14 294.351045   7.914925 11.790
 77    23.168 54911.60232689 21.19 294.350305   7.911625 11.790
 77    23.203 54911.60232754 16.40 294.349575   7.908315 11.790
 77    23.926 54911.60232818 16.33 294.348835   7.905015 11.790
 77    21.445 54911.60232883 19.51 294.348105   7.901705 11.790
 77    19.668 54911.60232947 30.18 294.347365   7.898395 11.790
 77    19.544 54911.60233012 27.85 294.346635   7.895095 11.790
 77    19.277 54911.60233076 21.45 294.345895   7.891785 11.790
 77    19.209 54911.60233140 18.32 294.345155   7.888485 11.790
 77    19.698 54911.60233205 16.64 294.344425   7.885175 11.790
 77    19.639 54911.60233269 20.07 294.343685   7.881875 11.790
 77    19.848 54911.60233334 26.38 294.342955   7.878565 11.790
 78    20.853 54946.60232372 24.74 294.352095   7.914931 14.145
 78    20.587 54946.60232437 22.79 294.351355   7.911631 14.145
 78    21.965 54946.60232501 16.14 294.350625   7.908321 14.145
 78    21.363 54946.60232566 15.91 294.349885   7.905011 14.145
 78    22.062 54946.60232630 15.90 294.349155   7.901711 14.145
 78    20.903 54946.60232695 21.83 294.348415   7.898401 14.145
 78    20.646 54946.60232759 25.19 294.347675   7.895101 14.145
 78    20.557 54946.60232888 17.34 294.346205   7.888491 14.145
 78    20.920 54946.60232952 17.83 294.345475   7.885181 14.145
 78    21.047 54946.60233017 20.48 294.344735   7.881881 14.145
 78    20.999 54946.60233081 23.48 294.343995   7.878571 14.145
 79    23.097 54981.60235008 22.83 294.352036   7.915156 15.078
 79    23.134 54981.60235072 34.75 294.351296   7.911846 15.078
 79    22.992 54981.60235137 35.79 294.350566   7.908546 15.078
 79    23.115 54981.60235201 27.09 294.349826   7.905236 15.078
 79    23.058 54981.60235266 25.82 294.349096   7.901936 15.078
 79    22.769 54981.60235330 23.13 294.348356   7.898626 15.078
 79    22.534 54981.60235395 16.85 294.347616   7.895326 15.078
 79    22.449 54981.60235459 15.28 294.346886   7.892016 15.078
 79    22.611 54981.60235524 14.37 294.346146   7.888716 15.078
 79    22.880 54981.60235588 12.38 294.345416   7.885406 15.078
 79    22.982 54981.60235653 13.31 294.344676   7.882106 15.078
 79    23.065 54981.60235717 15.86 294.343936   7.878796 15.078
 80    27.007 55016.60235061 33.16 294.353553   7.915888 17.352
 80    26.793 55016.60235125 46.92 294.352813   7.912588 17.352
 80    26.656 55016.60235190 47.49 294.352083   7.909278 17.352
 80    26.995 55016.60235254 40.16 294.351343   7.905968 17.352
 80    26.772 55016.60235318 37.49 294.350613   7.902668 17.352
 80    26.746 55016.60235383 37.98 294.349873   7.899358 17.352
 80    26.778 55016.60235447 41.99 294.349133   7.896058 17.352
 80    26.674 55016.60235641 41.78 294.346933   7.886138 17.352
 80    26.755 55016.60235705 39.09 294.346193   7.882838 17.352
 80    26.654 55016.60235770 37.42 294.345463   7.879528 17.352
 81    29.562 55051.60234512 29.43 294.354448   7.915152 10.261
 81    28.970 55051.60234576 27.64 294.353708   7.911852 10.261
 81    29.031 55051.60234641 27.89 294.352978   7.908542 10.261
 81    28.138 55051.60234705 28.92 294.352238   7.905242 10.261
 81    28.882 55051.60234769 25.85 294.351508   7.901932 10.261
 81    28.715 55051.60234834 23.27 294.350768   7.898622 10.261
 81    28.398 55051.60235092 22.25 294.347828   7.885402 10.261
 81    29.118 55051.60235156 22.82 294.347088   7.882102 10.261
 81    29.730 55051.60235221 22.33 294.346358   7.878792 10.261
 82    28.957 55086.60231017 28.34 294.352089   7.914561 20.704
 82    29.113 55086.60231082 28.88 294.351349   7.911261 20.704
 82    29.147 55086.60231146 39.34 294.350619   7.907951 20.704
 82    29.040 55086.60231211 29.56 294.349879   7.904651 20.704
 82    28.502 55086.60231275 25.56 294.349149   7.901341 20.704
 82    28.224 55086.60231339 26.40 294.348409   7.898041 20.704
 82    27.965 55086.60231404 23.67 294.347679   7.894731 20.704
 82    28.622 55086.60231533 19.85 294.346209   7.888121 20.704
 82    28.880 55086.60231597 19.01 294.345469   7.884811 20.704
 82    29.109 55086.60231662 19.32 294.344729   7.881511 20.704
 82    29.608 55086.60231726 20.01 294.343999   7.878201 20.704
 83    28.446 55121.60228002 22.37 294.355263   7.915630 24.379
 83    28.101 55121.60228067 19.31 294.354533   7.912330 24.379
 83    26.367 55121.60228131 19.51 294.353793   7.909020 24.379
 83    25.997 55121.60228196 19.36 294.353053   7.905720 24.379
 83    25.722 55121.60228260 19.67 294.352323   7.902410 24.379
 83    25.351 55121.60228325 19.17 294.351584   7.899106  6.437
 83    24.841 55121.60228583 18.18 294.348644   7.885886  6.437
 83    25.543 55121.60228647 16.02 294.347904   7.882576  6.437
 83    26.234 55121.60228712 17.84 294.347174   7.879276  6.437
 84    24.069 55156.60227057 27.87 294.351720   7.914353 26.552
 84    24.398 55156.60227121 22.15 294.350990   7.911043 26.552
 84    24.208 55156.60227186 25.82 294.350250   7.907743 26.552
 84    22.948 55156.60227250 31.90 294.349510   7.904433 26.552
 84    22.832 55156.60227315 30.03 294.348780   7.901133 26.552
 84    22.758 55156.60227379 26.24 294.348040   7.897823 26.552
 84    23.758 55156.60227444 18.31 294.347310   7.894513 26.552
 84    22.879 55156.60227573 14.72 294.345839   7.887906  6.213
 84    22.527 55156.60227637 14.31 294.345099   7.884606  6.213
 84    22.830 55156.60227702 15.97 294.344369   7.881296  6.213
 84    22.886 55156.60227766 17.80 294.343629   7.877996  6.213
 85    21.405 55191.60226972 22.74 294.352947   7.913141 15.592
 85    23.922 55191.60227036 21.21 294.352217   7.909841 15.592
 85    22.205 55191.60227101 29.24 294.351477   7.906531 15.592
 85    22.032 55191.60227165 30.70 294.350747   7.903231 15.592
 85    21.842 55191.60227230 23.94 294.350007   7.899921 15.592
 85    19.935 55191.60227294 28.33 294.349267   7.896621 15.592
 85    19.962 55191.60227488 17.53 294.347067   7.886701 15.592
 85    20.246 55191.60227552 21.62 294.346327   7.883401 15.592
 85    20.170 55191.60227617 27.76 294.345587   7.880091 15.592
 85    21.138 55191.60227681 25.38 294.344857   7.876791 15.592
 86    20.282 55226.60227146 25.32 294.352152   7.915240 28.262
 86    20.865 55226.60227210 27.38 294.351412   7.911940 28.262
 86    24.140 55226.60227275 15.30 294.350672   7.908630 28.262
 86    21.668 55226.60227339 25.80 294.349942   7.905330 28.262
 86    21.486 55226.60227404 25.86 294.349202   7.902020 28.262
 86    22.994 55226.60227468 18.53 294.348472   7.898710 28.262
 86    18.435 55226.60227533 17.85 294.347732   7.895410 28.262
 86    17.718 55226.60227662 22.54 294.346260   7.888805  5.876
 86    17.872 55226.60227726 21.62 294.345530   7.885495  5.876
 86    18.464 55226.60227791 24.38 294.344790   7.882185  5.876
 86    18.345 55226.60227855 25.61 294.344050   7.878885  5.876
 87    20.416 55261.60226536 21.34 294.353845   7.913666 31.137
 87    20.495 55261.60226601 22.27 294.353115   7.910366 31.137
 87    22.064 55261.60226665 15.24 294.352375   7.907056 31.137
 87    23.115 55261.60226729 14.93 294.351635   7.903756 31.137
 87    17.625 55261.60226794 16.38 294.350905   7.900446 31.137
 87    17.350 55261.60227052 23.43 294.347958   7.887220  6.255
 87    17.755 55261.60227116 21.65 294.347228   7.883920  6.255
 87    18.151 55261.60227181 21.43 294.346488   7.880610  6.255
 87    18.748 55261.60227245 21.15 294.345758   7.877310  6.255
 88    20.092 55296.60225592 23.58 294.352629   7.912999 24.148
 88    20.111 55296.60225656 20.08 294.351889   7.909699 24.148
 88    18.878 55296.60225721 16.04 294.351159   7.906389 24.148
 88    18.576 55296.60225785 16.38 294.350419   7.903089 24.148
 88    20.381 55296.60225850 16.73 294.349679   7.899779 24.148
 88    18.823 55296.60225914 20.15 294.348949   7.896469 24.148
 88    18.619 55296.60226108 19.73 294.346739   7.886559 24.148
 88    19.038 55296.60226172 22.97 294.346009   7.883251 11.376
 88    19.177 55296.60226236 24.14 294.345269   7.879951 11.376
 88    19.270 55296.60226301 23.67 294.344539   7.876641 11.376
 89    25.198 55331.60224501 34.19 294.351682   7.915531 30.352
 89    25.315 55331.60224566 40.25 294.350942   7.912231 30.352
 89    24.982 55331.60224630 44.41 294.350202   7.908921 30.352
 89    25.111 55331.60224695 33.81 294.349472   7.905621 30.352
 89    25.093 55331.60224759 25.91 294.348732   7.902311 30.352
 89    24.741 55331.60224824 22.00 294.348002   7.899011 30.352
 89    24.460 55331.60224888 19.62 294.347262   7.895701 30.352
 89    23.929 55331.60224953 20.01 294.346528   7.892397  5.515
 89    24.525 55331.60225017 17.80 294.345788   7.889097  5.515
 89    24.490 55331.60225081 17.48 294.345058   7.885787  5.515
 89    24.467 55331.60225146 18.84 294.344318   7.882477  5.515
 89    25.024 55331.60225210 16.51 294.343588   7.879177  5.515
 90    28.461 55366.60223852 28.05 294.353162   7.913139 26.066
 90    28.782 55366.60223916 29.28 294.352422   7.909839 26.066
 90    28.507 55366.60223981 32.12 294.351682   7.906529 26.066
 90    28.274 55366.60224045 24.37 294.350952   7.903219 26.066
 90    27.877 55366.60224110 23.51 294.350212   7.899919 26.066
 90    27.501 55366.60224174 24.43 294.349482   7.896609 26.066
 90    26.885 55366.60224367 23.38 294.347269   7.886694  9.197
 90    27.964 55366.60224432 20.72 294.346539   7.883394  9.197
 90    28.369 55366.60224496 20.62 294.345799   7.880084  9.197
 90    28.481 55366.60224561 25.33 294.345069   7.876784  9.197
 91    30.557 55401.60225134 33.46 294.353839   7.914313 35.271
 91    30.205 55401.60225199 29.39 294.353099   7.911003 35.271
 91    29.951 55401.60225263 28.70 294.352369   7.907703 35.271
 91    30.170 55401.60225327 26.43 294.351629   7.904393 35.271
 91    30.070 55401.60225392 24.67 294.350889   7.901093 35.271
 91    29.791 55401.60225456 23.00 294.350159   7.897783 35.271
 91    29.308 55401.60225650 22.98 294.347950   7.887867 11.729
 91    29.869 55401.60225714 23.75 294.347210   7.884567 11.729
 91    30.280 55401.60225779 25.27 294.346480   7.881257 11.729
 91    30.714 55401.60225843 24.30 294.345740   7.877947 11.729
 92    31.655 55436.60225525 36.87 294.354853   7.914253 31.474
 92    31.762 55436.60225590 35.37 294.354123   7.910953 31.474
 92    31.675 55436.60225654 34.31 294.353383   7.907643 31.474
 92    31.236 55436.60225718 34.23 294.352649   7.904338  9.642
 92    31.065 55436.60225783 33.39 294.351909   7.901038  9.642
 92    30.982 55436.60226041 29.69 294.348969   7.887808  9.642
 92    30.977 55436.60226105 28.88 294.348229   7.884508  9.642
 92    31.355 55436.60226170 28.08 294.347499   7.881198  9.642
 92    31.611 55436.60226234 28.47 294.346759   7.877898  9.642
 93    29.334 55471.60220653 30.35 294.353408   7.915818 36.964
 93    28.821 55471.60220717 27.53 294.352668   7.912508 36.964
 93    29.223 55471.60220781 31.43 294.351939   7.909202 11.259
 93    29.058 55471.60220846 26.17 294.351199   7.905892 11.259
 93    28.725 55471.60220910 23.94 294.350469   7.902592 11.259
 93    28.448 55471.60220975 22.71 294.349729   7.899282 11.259
 93    28.013 55471.60221039 23.07 294.348999   7.895982 11.259
 93    27.835 55471.60221233 20.75 294.346789   7.886062 11.259
 93    28.671 55471.60221297 19.78 294.346049   7.882762 11.259
 93    29.005 55471.60221362 19.77 294.345319   7.879452 11.259
