# NaN NaN NaN ;Mean Elev.(m), Avg Gradient(m/km), RMS Gradient(m/km) - SRTM1     
#   29.349  -2.096   6.000 ;Mean Elev.(m), Avg Gradient(m/km), RMS Gradient(m/km) - ASTER GDEM
#   15.432  -3.011   5.355 ;Mean Elev.(m), Avg Gradient(m/km), RMS Gradient(m/km) - GMTED2010 
  7    27.158 52477.60045468 33.99 295.023170   7.722449 21.594
  7    26.965 52477.60045533 33.00 295.022440   7.719139 21.594
  7    26.747 52477.60045597 30.08 295.021700   7.715839 21.594
  7    26.132 52477.60045662 28.02 295.020970   7.712529 21.594
  7    25.566 52477.60045726 25.84 295.020230   7.709229 21.594
  7    25.049 52477.60045790 24.58 295.019500   7.705919 21.594
  7    25.345 52477.60045855 24.18 295.018760   7.702619 21.594
  7    26.401 52477.60045919 22.92 295.018020   7.699309 21.594
  7    26.820 52477.60045984 24.85 295.017290   7.695999 21.594
  7    26.936 52477.60046048 30.32 295.016550   7.692699 21.594
  7    27.131 52477.60046113 33.58 295.015814   7.689393 43.527
  8    28.850 52512.60039886 36.38 295.034385   7.711883 22.449
  8    28.060 52512.60039950 26.29 295.033655   7.708573 22.449
  8    27.310 52512.60040015 25.85 295.032915   7.705273 22.449
  8    26.743 52512.60040079 22.99 295.032185   7.701963 22.449
  8    26.098 52512.60040144 22.42 295.031445   7.698663 22.449
  8    26.104 52512.60040208 21.91 295.030715   7.695353 22.449
  8    26.749 52512.60040272 23.42 295.029975   7.692053 22.449
  8    27.221 52512.60040337 24.70 295.029245   7.688743 22.449
  8    27.502 52512.60040401 27.08 295.028505   7.685443 22.449
  8    27.961 52512.60040466 28.57 295.027775   7.682133 22.449
  8    27.888 52512.60040530 33.69 295.027035   7.678833 22.449
  9    25.965 52547.60043705 31.73 295.027177   7.718788 29.488
  9    25.579 52547.60043769 31.31 295.026437   7.715488 29.488
  9    25.317 52547.60043834 29.19 295.025707   7.712178 29.488
  9    24.559 52547.60043898 27.20 295.024967   7.708868 29.488
  9    23.841 52547.60043962 22.97 295.024237   7.705568 29.488
  9    23.489 52547.60044027 22.01 295.023497   7.702258 29.488
  9    24.765 52547.60044091 20.60 295.022757   7.698958 29.488
  9    25.164 52547.60044156 21.00 295.022027   7.695648 29.488
  9    25.172 52547.60044220 23.37 295.021287   7.692348 29.488
  9    25.508 52547.60044285 27.28 295.020557   7.689038 29.488
  9    25.654 52547.60044349 32.16 295.019817   7.685738 29.488
 10    20.622 52582.60044473 27.99 295.028568   7.713983 23.341
 10    20.850 52582.60044538 30.58 295.027838   7.710673 23.341
 10    21.245 52582.60044602 32.82 295.027098   7.707373 23.341
 10    21.299 52582.60044666 38.42 295.026368   7.704063 23.341
 10    21.095 52582.60044731 41.04 295.025628   7.700763 23.341
 10    21.271 52582.60044795 46.78 295.024898   7.697453 23.341
 10    21.329 52582.60044860 47.50 295.024158   7.694153 23.341
 10    21.271 52582.60044924 45.71 295.023418   7.690843 23.341
 10    21.264 52582.60044989 45.52 295.022688   7.687543 23.341
 10    21.127 52582.60045053 39.37 295.021948   7.684233 23.341
 11    23.172 52617.60041655 21.46 295.023630   7.721447 12.048
 11    21.969 52617.60041783 14.90 295.022160   7.714837 12.048
 11    21.316 52617.60041848 14.18 295.021420   7.711537 12.048
 11    20.566 52617.60041912 13.23 295.020690   7.708227 12.048
 11    19.902 52617.60041977 14.17 295.019950   7.704927 12.048
 11    20.208 52617.60042041 13.25 295.019220   7.701617 12.048
 11    20.272 52617.60042106 13.47 295.018480   7.698317 12.048
 11    20.715 52617.60042170 14.10 295.017750   7.695007 12.048
 11    21.397 52617.60042235 15.54 295.017010   7.691697 12.048
 11    23.308 52617.60042299 16.92 295.016280   7.688397 12.048
 12    19.140 52652.60039257 15.57 295.034723   7.711432 12.586
 12    18.474 52652.60039321 13.79 295.033993   7.708122 12.586
 12    17.151 52652.60039386 19.55 295.033253   7.704822 12.586
 12    15.990 52652.60039450 22.93 295.032523   7.701512 12.586
 12    16.381 52652.60039515 22.30 295.031783   7.698212 12.586
 12    17.507 52652.60039579 18.92 295.031053   7.694902 12.586
 12    16.291 52652.60039643 17.98 295.030313   7.691602 12.586
 12    16.111 52652.60039708 17.69 295.029583   7.688292 12.586
 12    16.478 52652.60039772 17.32 295.028843   7.684992 12.586
 12    16.849 52652.60039837 17.21 295.028103   7.681682 12.586
 12    16.204 52652.60039901 20.78 295.027373   7.678372 12.586
 13    16.163 52687.60039040 15.61 295.027676   7.712979 16.703
 13    14.652 52687.60039105 17.93 295.026946   7.709669 16.703
 13    14.433 52687.60039169 25.35 295.026206   7.706369 16.703
 13    15.136 52687.60039234 25.19 295.025476   7.703059 16.703
 13    14.891 52687.60039298 21.76 295.024736   7.699749 16.703
 13    13.952 52687.60039363 21.06 295.024006   7.696449 16.703
 13    18.736 52687.60039427 19.04 295.023265   7.693142 11.470
 13    18.368 52687.60039492 17.71 295.022535   7.689842 11.470
 13    21.152 52687.60039556 14.78 295.021795   7.686532 11.470
 13    21.978 52687.60039621 13.44 295.021065   7.683232 11.470
 14    22.992 52722.60043732 21.47 295.026737   7.715855 13.513
 14    15.316 52722.60043797 19.11 295.026007   7.712545 13.513
 14    13.878 52722.60043861 21.47 295.025267   7.709245 13.513
 14    13.782 52722.60043926 24.15 295.024527   7.705935 13.513
 14    13.559 52722.60043990 25.52 295.023797   7.702635 13.513
 14    13.665 52722.60044055 23.82 295.023057   7.699325 13.513
 14    13.709 52722.60044119 24.23 295.022321   7.696021 10.268
 14    18.476 52722.60044184 18.96 295.021591   7.692711 10.268
 14    19.317 52722.60044248 15.59 295.020851   7.689411 10.268
 14    21.137 52722.60044313 14.87 295.020121   7.686101 10.268
 15    16.863 52757.60045681 19.15 295.017294   7.728722 10.744
 15    17.321 52757.60045745 18.86 295.016554   7.725422 10.744
 15    17.305 52757.60045810 23.22 295.015824   7.722112 10.744
 15    16.760 52757.60045874 24.04 295.015084   7.718812 10.744
 15    16.456 52757.60045938 22.61 295.014354   7.715502 10.744
 15    16.742 52757.60046003 18.59 295.013614   7.712202 10.744
 15    17.831 52757.60046067 15.67 295.012884   7.708892 10.744
 15    18.779 52757.60046196 14.04 295.011414   7.702282 10.744
 15    19.078 52757.60046261 13.40 295.010674   7.698972 10.744
 15    21.575 52757.60046325 12.98 295.009944   7.695672 10.744
 17    24.002 52827.60047926 25.66 295.031358   7.712533 19.915
 17    23.649 52827.60047990 22.66 295.030618   7.709223 19.915
 17    23.225 52827.60048054 22.62 295.029888   7.705923 19.915
 17    22.640 52827.60048119 21.94 295.029148   7.702613 19.915
 17    21.753 52827.60048183 19.78 295.028418   7.699303 19.915
 17    22.086 52827.60048248 19.40 295.027678   7.696003 19.915
 17    22.634 52827.60048312 19.37 295.026947   7.692697 32.806
 17    23.204 52827.60048377 20.41 295.026207   7.689397 32.806
 17    23.539 52827.60048441 22.11 295.025477   7.686087 32.806
 17    23.756 52827.60048506 25.29 295.024737   7.682787 32.806
 17    23.873 52827.60048570 27.49 295.024007   7.679477 32.806
 18    27.148 52862.60052488 26.43 295.032392   7.710377 24.768
 18    26.789 52862.60052552 24.42 295.031652   7.707067 24.768
 18    26.429 52862.60052616 20.10 295.030922   7.703767 24.768
 18    25.363 52862.60052681 24.47 295.030182   7.700457 24.768
 18    25.251 52862.60052745 22.97 295.029452   7.697157 24.768
 18    26.020 52862.60052810 21.68 295.028712   7.693847 24.768
 18    26.574 52862.60052874 22.07 295.027982   7.690541 35.177
 18    26.841 52862.60052939 23.13 295.027242   7.687231 35.177
 18    27.057 52862.60053003 26.84 295.026512   7.683931 35.177
 18    27.282 52862.60053068 29.73 295.025772   7.680621 35.177
 19    27.385 52897.60055328 32.07 295.025443   7.718510 20.329
 19    26.985 52897.60055392 26.74 295.024713   7.715200 20.329
 19    26.185 52897.60055457 24.15 295.023973   7.711900 20.329
 19    25.935 52897.60055521 22.59 295.023243   7.708590 20.329
 19    25.995 52897.60055586 21.51 295.022503   7.705290 20.329
 19    26.433 52897.60055650 21.28 295.021763   7.701980 20.329
 19    26.776 52897.60055714 22.24 295.021033   7.698680 20.329
 19    27.024 52897.60055779 22.87 295.020293   7.695370 20.329
 19    27.072 52897.60055843 27.43 295.019559   7.692064 41.162
 19    27.319 52897.60055908 30.97 295.018829   7.688754 41.162
 20    25.389 52932.60049963 29.86 295.023752   7.718942 17.659
 20    24.713 52932.60050027 23.06 295.023022   7.715632 17.659
 20    24.075 52932.60050092 22.55 295.022282   7.712332 17.659
 20    23.970 52932.60050156 22.26 295.021552   7.709022 17.659
 20    24.499 52932.60050221 20.99 295.020812   7.705722 17.659
 20    24.576 52932.60050285 21.60 295.020082   7.702412 17.659
 20    24.571 52932.60050350 22.37 295.019342   7.699112 17.659
 20    24.542 52932.60050414 24.60 295.018612   7.695802 17.659
 20    24.297 52932.60050478 27.95 295.017872   7.692492 17.659
 20    24.442 52932.60050543 31.28 295.017142   7.689192 17.659
 21    24.043 52967.60050532 25.02 295.028993   7.715293 20.966
 21    22.540 52967.60050597 21.59 295.028253   7.711993 20.966
 21    22.322 52967.60050661 19.09 295.027513   7.708683 20.966
 21    22.421 52967.60050725 17.44 295.026783   7.705383 20.966
 21    22.652 52967.60050790 17.08 295.026043   7.702073 20.966
 21    22.677 52967.60050854 16.94 295.025313   7.698773 20.966
 21    22.767 52967.60050919 16.53 295.024573   7.695463 20.966
 21    22.672 52967.60050983 17.37 295.023843   7.692158 30.963
 21    22.797 52967.60051048 18.34 295.023103   7.688858 30.963
 21    22.805 52967.60051112 21.06 295.022373   7.685548 30.963
 21    22.926 52967.60051177 23.19 295.021633   7.682238 30.963
 22    23.821 53002.60052868 21.21 295.021927   7.724734 15.538
 22    22.768 53002.60052932 21.56 295.021187   7.721434 15.538
 22    22.277 53002.60052997 19.24 295.020457   7.718124 15.538
 22    21.387 53002.60053061 18.56 295.019717   7.714824 15.538
 22    20.789 53002.60053126 15.32 295.018987   7.711514 15.538
 22    19.554 53002.60053190 14.75 295.018247   7.708214 15.538
 22    18.862 53002.60053255 15.49 295.017507   7.704904 15.538
 22    18.620 53002.60053319 16.18 295.016777   7.701604 15.538
 22    19.589 53002.60053384 15.81 295.016037   7.698294 15.538
 22    21.025 53002.60053448 14.27 295.015302   7.694987 22.295
 22    21.671 53002.60053512 15.27 295.014572   7.691687 22.295
 23    15.258 53037.60047827 27.08 295.023871   7.721883 18.181
 23    15.803 53037.60047892 23.58 295.023141   7.718573 18.181
 23    15.709 53037.60047956 22.39 295.022401   7.715273 18.181
 23    15.358 53037.60048021 20.63 295.021671   7.711963 18.181
 23    15.506 53037.60048085 20.20 295.020931   7.708653 18.181
 23    15.751 53037.60048150 19.34 295.020201   7.705353 18.181
 23    15.889 53037.60048214 20.92 295.019461   7.702043 18.181
 23    15.650 53037.60048279 24.42 295.018731   7.698743 18.181
 23    16.480 53037.60048343 22.96 295.017992   7.695436 13.383
 23    19.409 53037.60048408 18.57 295.017262   7.692136 13.383
 23    23.027 53037.60048472 15.17 295.016522   7.688826 13.383
 24    15.921 53072.60050435 26.87 295.026071   7.719673 29.376
 24    15.893 53072.60050499 21.18 295.025341   7.716363 29.376
 24    16.272 53072.60050564 17.42 295.024601   7.713063 29.376
 24    14.453 53072.60050886 25.49 295.020925   7.696538 16.796
 24    14.267 53072.60050951 22.68 295.020195   7.693228 16.796
 24    16.169 53072.60051015 18.49 295.019455   7.689928 16.796
 24    16.552 53072.60051080 17.40 295.018725   7.686618 16.796
 25    14.564 53107.60047904 28.77 295.023306   7.720261 11.038
 25    15.248 53107.60047969 20.05 295.022576   7.716951 11.038
 25    15.308 53107.60048033 19.22 295.021836   7.713651 11.038
 25    15.656 53107.60048098 18.46 295.021106   7.710341 11.038
 25    16.868 53107.60048162 15.95 295.020366   7.707031 11.038
 25    17.529 53107.60048226 16.76 295.019636   7.703731 11.038
 25    16.661 53107.60048291 18.16 295.018896   7.700421 11.038
 25    17.817 53107.60048355 17.81 295.018166   7.697121 11.038
 25    16.553 53107.60048420 17.80 295.017429   7.693812  8.781
 25    23.258 53107.60048484 13.97 295.016699   7.690512  8.781
 26    20.160 53142.60051310 27.82 295.027368   7.717705  9.834
 26    21.023 53142.60051375 42.19 295.026628   7.714395  9.834
 26    20.875 53142.60051439 45.00 295.025898   7.711089 15.945
 26    20.991 53142.60051504 42.69 295.025158   7.707779 15.945
 26    21.012 53142.60051568 47.01 295.024428   7.704479 15.945
 26    20.985 53142.60051633 44.14 295.023688   7.701179 15.945
 26    20.883 53142.60051697 41.10 295.022948   7.697869 15.945
 27    25.348 53177.60053684 32.87 295.028744   7.716400 19.757
 27    24.381 53177.60053748 22.39 295.028014   7.713090 19.757
 27    23.827 53177.60053812 19.43 295.027274   7.709790 19.757
 27    23.786 53177.60053877 18.35 295.026544   7.706480 19.757
 27    23.910 53177.60053941 18.48 295.025804   7.703170 19.757
 27    23.981 53177.60054006 19.40 295.025064   7.699870 19.757
 27    23.926 53177.60054070 19.60 295.024334   7.696560 19.757
 27    23.838 53177.60054135 20.93 295.023594   7.693260 19.757
 27    24.032 53177.60054199 22.45 295.022858   7.689954 38.443
 27    23.934 53177.60054264 26.46 295.022128   7.686654 38.443
 27    24.126 53177.60054328 28.91 295.021388   7.683344 38.443
 28    27.207 53212.60055703 31.09 295.025191   7.717501 24.392
 28    26.965 53212.60055767 28.59 295.024451   7.714201 24.392
 28    27.127 53212.60056025 21.25 295.021511   7.700981 24.392
 28    27.260 53212.60056090 20.97 295.020781   7.697671 24.392
 28    27.769 53212.60056154 22.28 295.020036   7.694365 41.660
 28    28.118 53212.60056219 25.34 295.019306   7.691055 41.660
 28    28.263 53212.60056283 27.14 295.018566   7.687755 41.660
 29    27.669 53247.60052575 34.36 295.027598   7.717025 23.862
 29    27.233 53247.60052640 32.45 295.026868   7.713715 23.862
 29    26.799 53247.60052704 31.03 295.026128   7.710405 23.862
 29    26.433 53247.60052769 26.96 295.025398   7.707105 23.862
 29    25.456 53247.60052833 26.51 295.024658   7.703795 23.862
 29    26.545 53247.60052898 22.47 295.023928   7.700495 23.862
 29    27.079 53247.60052962 22.29 295.023186   7.697187 39.604
 29    27.308 53247.60053027 23.13 295.022456   7.693887 39.604
 29    27.491 53247.60053091 25.60 295.021716   7.690577 39.604
 29    27.531 53247.60053156 29.04 295.020986   7.687267 39.604
 29    27.690 53247.60053220 34.29 295.020246   7.683967 39.604
 30    26.442 53282.60051508 31.37 295.025193   7.719565 26.446
 30    25.852 53282.60051573 24.49 295.024453   7.716255 26.446
 30    25.003 53282.60051637 20.77 295.023720   7.712950 33.561
 30    24.693 53282.60051702 21.89 295.022980   7.709650 33.561
 30    25.625 53282.60051766 19.93 295.022250   7.706340 33.561
 30    25.008 53282.60051831 21.28 295.021510   7.703040 33.561
 30    25.333 53282.60051895 19.92 295.020780   7.699730 33.561
 30    26.167 53282.60051960 20.36 295.020040   7.696420 33.561
 30    26.329 53282.60052024 23.13 295.019300   7.693120 33.561
 30    26.491 53282.60052088 25.32 295.018570   7.689810 33.561
 30    26.521 53282.60052153 29.21 295.017830   7.686510 33.561
 31    23.852 53317.60051861 22.58 295.029821   7.714452 15.383
 31    22.050 53317.60051926 19.02 295.029091   7.711142 15.383
 31    21.939 53317.60051990 16.44 295.028351   7.707832 15.383
 31    21.955 53317.60052055 15.43 295.027611   7.704532 15.383
 31    22.102 53317.60052119 15.52 295.026881   7.701222 15.383
 31    22.086 53317.60052184 15.49 295.026141   7.697922 15.383
 31    22.077 53317.60052248 15.64 295.025413   7.694616 25.715
 31    22.054 53317.60052313 16.98 295.024673   7.691316 25.715
 31    22.166 53317.60052377 19.52 295.023943   7.688006 25.715
 31    22.418 53317.60052442 20.56 295.023203   7.684696 25.715
 31    22.763 53317.60052506 21.82 295.022473   7.681396 25.715
 32    18.687 53352.60048496 22.03 295.030413   7.711593 11.817
 32    18.564 53352.60048560 20.25 295.029673   7.708293 11.817
 32    17.877 53352.60048624 19.63 295.028943   7.704983 11.817
 32    18.870 53352.60048689 18.36 295.028203   7.701673 11.817
 32    19.280 53352.60048753 15.72 295.027473   7.698373 11.817
 32    19.487 53352.60048818 13.85 295.026731   7.695067 22.584
 32    20.064 53352.60048882 13.22 295.026001   7.691767 22.584
 32    21.059 53352.60048947 13.63 295.025261   7.688457 22.584
 32    21.949 53352.60049011 14.69 295.024531   7.685147 22.584
 32    22.640 53352.60049076 15.87 295.023791   7.681847 22.584
 33    16.649 53387.60047665 48.61 295.027573   7.718367 23.443
 33    17.219 53387.60047730 46.84 295.026843   7.715057 23.443
 33    16.722 53387.60047794 49.96 295.026103   7.711757 23.443
 33    16.605 53387.60047859 50.75 295.025371   7.708452 27.471
 33    16.684 53387.60047923 46.35 295.024631   7.705142 27.471
 33    16.711 53387.60047988 47.27 295.023901   7.701842 27.471
 33    16.677 53387.60048052 48.46 295.023161   7.698532 27.471
 33    16.666 53387.60048117 50.82 295.022431   7.695232 27.471
 33    16.637 53387.60048181 52.01 295.021691   7.691922 27.471
 33    16.732 53387.60048246 48.01 295.020951   7.688622 27.471
 33    16.588 53387.60048310 48.93 295.020221   7.685312 27.471
 34    15.220 53422.60047882 16.71 295.033138   7.712783 11.637
 34    17.492 53422.60047947 15.39 295.032408   7.709483 11.637
 34    16.899 53422.60048011 17.06 295.031678   7.706173 11.637
 34    15.759 53422.60048075 24.14 295.030933   7.702867  7.474
 34    15.910 53422.60048140 24.59 295.030203   7.699557  7.474
 34    16.095 53422.60048204 21.67 295.029463   7.696257  7.474
 34    15.983 53422.60048269 19.78 295.028733   7.692957  7.474
 34    17.771 53422.60048333 16.90 295.027993   7.689647  7.474
 34    18.543 53422.60048398 14.35 295.027263   7.686337  7.474
 34    21.224 53422.60048462 14.33 295.026523   7.683037  7.474
 34    21.867 53422.60048527 19.84 295.025793   7.679727  7.474
 35    14.770 53457.60048387 17.38 295.031815   7.713560 18.334
 35    14.896 53457.60048451 18.60 295.031085   7.710260 18.334
 35    14.912 53457.60048516 21.93 295.030345   7.706950 18.334
 35    14.909 53457.60048580 23.05 295.029612   7.703644  9.630
 35    14.826 53457.60048645 32.06 295.028872   7.700334  9.630
 35    15.105 53457.60048709 28.13 295.028142   7.697034  9.630
 35    14.856 53457.60048774 24.95 295.027402   7.693724  9.630
 35    14.767 53457.60048838 28.54 295.026672   7.690424  9.630
 35    14.805 53457.60048903 20.30 295.025932   7.687114  9.630
 35    14.791 53457.60048967 17.69 295.025192   7.683814  9.630
 35    21.363 53457.60049031 18.91 295.024462   7.680504  9.630
 36    20.370 53492.60056743 47.14 295.021299   7.722505  9.779
 36    20.632 53492.60056807 45.60 295.020569   7.719195  9.779
 36    20.681 53492.60056872 46.34 295.019829   7.715895  9.779
 36    20.557 53492.60056936 48.80 295.019099   7.712585  9.779
 36    20.481 53492.60057001 46.47 295.018359   7.709285  9.779
 36    20.599 53492.60057065 46.65 295.017631   7.705977 14.112
 36    20.430 53492.60057130 45.76 295.016891   7.702677 14.112
 37    21.692 53527.60054875 17.62 295.031064   7.711869  9.601
 37    22.087 53527.60054939 15.85 295.030324   7.708569  9.601
 37    21.981 53527.60055004 14.99 295.029594   7.705259  9.601
 37    22.144 53527.60055068 14.19 295.028854   7.701959  9.601
 37    22.304 53527.60055133 13.50 295.028118   7.698653  6.212
 37    22.233 53527.60055197 12.87 295.027388   7.695353  6.212
 37    22.167 53527.60055262 12.78 295.026658   7.692043  6.212
 37    22.531 53527.60055326 12.45 295.025918   7.688733  6.212
 37    22.739 53527.60055391 12.53 295.025178   7.685433  6.212
 37    22.946 53527.60055455 12.83 295.024448   7.682123  6.212
 38    24.646 53562.60057730 48.01 295.020894   7.719150 27.242
 38    25.005 53562.60057794 39.15 295.020154   7.715840 27.242
 38    24.873 53562.60057859 46.20 295.019424   7.712540 27.242
 38    24.815 53562.60057923 47.21 295.018684   7.709230 27.242
 38    24.899 53562.60057988 46.32 295.017954   7.705930 27.242
 38    24.798 53562.60058052 49.42 295.017211   7.702624 43.499
 38    24.581 53562.60058117 47.28 295.016481   7.699324 43.499
 38    24.631 53562.60058181 46.83 295.015741   7.696014 43.499
 38    24.722 53562.60058246 48.06 295.015011   7.692704 43.499
 39    25.803 53597.60051800 26.82 295.030067   7.712768 27.007
 39    25.116 53597.60051865 22.24 295.029327   7.709458 27.007
 39    24.763 53597.60051929 19.53 295.028597   7.706158 27.007
 39    24.467 53597.60051994 18.36 295.027856   7.702851 31.478
 39    24.486 53597.60052058 20.23 295.027126   7.699551 31.478
 39    25.294 53597.60052123 19.96 295.026386   7.696241 31.478
 39    25.020 53597.60052187 20.89 295.025656   7.692931 31.478
 39    25.367 53597.60052252 21.73 295.024916   7.689631 31.478
 39    25.480 53597.60052316 24.90 295.024186   7.686321 31.478
 39    25.775 53597.60052381 28.42 295.023446   7.683021 31.478
 40    25.295 53632.60051234 36.42 295.024178   7.718699 22.562
 40    25.026 53632.60051298 32.49 295.023438   7.715389 22.562
 40    24.988 53632.60051363 33.71 295.022708   7.712089 22.562
 40    24.998 53632.60051427 34.18 295.021968   7.708779 22.562
 40    25.330 53632.60051750 44.46 295.018295   7.692254 31.091
 40    25.422 53632.60051814 46.73 295.017555   7.688944 31.091
 41    23.287 53667.60053432 24.40 295.023713   7.721537 16.412
 41    22.889 53667.60053496 20.15 295.022973   7.718227 16.412
 41    22.165 53667.60053561 18.98 295.022233   7.714927 16.412
 41    21.635 53667.60053625 16.75 295.021503   7.711617 16.412
 41    21.165 53667.60053690 15.08 295.020763   7.708317 16.412
 41    20.822 53667.60053754 14.95 295.020036   7.705011 20.492
 41    21.042 53667.60053819 14.56 295.019296   7.701711 20.492
 41    21.116 53667.60053883 14.99 295.018566   7.698401 20.492
 41    21.673 53667.60053948 15.67 295.017826   7.695091 20.492
 41    22.274 53667.60054012 18.48 295.017086   7.691791 20.492
 41    23.325 53667.60054077 20.04 295.016356   7.688481 20.492
 42    22.140 53702.60048106 21.45 295.030796   7.713989 10.693
 42    20.850 53702.60048170 21.57 295.030066   7.710679 10.693
 42    20.731 53702.60048234 18.66 295.029326   7.707369 10.693
 42    20.844 53702.60048299 17.89 295.028596   7.704069 10.693
 42    21.279 53702.60048363 14.91 295.027856   7.700759 10.693
 42    21.424 53702.60048428 14.28 295.027126   7.697459 10.693
 42    21.437 53702.60048492 14.11 295.026383   7.694152 22.598
 42    21.595 53702.60048557 13.95 295.025653   7.690852 22.598
 42    21.558 53702.60048621 14.39 295.024913   7.687542 22.598
 42    22.068 53702.60048686 15.41 295.024183   7.684232 22.598
 42    22.602 53702.60048750 16.39 295.023443   7.680932 22.598
 44    17.883 53772.60040204 17.04 295.032313   7.710912 10.918
 44    17.425 53772.60040268 17.73 295.031573   7.707612 10.918
 44    17.123 53772.60040333 17.73 295.030833   7.704302 10.918
 44    17.286 53772.60040397 18.51 295.030103   7.701002 10.918
 44    17.626 53772.60040461 19.86 295.029363   7.697692 10.918
 44    17.876 53772.60040526 18.92 295.028633   7.694392 10.918
 44    17.827 53772.60040590 20.36 295.027893   7.691082 10.918
 44    18.530 53772.60040655 16.49 295.027165   7.687776  5.588
 44    18.956 53772.60040719 15.00 295.026425   7.684466  5.588
 44    21.938 53772.60040784 14.32 295.025695   7.681166  5.588
 44    22.356 53772.60040848 15.88 295.024955   7.677866  5.588
 47    20.942 53877.60045833 25.20 295.030151   7.714248 15.525
 47    20.483 53877.60045898 22.00 295.029411   7.710938 15.525
 47    20.094 53877.60045962 19.60 295.028681   7.707628 15.525
 47    20.570 53877.60046027 16.72 295.027941   7.704328 15.525
 47    21.003 53877.60046091 14.79 295.027213   7.701022  6.657
 47    21.033 53877.60046156 14.76 295.026473   7.697722  6.657
 47    21.348 53877.60046220 11.18 295.025743   7.694412  6.657
 47    21.460 53877.60046285 10.62 295.025003   7.691112  6.657
 47    21.600 53877.60046349 11.18 295.024263   7.687802  6.657
 47    21.783 53877.60046413 11.02 295.023533   7.684492  6.657
 47    22.075 53877.60046478 14.13 295.022793   7.681192  6.657
 48    23.094 53912.60050837 35.43 295.022781   7.723743 15.372
 48    23.735 53912.60050902 25.01 295.022041   7.720443 15.372
 48    23.588 53912.60050966 22.44 295.021311   7.717133 15.372
 48    23.449 53912.60051031 18.06 295.020571   7.713833 15.372
 48    23.055 53912.60051095 15.20 295.019841   7.710523 15.372
 48    23.191 53912.60051160 14.86 295.019101   7.707223 15.372
 48    23.634 53912.60051224 15.07 295.018371   7.703913 15.372
 48    23.530 53912.60051288 15.77 295.017631   7.700613 15.372
 48    23.513 53912.60051353 16.30 295.016891   7.697303 15.372
 48    23.708 53912.60051417 18.21 295.016161   7.694003 15.372
 48    23.597 53912.60051482 21.14 295.015421   7.690693 15.372
 49    27.666 53947.60052339 30.68 295.020196   7.725173 18.645
 49    27.368 53947.60052403 28.95 295.019456   7.721873 18.645
 49    25.848 53947.60052597 26.35 295.017256   7.711953 18.645
 49    25.497 53947.60052661 23.92 295.016516   7.708653 18.645
 49    26.244 53947.60052725 22.95 295.015786   7.705343 18.645
 49    27.001 53947.60052790 23.46 295.015046   7.702043 18.645
 49    27.287 53947.60052854 25.72 295.014316   7.698733 18.645
 49    27.502 53947.60052919 28.03 295.013576   7.695433 18.645
 49    27.525 53947.60052983 37.49 295.012846   7.692123 18.645
 50    27.626 53982.60046689 32.45 295.026253   7.719299 23.659
 50    27.661 53982.60046754 27.41 295.025513   7.715999 23.659
 50    27.022 53982.60046818 29.84 295.024783   7.712689 23.659
 50    26.603 53982.60046883 29.60 295.024043   7.709389 23.659
 50    26.184 53982.60046947 22.93 295.023313   7.706079 23.659
 50    25.999 53982.60047012 22.10 295.022573   7.702779 23.659
 50    26.757 53982.60047076 22.73 295.021843   7.699469 23.659
 50    27.132 53982.60047141 22.01 295.021103   7.696169 23.659
 50    27.398 53982.60047205 23.79 295.020373   7.692859 23.659
 50    27.543 53982.60047269 28.61 295.019633   7.689549 23.659
 50    27.652 53982.60047334 32.57 295.018903   7.686249 23.659
 51    24.334 54017.60049517 25.14 295.029279   7.713387 17.020
 51    23.260 54017.60049582 23.98 295.028539   7.710087 17.020
 51    23.164 54017.60049646 23.07 295.027799   7.706777 17.020
 51    23.351 54017.60049711 21.63 295.027069   7.703477 17.020
 51    23.354 54017.60049775 21.59 295.026329   7.700167 17.020
 51    23.444 54017.60049840 22.57 295.025599   7.696867 17.020
 51    23.447 54017.60049904 22.68 295.024859   7.693557 17.020
 51    23.630 54017.60049969 23.09 295.024128   7.690252 33.632
 51    23.572 54017.60050033 24.42 295.023388   7.686952 33.632
 51    23.598 54017.60050098 27.38 295.022658   7.683642 33.632
 52    21.333 54052.60049151 25.03 295.034316   7.709170 16.102
 52    21.390 54052.60049215 21.40 295.033586   7.705860 16.102
 52    21.262 54052.60049280 19.32 295.032846   7.702560 16.102
 52    21.439 54052.60049344 18.07 295.032116   7.699250 16.102
 52    21.515 54052.60049409 18.63 295.031376   7.695950 16.102
 52    21.684 54052.60049473 18.05 295.030636   7.692640 16.102
 52    21.782 54052.60049538 18.57 295.029906   7.689340 16.102
 52    21.699 54052.60049602 18.97 295.029166   7.686030 16.102
 52    21.784 54052.60049667 18.27 295.028440   7.682725 14.647
 52    22.337 54052.60049731 18.55 295.027700   7.679415 14.647
 52    22.706 54052.60049795 20.33 295.026970   7.676115 14.647
 53    22.133 54087.60048186 22.98 295.028413   7.716691 17.774
 53    18.953 54087.60048251 22.34 295.027683   7.713381 17.774
 53    18.844 54087.60048315 19.27 295.026943   7.710081 17.774
 53    19.240 54087.60048380 16.74 295.026213   7.706771 17.774
 53    19.450 54087.60048444 14.82 295.025473   7.703471 17.774
 53    19.350 54087.60048509 14.53 295.024743   7.700161 17.774
 53    19.696 54087.60048573 12.70 295.024003   7.696851 17.774
 53    19.982 54087.60048638 12.79 295.023273   7.693551 17.774
 53    22.144 54087.60048702 13.23 295.022533   7.690241 17.774
 53    22.164 54087.60048767 13.63 295.021803   7.686941 17.774
 53    23.032 54087.60048831 13.85 295.021061   7.683633 16.037
 54    16.935 54122.60040515 21.67 295.026468   7.717130 13.844
 54    17.452 54122.60040579 20.00 295.025728   7.713830 13.844
 54    16.531 54122.60040644 22.60 295.024998   7.710520 13.844
 54    16.427 54122.60040708 21.20 295.024258   7.707220 13.844
 54    16.414 54122.60040773 18.66 295.023528   7.703910 13.844
 54    16.388 54122.60040837 18.92 295.022788   7.700610 13.844
 54    16.557 54122.60040901 17.77 295.022058   7.697300 13.844
 54    19.133 54122.60040966 15.64 295.021318   7.693990 13.844
 54    19.837 54122.60041030 15.04 295.020588   7.690690 13.844
 54    16.461 54122.60041095 19.70 295.019858   7.687380 13.844
 55    14.723 54157.60044590 27.56 295.024748   7.707120 17.159
 55    15.075 54157.60044655 23.37 295.024018   7.703810 17.159
 55    15.574 54157.60044719 20.21 295.023278   7.700510 17.159
 55    17.156 54157.60044784 16.94 295.022538   7.697200 17.159
 55    16.375 54157.60044848 16.03 295.021808   7.693890 17.159
 55    16.269 54157.60044913 16.51 295.021078   7.690590 17.159
 55    22.621 54157.60044977 15.30 295.020333   7.687284 14.974
 55    22.613 54157.60045041 13.81 295.019603   7.683984 14.974
 56    14.266 54192.60040490 31.77 295.026815   7.716845 12.266
 56    14.785 54192.60040555 24.98 295.026075   7.713535 12.266
 56    15.050 54192.60040619 24.95 295.025345   7.710235 12.266
 56    14.989 54192.60040684 24.20 295.024605   7.706925 12.266
 56    15.616 54192.60040748 20.50 295.023875   7.703615 12.266
 56    16.157 54192.60040813 18.49 295.023135   7.700315 12.266
 56    16.913 54192.60040877 17.33 295.022405   7.697005 12.266
 56    16.812 54192.60040942 16.48 295.021665   7.693705 12.266
 56    16.846 54192.60041006 16.18 295.020935   7.690395 12.266
 56    16.628 54192.60041071 16.23 295.020195   7.687095 12.266
 57    21.766 54227.60045490 13.30 295.027748   7.717952 11.820
 57    19.373 54227.60045554 14.40 295.027018   7.714652 11.820
 57    19.572 54227.60045619 15.37 295.026278   7.711352 11.820
 57    19.760 54227.60045683 15.88 295.025538   7.708042 11.820
 57    19.048 54227.60045748 16.19 295.024808   7.704732 11.820
 57    17.896 54227.60045812 15.61 295.024068   7.701432 11.820
 57    17.832 54227.60045877 16.05 295.023338   7.698122 11.820
 57    17.887 54227.60045941 15.76 295.022598   7.694822 11.820
 57    18.088 54227.60046005 14.54 295.021868   7.691512 11.820
 57    20.429 54227.60046070 13.00 295.021128   7.688212 11.820
 57    21.367 54227.60046134 14.27 295.020398   7.684902 11.820
 58    21.817 54262.60047490 24.11 295.027791   7.714134  8.727
 58    21.879 54262.60047554 20.38 295.027051   7.710834  8.727
 58    20.992 54262.60047618 18.79 295.026321   7.707524  8.727
 58    20.528 54262.60047683 17.47 295.025581   7.704214  8.727
 58    21.342 54262.60047747 16.08 295.024841   7.700914  8.727
 58    21.741 54262.60047812 15.66 295.024111   7.697604  8.727
 58    22.265 54262.60047876 13.79 295.023371   7.694304  8.727
 58    22.411 54262.60047941 13.96 295.022641   7.690994  8.727
 58    22.970 54262.60048005 14.62 295.021901   7.687694  8.727
 58    23.297 54262.60048070 16.27 295.021171   7.684384  8.727
 59    25.793 54297.60048002 29.39 295.027930   7.715187 25.003
 59    25.258 54297.60048067 26.24 295.027190   7.711887 25.003
 59    24.817 54297.60048131 22.53 295.026460   7.708577 25.003
 59    24.293 54297.60048196 20.08 295.025720   7.705277 25.003
 59    23.715 54297.60048260 20.40 295.024990   7.701967 25.003
 59    23.973 54297.60048325 20.83 295.024250   7.698667 25.003
 59    24.716 54297.60048389 20.15 295.023520   7.695357 25.003
 59    24.950 54297.60048454 22.98 295.022780   7.692057 25.003
 59    25.192 54297.60048518 25.77 295.022050   7.688747 25.003
 59    25.639 54297.60048583 29.56 295.021310   7.685447 25.003
 60    27.056 54332.60046994 39.23 295.028464   7.714798 23.656
 60    26.962 54332.60047059 36.62 295.027734   7.711498 23.656
 60    26.736 54332.60047123 33.77 295.026994   7.708188 23.656
 60    26.685 54332.60047188 33.38 295.026264   7.704878 23.656
 60    26.499 54332.60047252 32.37 295.025524   7.701578 23.656
 60    26.425 54332.60047317 32.14 295.024794   7.698268 23.656
 60    26.557 54332.60047381 30.60 295.024054   7.694968 23.656
 60    26.565 54332.60047445 30.81 295.023324   7.691658 23.656
 60    26.837 54332.60047510 29.93 295.022584   7.688358 23.656
 60    26.943 54332.60047574 31.12 295.021854   7.685048 23.656
 62    24.790 54402.60041276 34.71 295.028350   7.717004 21.989
 62    23.602 54402.60041340 25.25 295.027620   7.713704 21.989
 62    22.894 54402.60041405 23.32 295.026880   7.710394 21.989
 62    22.838 54402.60041469 19.02 295.026150   7.707084 21.989
 62    22.213 54402.60041533 17.65 295.025410   7.703784 21.989
 62    21.579 54402.60041598 18.60 295.024680   7.700474 21.989
 62    22.040 54402.60041662 19.43 295.023940   7.697174 21.989
 62    22.671 54402.60041727 20.15 295.023210   7.693864 21.989
 62    23.011 54402.60041791 23.42 295.022470   7.690564 21.989
 62    23.564 54402.60041856 24.49 295.021740   7.687254 21.989
 62    23.716 54402.60041920 27.77 295.021000   7.683954 21.989
 63    22.415 54437.60036978 26.78 295.026537   7.717622 15.472
 63    19.940 54437.60037042 29.18 295.025807   7.714312 15.472
 63    20.136 54437.60037107 26.88 295.025067   7.711012 15.472
 63    20.264 54437.60037171 21.90 295.024337   7.707702 15.472
 63    20.091 54437.60037236 18.79 295.023597   7.704402 15.472
 63    19.944 54437.60037300 18.16 295.022867   7.701092 15.472
 63    20.015 54437.60037365 19.29 295.022127   7.697792 15.472
 63    20.759 54437.60037429 18.94 295.021397   7.694482 15.472
 63    21.560 54437.60037494 18.99 295.020657   7.691182 15.472
 63    22.163 54437.60037558 19.97 295.019927   7.687872 15.472
 63    22.887 54437.60037623 21.64 295.019187   7.684572 15.472
 64    22.288 54472.60039853 16.92 295.029739   7.714146 13.014
 64    19.921 54472.60039917 17.34 295.029009   7.710846 13.014
 64    19.876 54472.60039982 17.77 295.028269   7.707546 13.014
 64    17.979 54472.60040046 20.96 295.027539   7.704236 13.014
 64    18.104 54472.60040111 17.59 295.026799   7.700926 13.014
 64    18.158 54472.60040175 17.47 295.026059   7.697626 13.014
 64    18.157 54472.60040240 17.24 295.025329   7.694316 13.014
 64    20.178 54472.60040304 16.98 295.024589   7.691016 13.014
 64    21.233 54472.60040368 16.51 295.023859   7.687706 13.014
 64    22.736 54472.60040433 16.32 295.023119   7.684406 13.014
 64    23.290 54472.60040497 16.75 295.022389   7.681096 13.014
 65    16.561 54507.60038131 24.06 295.027137   7.716232 22.602
 65    15.909 54507.60038195 32.42 295.026407   7.712932 22.602
 65    15.597 54507.60038260 37.79 295.025667   7.709622 22.602
 65    15.914 54507.60038324 32.18 295.024937   7.706322 22.602
 65    15.554 54507.60038389 26.65 295.024198   7.703015 16.928
 65    15.325 54507.60038453 22.02 295.023468   7.699705 16.928
 65    15.694 54507.60038518 19.79 295.022728   7.696405 16.928
 65    16.996 54507.60038582 17.84 295.021998   7.693095 16.928
 65    16.238 54507.60038647 17.51 295.021258   7.689795 16.928
 65    21.595 54507.60038711 17.13 295.020528   7.686485 16.928
 66    19.587 54542.60041241 18.08 295.029019   7.716615 14.964
 66    15.816 54542.60041306 21.36 295.028289   7.713305 14.964
 66    15.381 54542.60041370 26.17 295.027549   7.710005 14.964
 66    15.938 54542.60041435 25.41 295.026819   7.706695 14.964
 66    15.001 54542.60041499 26.45 295.026079   7.703395 14.964
 66    14.820 54542.60041564 24.30 295.025349   7.700085 14.964
 66    15.505 54542.60041628 20.58 295.024609   7.696775 14.964
 66    16.311 54542.60041692 18.85 295.023879   7.693475 14.964
 66    16.487 54542.60041757 16.35 295.023139   7.690165 14.964
 66    16.205 54542.60041821 16.96 295.022409   7.686865 14.964
 66    22.066 54542.60041886 16.00 295.021665   7.683558  9.704
 67    16.474 54577.60038287 17.52 295.027268   7.717502 18.258
 67    15.551 54577.60038351 24.86 295.026538   7.714192 18.258
 67    15.434 54577.60038416 27.66 295.025798   7.710882 18.258
 67    15.367 54577.60038480 28.65 295.025068   7.707582 18.258
 67    16.205 54577.60038544 27.02 295.024328   7.704272 18.258
 67    15.148 54577.60038609 22.49 295.023598   7.700972 18.258
 67    15.255 54577.60038673 20.27 295.022860   7.697664 11.299
 67    17.128 54577.60038738 18.09 295.022130   7.694364 11.299
 67    16.056 54577.60038802 17.97 295.021390   7.691054 11.299
 67    16.012 54577.60038867 17.61 295.020660   7.687744 11.299
 67    21.653 54577.60038931 17.11 295.019920   7.684444 11.299
 68    20.675 54612.60040359 15.52 295.028398   7.715426 14.041
 68    20.399 54612.60040423 15.45 295.027658   7.712116 14.041
 68    20.158 54612.60040488 18.32 295.026928   7.708816 14.041
 68    19.964 54612.60040552 19.32 295.026188   7.705506 14.041
 68    19.622 54612.60040617 17.33 295.025452   7.702201 10.472
 68    18.981 54612.60040681 17.77 295.024722   7.698891 10.472
 68    18.646 54612.60040746 18.18 295.023992   7.695591 10.472
 68    18.792 54612.60040810 17.49 295.023252   7.692281 10.472
 68    18.932 54612.60040875 19.97 295.022512   7.688981 10.472
 68    18.973 54612.60040939 25.58 295.021782   7.685671 10.472
 68    18.827 54612.60041004 25.16 295.021042   7.682371 10.472
 69    22.779 54647.60041073 21.45 295.027038   7.715597 20.983
 69    22.466 54647.60041137 19.17 295.026298   7.712287 20.983
 69    22.056 54647.60041202 20.12 295.025568   7.708987 20.983
 69    22.611 54647.60041266 15.39 295.024838   7.705677 20.983
 69    22.714 54647.60041331 14.64 295.024092   7.702371 17.781
 69    22.866 54647.60041395 13.91 295.023362   7.699061 17.781
 69    22.868 54647.60041459 13.31 295.022632   7.695761 17.781
 69    22.947 54647.60041524 13.17 295.021892   7.692451 17.781
 69    23.006 54647.60041588 13.76 295.021152   7.689151 17.781
 69    22.787 54647.60041653 14.52 295.020422   7.685841 17.781
 70    26.770 54682.60041089 32.10 295.027422   7.716193 27.249
 70    26.603 54682.60041154 29.92 295.026682   7.712883 27.249
 70    26.258 54682.60041218 23.35 295.025952   7.709583 27.249
 70    25.421 54682.60041283 22.28 295.025212   7.706273 27.249
 70    24.655 54682.60041347 22.95 295.024482   7.702973 27.249
 70    25.010 54682.60041411 22.94 295.023739   7.699666 36.251
 70    25.527 54682.60041476 23.16 295.023009   7.696356 36.251
 70    25.911 54682.60041540 26.56 295.022269   7.693056 36.251
 70    26.293 54682.60041605 28.22 295.021539   7.689746 36.251
 70    26.623 54682.60041669 32.66 295.020799   7.686446 36.251
 71    26.066 54717.60035915 33.60 295.027526   7.714911 24.372
 71    25.780 54717.60035979 29.13 295.026786   7.711611 24.372
 71    25.200 54717.60036044 24.30 295.026056   7.708301 24.372
 71    24.783 54717.60036108 22.70 295.025316   7.704991 24.372
 71    24.794 54717.60036173 20.94 295.024586   7.701691 24.372
 71    25.304 54717.60036237 20.77 295.023846   7.698381 24.372
 71    25.782 54717.60036302 21.29 295.023116   7.695081 24.372
 71    25.748 54717.60036366 23.61 295.022377   7.691774 39.466
 71    25.815 54717.60036431 26.09 295.021647   7.688474 39.466
 71    25.881 54717.60036495 31.46 295.020907   7.685164 39.466
 72    23.958 54752.60038372 33.69 295.027681   7.716975 26.452
 72    23.514 54752.60038437 22.15 295.026951   7.713675 26.452
 72    22.930 54752.60038501 20.78 295.026211   7.710365 26.452
 72    22.999 54752.60038566 17.17 295.025483   7.707061 23.245
 72    23.299 54752.60038630 17.30 295.024743   7.703751 23.245
 72    23.459 54752.60038695 17.86 295.024013   7.700451 23.245
 72    23.442 54752.60038759 18.55 295.023273   7.697141 23.245
 72    23.478 54752.60038824 18.98 295.022543   7.693841 23.245
 72    23.343 54752.60038888 21.79 295.021803   7.690531 23.245
 72    23.462 54752.60038953 24.22 295.021063   7.687231 23.245
 72    23.721 54752.60039017 25.76 295.020333   7.683921 23.245
 73    23.500 54787.60034920 23.09 295.027230   7.717999 17.741
 73    22.539 54787.60034985 21.86 295.026500   7.714689 17.741
 73    21.333 54787.60035049 20.12 295.025760   7.711379 17.741
 73    21.290 54787.60035113 18.52 295.025030   7.708079 17.741
 73    21.236 54787.60035178 16.75 295.024290   7.704769 17.741
 73    21.378 54787.60035242 15.78 295.023560   7.701469 17.741
 73    21.718 54787.60035307 15.32 295.022819   7.698161 22.835
 73    22.052 54787.60035371 15.70 295.022089   7.694861 22.835
 73    22.879 54787.60035436 17.00 295.021349   7.691551 22.835
 73    23.169 54787.60035500 18.47 295.020619   7.688251 22.835
 73    23.345 54787.60035565 21.60 295.019879   7.684941 22.835
 74    22.572 54822.60037763 24.06 295.028778   7.716461 19.865
 74    20.175 54822.60037827 25.87 295.028048   7.713161 19.865
 74    20.278 54822.60037892 24.63 295.027308   7.709851 19.865
 74    20.266 54822.60037956 23.05 295.026579   7.706545 16.244
 74    19.931 54822.60038021 20.71 295.025839   7.703245 16.244
 74    19.861 54822.60038085 16.06 295.025109   7.699935 16.244
 74    19.962 54822.60038150 14.69 295.024369   7.696625 16.244
 74    20.206 54822.60038214 14.51 295.023629   7.693325 16.244
 74    20.830 54822.60038278 14.41 295.022899   7.690015 16.244
 74    22.811 54822.60038343 14.84 295.022159   7.686715 16.244
 74    23.535 54822.60038407 15.56 295.021429   7.683405 16.244
 75    21.148 54857.60034574 17.49 295.027609   7.715070 20.656
 75    17.424 54857.60034639 26.14 295.026869   7.711760 20.656
 75    17.011 54857.60034703 32.49 295.026139   7.708460 20.656
 75    17.502 54857.60034767 27.67 295.025399   7.705150 20.656
 75    17.163 54857.60034832 28.63 295.024669   7.701850 20.656
 75    17.047 54857.60034896 29.10 295.023929   7.698544 18.014
 75    18.060 54857.60034961 17.88 295.023199   7.695244 18.014
 75    18.071 54857.60035025 15.04 295.022459   7.691934 18.014
 75    21.059 54857.60035090 14.47 295.021729   7.688624 18.014
 75    22.215 54857.60035154 13.67 295.020989   7.685324 18.014
 76    16.588 54892.60038067 19.58 295.026223   7.717765 20.438
 76    16.978 54892.60038131 23.02 295.025493   7.714465 20.438
 76    17.154 54892.60038196 27.58 295.024753   7.711155 20.438
 76    16.595 54892.60038260 31.73 295.024019   7.707849 20.598
 76    17.245 54892.60038325 29.91 295.023289   7.704539 20.598
 76    16.257 54892.60038389 27.61 295.022549   7.701239 20.598
 76    16.460 54892.60038454 19.79 295.021819   7.697939 20.598
 76    17.611 54892.60038518 17.40 295.021079   7.694629 20.598
 76    18.054 54892.60038583 14.63 295.020349   7.691319 20.598
 76    16.560 54892.60038647 17.87 295.019609   7.688019 20.598
 76    16.354 54892.60038711 21.25 295.018879   7.684709 20.598
 77    16.759 54927.60034572 26.62 295.022176   7.702288 21.064
 77    16.374 54927.60034637 25.97 295.021446   7.698988 21.064
 77    17.353 54927.60034701 21.95 295.020708   7.695678 12.052
 77    18.370 54927.60034766 15.17 295.019978   7.692378 12.052
 77    16.618 54927.60034830 15.89 295.019238   7.689068 12.052
 77    22.541 54927.60034895 15.28 295.018508   7.685768 12.052
 78    20.105 54962.60037938 17.61 295.027043   7.716239 38.121
 78    22.278 54962.60038519 11.62 295.020426   7.686493 21.889
 79    19.452 54997.60040034 20.27 295.025641   7.718734 10.530
 79    19.968 54997.60040098 18.34 295.024901   7.715424 10.530
 79    20.435 54997.60040163 16.86 295.024171   7.712124 10.530
 79    20.621 54997.60040227 18.35 295.023441   7.708814 10.530
 79    20.282 54997.60040292 17.49 295.022696   7.705509 11.433
 79    20.000 54997.60040356 16.98 295.021966   7.702209 11.433
 79    19.745 54997.60040421 14.84 295.021226   7.698899 11.433
 79    19.451 54997.60040485 14.76 295.020496   7.695589 11.433
 79    19.877 54997.60040550 14.24 295.019756   7.692289 11.433
 79    22.355 54997.60040614 12.20 295.019026   7.688979 11.433
 79    23.064 54997.60040679 11.19 295.018286   7.685679 11.433
 80    24.592 55032.60038992 30.62 295.026979   7.717256 25.157
 80    24.340 55032.60039056 23.19 295.026239   7.713946 25.157
 80    23.337 55032.60039121 18.69 295.025509   7.710646 25.157
 80    23.412 55032.60039185 18.28 295.024769   7.707336 25.157
 80    23.520 55032.60039250 18.79 295.024034   7.704029 26.566
 80    23.469 55032.60039314 19.56 295.023304   7.700729 26.566
 80    23.576 55032.60039379 20.20 295.022564   7.697419 26.566
 80    23.729 55032.60039443 21.23 295.021834   7.694119 26.566
 80    23.846 55032.60039508 23.50 295.021094   7.690809 26.566
 80    23.942 55032.60039572 26.25 295.020364   7.687499 26.566
 80    24.449 55032.60039636 30.92 295.019624   7.684199 26.566
 81    26.230 55067.60037824 38.74 295.028409   7.717388 25.154
 81    25.702 55067.60037888 27.10 295.027679   7.714078 25.154
 81    24.910 55067.60037953 26.71 295.026939   7.710768 25.154
 81    24.356 55067.60038017 21.52 295.026209   7.707468 25.154
 81    23.886 55067.60038081 19.42 295.025469   7.704158 25.154
 81    23.286 55067.60038146 19.97 295.024739   7.700858 25.154
 81    23.838 55067.60038210 20.16 295.023997   7.697551 35.584
 81    24.594 55067.60038275 21.07 295.023267   7.694251 35.584
 81    24.728 55067.60038339 24.35 295.022527   7.690941 35.584
 81    24.961 55067.60038404 29.52 295.021797   7.687641 35.584
 81    25.319 55067.60038468 31.43 295.021057   7.684331 35.584
 82    23.986 55102.60031759 35.46 295.026021   7.720036 20.501
 82    23.585 55102.60031823 27.74 295.025281   7.716726 20.501
 82    23.138 55102.60031888 20.60 295.024551   7.713416 20.501
 82    22.893 55102.60031952 18.26 295.023811   7.710116 20.501
 82    22.971 55102.60032017 16.26 295.023081   7.706806 20.501
 82    22.958 55102.60032081 17.15 295.022341   7.703506 20.501
 82    22.985 55102.60032146 18.41 295.021611   7.700196 20.501
 82    22.833 55102.60032210 19.47 295.020871   7.696896 20.501
 82    22.705 55102.60032275 21.37 295.020141   7.693586 20.501
 82    22.943 55102.60032339 24.04 295.019401   7.690286 20.501
 82    23.259 55102.60032404 27.99 295.018671   7.686976 20.501
 83    20.228 55137.60032575 29.70 295.027758   7.715388 21.338
 83    20.458 55137.60032640 29.92 295.027028   7.712088 21.338
 83    20.360 55137.60032704 27.99 295.026288   7.708778 21.338
 83    20.276 55137.60032769 26.50 295.025551   7.705473 22.049
 83    20.227 55137.60032833 22.09 295.024821   7.702163 22.049
 83    20.044 55137.60032898 21.79 295.024081   7.698863 22.049
 83    20.897 55137.60032962 21.59 295.023351   7.695553 22.049
 83    21.365 55137.60033027 23.30 295.022611   7.692253 22.049
 83    23.077 55137.60033091 21.53 295.021881   7.688943 22.049
 83    23.692 55137.60033156 23.04 295.021141   7.685643 22.049
 84    22.238 55172.60028675 17.28 295.027082   7.715534 24.079
 84    17.290 55172.60028739 23.19 295.026342   7.712224 24.079
 84    17.299 55172.60028804 31.45 295.025612   7.708924 24.079
 84    17.701 55172.60028868 29.03 295.024872   7.705614 24.079
 84    17.436 55172.60028933 30.73 295.024142   7.702314 24.079
 84    17.437 55172.60028997 28.62 295.023402   7.699006 19.563
 84    17.003 55172.60029062 23.76 295.022672   7.695706 19.563
 84    18.128 55172.60029126 17.27 295.021932   7.692396 19.563
 84    21.329 55172.60029191 14.43 295.021202   7.689096 19.563
 84    22.266 55172.60029255 15.17 295.020462   7.685786 19.563
 85    16.708 55207.60031981 22.32 295.027849   7.715786 16.425
 85    16.824 55207.60032045 24.78 295.027119   7.712486 16.425
 85    16.871 55207.60032110 26.91 295.026379   7.709176 16.425
 85    16.375 55207.60032174 30.59 295.025651   7.705871 16.559
 85    15.911 55207.60032239 30.42 295.024911   7.702571 16.559
 85    15.622 55207.60032303 27.35 295.024181   7.699261 16.559
 85    15.518 55207.60032368 23.81 295.023441   7.695961 16.559
 85    16.358 55207.60032432 19.35 295.022701   7.692651 16.559
 85    17.833 55207.60032496 16.40 295.021971   7.689341 16.559
 85    21.477 55207.60032561 16.64 295.021231   7.686041 16.559
 86    14.649 55242.60029526 26.60 295.021900   7.698617 13.062
 86    18.503 55242.60029590 17.48 295.021170   7.695307 13.062
 86    19.644 55242.60029655 15.18 295.020430   7.692007 13.062
 86    18.355 55242.60029719 16.32 295.019700   7.688697 13.062
 86    21.711 55242.60029784 15.86 295.018960   7.685397 13.062
 87    18.650 55277.60031674 19.36 295.022925   7.698256 14.407
 87    18.294 55277.60031739 17.59 295.022195   7.694956 14.407
 87    17.758 55277.60031803 15.46 295.021455   7.691646 14.407
 87    16.510 55277.60031868 16.67 295.020725   7.688336 14.407
 87    15.130 55277.60031932 17.42 295.019985   7.685036 14.407
 88    20.008 55312.60027608 17.76 295.027506   7.717718 15.299
 88    18.834 55312.60027672 20.96 295.026766   7.714418 15.299
 88    19.070 55312.60027737 20.23 295.026036   7.711108 15.299
 88    19.921 55312.60027801 17.67 295.025296   7.707798 15.299
 88    19.708 55312.60027866 17.86 295.024566   7.704498 15.299
 88    19.609 55312.60027930 19.04 295.023826   7.701188 15.299
 88    19.086 55312.60027995 20.04 295.023096   7.697888 15.299
 88    19.196 55312.60028059 17.42 295.022357   7.694580 10.553
 88    19.271 55312.60028124 17.36 295.021627   7.691280 10.553
 88    20.045 55312.60028188 15.80 295.020887   7.687970 10.553
 88    21.729 55312.60028253 16.03 295.020157   7.684670 10.553
 89    22.512 55347.60028342 44.38 295.028382   7.716900 28.225
 89    22.587 55347.60028407 49.92 295.027642   7.713600 28.225
 89    22.572 55347.60028471 49.48 295.026912   7.710290 28.225
 89    22.544 55347.60028536 50.38 295.026168   7.706985 20.114
 89    22.508 55347.60028600 50.19 295.025438   7.703675 20.114
 89    22.474 55347.60028665 49.26 295.024698   7.700375 20.114
 89    22.460 55347.60028729 45.35 295.023968   7.697075 20.114
 89    22.452 55347.60028794 46.52 295.023228   7.693765 20.114
 89    22.482 55347.60028858 46.94 295.022498   7.690455 20.114
 89    22.587 55347.60028923 46.14 295.021758   7.687155 20.114
 89    22.649 55347.60028987 44.98 295.021028   7.683845 20.114
 90    26.287 55382.60027450 35.33 295.027096   7.716321 26.452
 90    26.131 55382.60027515 26.63 295.026366   7.713011 26.452
 90    25.079 55382.60027579 22.03 295.025626   7.709701 26.452
 90    25.286 55382.60027644 20.90 295.024886   7.706401 26.452
 90    25.643 55382.60027708 21.21 295.024153   7.703093 34.621
 90    26.921 55382.60027773 23.53 295.023423   7.699793 34.621
 90    26.861 55382.60027837 23.51 295.022683   7.696483 34.621
 90    26.970 55382.60027902 24.24 295.021953   7.693183 34.621
 90    26.792 55382.60027966 27.30 295.021213   7.689873 34.621
 90    26.706 55382.60028031 29.66 295.020483   7.686563 34.621
 91    27.739 55417.60030210 34.95 295.028823   7.716937 28.159
 91    27.604 55417.60030274 30.91 295.028083   7.713627 28.159
 91    27.344 55417.60030339 27.88 295.027353   7.710327 28.159
 91    26.803 55417.60030403 25.31 295.026613   7.707017 28.159
 91    26.129 55417.60030468 24.77 295.025885   7.703711 33.428
 91    26.003 55417.60030532 25.16 295.025145   7.700411 33.428
 91    26.643 55417.60030596 23.91 295.024415   7.697101 33.428
 91    27.062 55417.60030661 28.08 295.023675   7.693791 33.428
 91    27.520 55417.60030725 30.42 295.022945   7.690491 33.428
 91    27.757 55417.60030790 31.29 295.022205   7.687181 33.428
 91    27.811 55417.60030854 30.60 295.021465   7.683881 33.428
 92    27.147 55452.60028406 33.08 295.028075   7.716311 23.132
 92    26.921 55452.60028471 27.41 295.027345   7.713001 23.132
 92    26.011 55452.60028535 26.54 295.026605   7.709701 23.132
 92    25.480 55452.60028600 22.13 295.025875   7.706391 23.132
 92    24.804 55452.60028664 21.25 295.025135   7.703091 23.132
 92    24.828 55452.60028729 22.22 295.024405   7.699781 23.132
 92    25.942 55452.60028793 20.16 295.023664   7.696475 37.546
 92    26.304 55452.60028857 21.43 295.022934   7.693165 37.546
 92    26.759 55452.60028922 23.63 295.022194   7.689865 37.546
 92    26.884 55452.60028986 27.76 295.021464   7.686565 37.546
 92    27.071 55452.60029051 40.69 295.020724   7.683255 37.546
 93    23.937 55487.60020642 26.96 295.027911   7.715989 18.368
 93    22.858 55487.60020707 20.52 295.027171   7.712689 18.368
 93    22.639 55487.60020771 16.73 295.026441   7.709379 18.368
 93    22.439 55487.60020836 17.68 295.025701   7.706079 18.368
 93    22.642 55487.60020900 15.66 295.024971   7.702769 18.368
 93    22.620 55487.60020965 16.96 295.024231   7.699469 18.368
 93    22.704 55487.60021029 16.51 295.023501   7.696159 18.368
 93    22.459 55487.60021094 19.12 295.022764   7.692852 26.202
 93    22.645 55487.60021158 21.08 295.022034   7.689552 26.202
 93    23.030 55487.60021223 21.91 295.021294   7.686242 26.202
 93    23.475 55487.60021287 25.04 295.020564   7.682942 26.202
