-206678.234     8.176     0.00    2.23
-206301.802     7.809    -0.97    2.33
-205925.374     7.495    -0.84    2.46
-205548.951     6.928    -1.51    2.28
-205172.531     6.466    -1.23    2.45
-204796.116     6.302    -0.44    2.31
-204419.704     7.082     2.07    2.36
-204043.297     7.691     1.62    2.31
-203666.894     8.091     1.06    2.36
-203290.494     8.800     1.88    2.57
-202914.099     8.841     0.11    2.87
-202537.708     9.657     2.17    3.58
-202161.321     9.576    -0.22    4.25
-201784.938     8.625    -2.53    4.91
-201408.559     7.441    -3.15    4.86
-201032.184     5.900    -4.09    3.76
-200655.814     4.758    -3.04    2.99
-200279.447     4.851     0.25    2.76
-199903.084     6.046     3.18    3.61
-199526.725     7.572     4.06    3.23
-199150.371     7.851     0.74    3.20
-198774.020     8.518     1.77    3.34
-198397.674     8.135    -1.02    3.72
-198021.331     7.646    -1.30    3.77
-197644.993     7.360    -0.76    3.17
-197268.658     6.825    -1.42    2.84
-196892.328     6.866     0.11    3.15
-196516.001     6.498    -0.98    2.72
-196139.679     7.332     2.22    3.59
-195763.361     8.062     1.94    4.04
-195387.046     8.204     0.38    3.96
-195010.736     8.338     0.36    4.21
-194634.430     8.302    -0.10    3.78
-194258.127     8.758     1.21    4.57
-193881.829     8.210    -1.46    4.61
-193505.535     7.927    -0.75    4.17
-193129.245     7.697    -0.61    3.13
-192752.958     8.099     1.07    2.71
-192376.676     8.287     0.50    2.63
-192000.398     8.230    -0.15    3.12
-191624.124     8.364     0.36    3.16
-191247.854     8.387     0.06    2.72
-190871.588     8.646     0.69    2.61
-190495.325     8.766     0.32    2.35
-190119.067     8.329    -1.16    2.29
-189742.813     8.143    -0.49    2.56
-189366.563     8.116    -0.07    2.70
-188990.317     8.576     1.22    2.64
-188614.074     9.008     1.15    2.71
-188237.836     9.191     0.48    2.71
-187861.602     9.291     0.27    2.29
-187485.372     9.184    -0.28    2.45
-187109.146     9.603     1.11    2.61
-186732.923     9.697     0.25    2.47
-186356.705     9.283    -1.10    2.99
-185980.491     8.389    -2.37    3.24
-185604.280     6.888    -3.99    3.13
-185228.074     5.953    -2.48    2.30
-184851.872     5.765    -0.50    2.06
-184475.673     6.466     1.86    2.17
-184099.479     6.841     1.00    3.07
-183723.288     7.552     1.89    3.26
-183347.102     7.819     0.71    3.54
-182970.919     7.630    -0.50    3.60
-182594.741     7.495    -0.36    3.73
-182218.566     6.522    -2.59    3.43
-181842.395     6.212    -0.82    2.99
-181466.229     5.841    -0.99    2.77
-181090.066     4.704    -3.02    1.48
-180713.907     4.873     0.45    2.06
-180337.752     4.928     0.15    2.75
-179961.601     5.388     1.22    2.68
-179585.454     4.967    -1.12    2.80
-179209.311     4.493    -1.26    2.43
-178833.172     3.492    -2.66    2.04
-178457.037     2.927    -1.50    1.56
-178080.906     3.125     0.53    1.61
-177704.779     2.866    -0.69    1.50
-177328.655     3.191     0.86    1.42
-176952.536     2.981    -0.56    1.46
-176576.421     2.900    -0.22    1.28
-176200.309     2.927     0.07    1.41
-175824.202     4.332     3.74    3.38
-175448.098     6.212     5.00    4.72
-175071.998     6.691     1.27    4.81
-174695.902     7.256     1.50    4.71
-174319.810     6.251    -2.67    4.03
-173943.723     4.953    -3.45    2.04
-173567.638     4.967     0.04    1.64
-173191.558     4.362    -1.61    2.08
-172815.482     4.441     0.21    2.16
-172439.410     4.287    -0.41    2.21
-172063.341     4.792     1.34    2.50
-171687.277     5.704     2.42    2.68
-171311.216     6.291     1.56    2.91
-170935.160     6.135    -0.41    3.28
-170559.107     5.657    -1.27    3.11
-170183.058     5.197    -1.22    3.20
-169807.013     4.522    -1.80    2.59
-169430.972     4.224    -0.79    2.36
-169054.935     3.441    -2.08    2.44
-168678.902     3.591     0.40    2.49
-168302.872     3.704     0.30    2.66
-167926.847     4.387     1.82    2.55
-167550.825     4.620     0.62    2.04
-167174.808     4.230    -1.04    1.66
-166798.794     3.774    -1.21    1.87
-166422.784     3.862     0.23    1.83
-166046.778     4.261     1.06    1.86
-165670.776     4.305     0.12    2.11
-165294.777     4.388     0.22    1.92
-164918.783     3.866    -1.39    1.96
-164542.792     3.163    -1.87    1.68
-164166.806     2.846    -0.84    1.64
-163790.823     2.549    -0.79    1.90
-163414.844     2.062    -1.29    2.30
-163038.869     1.873    -0.50    2.41
-162662.898     2.241     0.98    2.18
-162286.930     2.591     0.93    2.17
-161910.967     2.914     0.86    2.10
-161535.007     3.116     0.54    1.90
-161159.051     2.518    -1.59    1.97
-160783.100     1.572    -2.51    1.34
-160407.151     1.415    -0.42    1.40
-160031.207     0.835    -1.54    1.50
-159655.267     0.748    -0.23    1.61
-159279.330     0.603    -0.39    1.61
-158903.398     0.389    -0.57    1.28
-158527.469     0.516     0.34    1.19
-158151.544     0.718     0.54    1.19
-157775.623     0.927     0.56    1.50
-157399.706     1.495     1.51    1.75
-157023.792     1.468    -0.07    1.76
-156647.883     1.711     0.65    1.76
-156271.977     1.955     0.65    1.96
-155896.075     1.716    -0.64    2.17
-155520.177     2.125     1.09    2.18
-155144.283     2.387     0.70    1.96
-154768.392     2.492     0.28    1.90
-154392.506     2.730     0.63    1.74
-154016.623     2.902     0.46    1.57
-153640.744     3.020     0.31    1.59
-153264.869     3.030     0.03    1.45
-152888.997     3.089     0.16    1.38
-152513.130     2.594    -1.32    1.61
-152137.266     2.341    -0.68    1.55
-151761.406     2.413     0.19    1.75
-151385.550     3.035     1.66    1.98
-151009.698     3.387     0.93    2.01
-150633.849     3.089    -0.79    2.20
-150258.005     2.360    -1.94    2.37
-149882.164     1.383    -2.60    2.00
-149506.327     0.591    -2.11    1.66
-149130.494     0.651     0.16    1.74
-148754.664     0.576    -0.20    1.70
-148378.839     0.800     0.60    1.86
-148003.017     1.625     2.20    2.29
-147627.199     2.748     2.99    2.20
-147251.384     3.520     2.05    1.70
-146875.574     3.748     0.61    1.42
-146499.767     3.765     0.04    1.65
-146123.964     4.056     0.77    1.95
-145748.165     4.291     0.62    2.46
-145372.370     4.829     1.43    2.62
-144996.578     4.414    -1.11    2.62
-144620.791     3.495    -2.45    2.24
-144245.007     2.927    -1.51    1.99
-143869.226     2.809    -0.31    1.75
-143493.450     2.812     0.01    1.75
-143117.677     2.566    -0.66    2.00
-142741.908     1.967    -1.59    2.40
-142366.143     1.549    -1.11    2.48
-141990.382     1.210    -0.90    2.12
-141614.624     1.704     1.31    2.40
-141238.870     2.184     1.28    1.97
-140863.120     2.599     1.10    2.26
-140487.374     2.261    -0.90    2.00
-140111.631     1.684    -1.54    1.77
-139735.717     1.877     0.51    1.59
-139359.234     1.791    -0.23    1.25
-138982.755     2.107     0.84    1.26
-138606.280     2.278     0.45    1.76
-138229.808     2.305     0.07    2.10
-137853.340     2.143    -0.43    1.96
-137476.876     2.467     0.86    2.10
-137100.415     2.669     0.54    1.97
-136723.959     3.416     1.98    1.80
-136347.506     3.099    -0.84    1.71
-135971.057     2.630    -1.25    1.88
-135594.611     2.415    -0.57    1.94
-135218.170     2.151    -0.70    1.83
-134841.732     2.338     0.50    1.55
-134465.298     2.046    -0.78    1.37
-134088.867     1.953    -0.25    1.32
-133712.441     1.738    -0.57    1.29
-133336.018     1.389    -0.93    1.28
-132959.599     1.241    -0.40    1.24
-132583.183     1.135    -0.28    1.04
-132206.771     1.305     0.45    1.38
-131830.364     1.819     1.36    1.71
-131453.959     2.549     1.94    2.11
-131077.559     3.332     2.08    2.37
-130701.162     4.469     3.02    3.38
-130324.769     4.741     0.72    3.94
-129948.380     4.107    -1.68    4.14
-129571.994     2.981    -2.99    3.96
-129195.612     1.671    -3.48    1.99
-128819.234     1.305    -0.97    1.42
-128442.860     1.441     0.36    1.59
-128066.489     1.520     0.21    1.57
-127690.122     2.005     1.29    2.21
-127313.758     1.846    -0.42    2.39
-126937.399     1.825    -0.06    2.38
-126561.043     1.636    -0.50    2.30
-126184.691     1.079    -1.48    1.62
-125808.342     0.800    -0.74    1.51
-125431.998     0.730    -0.18    1.33
-125055.656     0.495    -0.63    1.51
-124679.319     2.414     5.10    3.40
-124302.985     4.298     5.01    5.26
-123926.655     7.441     8.35    5.16
-123550.329     7.902     1.23    5.30
-123174.007     6.873    -2.73    5.80
-122797.688     4.466    -6.40    4.50
-122421.372     2.496    -5.24    2.75
-122045.061     2.261    -0.62    1.96
-121668.753     3.133     2.32    1.96
-121292.449     3.993     2.29    2.02
-120916.148     4.576     1.55    1.48
-120539.852     4.877     0.80    1.47
-120163.558     5.319     1.18    1.45
-119787.269     5.251    -0.18    1.82
-119410.983     5.184    -0.18    2.01
-119034.701     4.572    -1.63    2.44
-118658.423     3.954    -1.64    2.46
-118282.148     4.143     0.50    1.97
-117905.877     3.726    -1.11    2.33
-117529.609     3.953     0.60    2.33
-117153.346     3.316    -1.70    2.50
-116777.085     3.035    -0.75    2.37
-116400.829     3.364     0.87    2.60
-116024.576     3.829     1.24    2.62
-115648.327     4.774     2.51    2.27
-115272.081     4.877     0.27    2.19
-114895.840     5.046     0.45    2.51
-114519.601     4.914    -0.35    2.21
-114143.367     4.877    -0.10    2.00
-113767.136     4.641    -0.63    1.83
-113390.909     4.765     0.33    2.21
-113014.685     5.107     0.91    2.37
-112638.465     5.125     0.05    2.12
-112262.249     5.441     0.84    2.07
-111886.036     5.062    -1.01    2.46
-111509.827     4.496    -1.50    2.54
-111133.622     3.338    -3.08    2.95
-110757.420     2.541    -2.12    2.33
-110381.222     2.819     0.74    2.85
-110005.027     3.518     1.86    2.86
-109628.836     4.524     2.68    2.83
-109252.649     4.697     0.46    2.84
-108876.465     4.877     0.48    2.36
-108500.285     4.599    -0.74    2.40
-108124.109     4.625     0.07    1.77
-107747.936     5.151     1.40    1.64
-107371.767     5.966     2.17    1.68
-106995.601     6.927     2.56    1.85
-106619.439     7.441     1.37    1.81
-106243.281     8.159     1.91    1.99
-105867.126     8.224     0.18    1.89
-105490.975     8.846     1.65    1.76
-105114.828     9.552     1.88    2.09
-104738.684     9.723     0.45    1.81
-104362.543    10.415     1.84    2.10
-103986.407    10.765     0.93    2.30
-103610.274    11.415     1.73    1.97
-103234.144    11.968     1.47    1.56
-102858.018    11.756    -0.56    1.40
-102481.896    11.825     0.18    1.68
-102105.777    11.599    -0.60    1.72
-101729.662    12.020     1.12    1.72
-101353.550    11.914    -0.28    1.77
-100977.442    11.666    -0.66    1.62
-100601.338    12.008     0.91    1.64
-100225.237    11.666    -0.91    1.78
 -99849.140    11.441    -0.60    1.81
 -99473.046    11.522     0.22    1.96
 -99096.956    11.360    -0.43    2.11
 -98720.870    11.846     1.29    2.37
 -98344.787    12.466     1.65    2.41
 -97968.707    13.107     1.70    2.30
 -97592.632    12.792    -0.84    2.36
 -97216.559    13.091     0.79    2.53
 -96840.491    12.967    -0.33    2.66
 -96464.426    11.968    -2.66    2.76
 -96088.364    11.492    -1.27    2.87
 -95712.306    10.941    -1.47    2.70
 -95336.252    10.493    -1.19    2.45
 -94960.201    10.493     0.00    2.31
 -94584.154    10.766     0.72    2.29
 -94208.110    10.657    -0.29    2.32
 -93832.070    10.041    -1.64    2.34
 -93456.033     9.492    -1.46    2.44
 -93080.000     9.035    -1.21    2.62
 -92703.970     9.576     1.44    3.20
 -92327.944    10.387     2.16    3.98
 -91951.922    11.184     2.12    3.76
 -91575.903    11.466     0.75    4.00
 -91199.887    11.357    -0.29    3.80
 -90823.876     9.816    -4.10    4.50
 -90447.867     9.335    -1.28    4.56
 -90071.862     9.246    -0.24    3.93
 -89695.861     8.953    -0.78    3.22
 -89319.863     9.151     0.53    3.61
 -88943.869     8.941    -0.56    4.35
 -88567.879     8.625    -0.84    4.88
 -88191.891     8.666     0.11    4.98
 -87815.908     7.468    -3.19    4.95
 -87439.928     7.366    -0.27    4.60
 -87063.951     8.389     2.72    3.93
 -86687.978     7.900    -1.30    3.06
 -86312.008     7.197    -1.87    1.91
 -85936.042     6.657    -1.44    1.64
 -85560.080     6.774     0.31    1.87
 -85184.121     7.133     0.95    2.79
 -84808.165     7.857     1.93    2.68
 -84432.213     8.066     0.55    2.73
 -84056.265     8.520     1.21    2.73
 -83680.320     8.218    -0.80    2.33
 -83304.378     8.888     1.78    2.45
 -82928.440     9.414     1.40    2.78
 -82552.506    10.364     2.53    2.91
 -82176.575    11.125     2.02    3.29
 -81800.647    12.091     2.57    3.45
 -81424.723    12.657     1.51    3.67
 -81048.803    11.866    -2.10    3.99
 -80672.886    11.338    -1.40    3.68
 -80296.972    10.603    -1.96    3.30
 -79921.062     9.495    -2.95    2.89
 -79545.156     9.387    -0.29    3.05
 -79169.252     8.825    -1.49    2.58
 -78793.353     8.825     0.00    2.51
 -78417.457     8.496    -0.88    2.12
 -78041.564     9.341     2.25    2.65
 -77665.675    10.230     2.37    2.69
 -77289.789    11.385     3.07    3.25
 -76913.907    11.546     0.43    3.08
 -76538.028    11.125    -1.12    3.25
 -76162.153    10.159    -2.57    2.75
 -75786.281     9.572    -1.56    2.93
 -75410.413     9.416    -0.42    2.95
 -75034.548     9.035    -1.01    3.17
 -74658.686     9.291     0.68    3.17
 -74282.828     9.518     0.60    3.20
 -73906.974     9.607     0.24    3.18
 -73531.123     9.684     0.20    2.69
 -73155.275     9.846     0.43    2.43
 -72779.431     9.625    -0.59    2.56
 -72403.590    10.616     2.64    3.19
 -72027.753    10.684     0.18    3.88
 -71651.919    10.616    -0.18    3.69
 -71276.088    10.520    -0.26    3.40
 -70900.261     9.792    -1.94    2.69
 -70524.438    10.020     0.61    2.82
 -70148.618    10.204     0.49    2.63
 -69772.801    10.230     0.07    2.72
 -69396.988    10.362     0.35    2.23
 -69021.178    10.966     1.61    2.49
 -68645.372    10.900    -0.17    2.86
 -68269.569    10.966     0.17    2.98
 -67893.769    10.748    -0.58    2.99
 -67517.973    10.024    -1.93    3.07
 -67142.181    10.251     0.61    2.97
 -66766.392    10.302     0.13    3.43
 -66390.606    10.283    -0.05    3.33
 -66014.823    10.566     0.75    4.03
 -65639.044    12.441     4.99    7.20
 -65263.269    16.766    11.51   12.85
 -64887.497    21.862    13.56   17.50
 -64511.353    25.756    10.35   19.68
 -64134.910    27.256     3.98   18.92
 -63758.471    26.569    -1.83   17.02
 -63382.035    21.928   -12.33   12.69
 -63005.603    18.441    -9.26    7.10
 -62629.174    17.066    -3.65    6.30
 -62252.749    14.927    -5.68    2.95
 -61876.326    15.616     1.83    3.46
 -61499.908    16.364     1.99    4.06
 -61123.492    17.107     1.98    4.04
 -60747.081    17.278     0.45    3.73
 -60370.672    17.738     1.22    3.64
 -59994.267    18.177     1.17    4.29
 -59617.865    18.791     1.63    4.42
 -59241.467    19.062     0.72    4.24
 -58865.072    19.491     1.14    4.27
 -58488.681    19.941     1.20    4.62
 -58112.293    20.495     1.47    4.64
 -57735.908    19.235    -3.35    4.48
 -57359.527    18.697    -1.43    4.28
 -56983.149    17.312    -3.68    3.39
 -56606.774    16.730    -1.55    2.40
 -56230.403    17.287     1.48    2.87
 -55854.035    18.522     3.28    2.97
 -55477.671    19.566     2.77    2.77
 -55101.310    20.866     3.45    2.95
 -54724.952    21.802     2.49    3.16
 -54348.598    22.305     1.34    3.13
 -53972.247    22.360     0.14    2.51
 -53595.900    22.684     0.86    2.40
 -53219.555    22.953     0.72    2.81
 -52843.215    23.135     0.48    2.78
 -52466.877    23.566     1.14    2.71
 -52090.543    23.572     0.02    2.57
 -51714.213    22.819    -2.00    2.44
 -51337.885    23.030     0.56    2.69
 -50961.561    22.520    -1.36    2.40
 -50585.241    22.204    -0.84    2.75
 -50208.924    21.677    -1.40    2.61
 -49832.610    21.364    -0.83    2.73
 -49456.299    21.332    -0.08    2.86
 -49079.992    20.620    -1.89    3.22
 -48703.688    20.741     0.32    3.37
 -48327.388    19.802    -2.50    3.22
 -47951.091    19.441    -0.96    2.55
 -47574.797    18.414    -2.73    2.24
 -47198.506    17.603    -2.15    2.13
 -46822.219    16.819    -2.08    2.48
 -46445.936    16.241    -1.54    2.81
 -46069.655    15.366    -2.33    3.07
 -45693.378    14.125    -3.30    3.56
 -45317.104    12.576    -4.12    4.53
 -44940.834    11.107    -3.90    4.88
 -44564.567    10.388    -1.91    4.64
 -44188.303     9.335    -2.80    4.61
 -43812.043     9.151    -0.49    3.65
 -43435.786     9.466     0.84    3.27
 -43059.532     8.278    -3.16    3.27
 -42683.281     7.646    -1.68    3.89
 -42307.034     7.791     0.39    3.77
 -41930.790     7.326    -1.23    3.23
 -41554.550     6.927    -1.06    3.81
 -41178.313     7.035     0.29    3.93
 -40802.079     7.305     0.72    3.98
 -40425.848     8.170     2.30    3.71
 -40049.621     8.996     2.20    3.84
 -39673.397     9.441     1.18    3.75
 -39297.177    10.046     1.61    2.72
 -38920.959    10.224     0.47    3.13
 -38544.745     9.312    -2.42    3.50
 -38168.534     9.599     0.76    3.63
 -37792.327     9.953     0.94    3.76
 -37416.123    11.441     3.95    3.86
 -37039.922    13.466     5.38    4.35
 -36663.724    15.035     4.17    4.32
 -36287.530    16.862     4.86    2.93
 -35911.339    18.216     3.60    2.06
 -35535.151    18.355     0.37    1.92
 -35158.967    18.572     0.58    1.96
 -34782.786    18.792     0.58    2.04
 -34406.608    18.603    -0.50    1.91
 -34030.434    18.549    -0.14    1.78
 -33654.262    18.191    -0.95    1.90
 -33278.094    18.266     0.20    1.87
 -32901.930    18.072    -0.51    1.65
 -32525.768    18.035    -0.10    1.62
 -32149.610    18.107     0.19    1.83
 -31773.455    17.941    -0.44    1.66
 -31397.303    17.646    -0.78    2.05
 -31021.155    17.335    -0.83    2.23
 -30645.010    17.133    -0.54    2.23
 -30268.868    16.857    -0.73    2.20
 -29892.729    16.704    -0.41    1.84
 -29516.594    16.416    -0.77    1.93
 -29140.462    16.155    -0.69    2.28
 -28764.333    16.594     1.17    2.60
 -28388.208    18.278     4.48    3.87
 -28012.085    18.630     0.93    4.06
 -27635.966    18.576    -0.14    4.09
 -27259.850    18.135    -1.17    4.36
 -26883.738    16.492    -4.37    4.10
 -26507.629    15.266    -3.26    3.32
 -26131.523    14.730    -1.42    3.47
 -25755.420    14.697    -0.09    3.29
 -25379.320    15.210     1.36    3.07
 -25003.224    14.005    -3.20    3.70
 -24627.131    13.657    -0.93    3.53
 -24251.041    12.979    -1.80    3.14
 -23874.954    13.163     0.49    2.26
 -23498.871    13.125    -0.10    3.63
 -23122.790    12.774    -0.93    3.99
 -22746.713    12.126    -1.72    4.42
 -22370.640    14.184     5.47   10.34
 -21994.569    17.711     9.38   18.38
 -21618.502    17.900     0.50   18.44
 -21242.438    16.549    -3.59   16.44
 -20866.377    13.885    -7.08    9.37
 -20490.319    13.005    -2.34    3.86
 -20114.265    16.591     9.54    9.01
 -19738.214    22.603    15.99   17.40
 -19362.166    23.041     1.16   15.94
 -18986.121    22.671    -0.98   14.43
 -18610.079    21.082    -4.23    7.36
 -18234.041    23.046     5.22    8.91
 -17858.006    23.415     0.98    8.63
 -17481.974    24.441     2.73    8.57
 -17105.945    23.283    -3.08    8.09
 -16729.919    21.107    -5.79    2.70
 -16353.897    21.498     1.04    2.53
 -15977.878    21.312    -0.49    2.44
 -15601.862    21.576     0.70    2.29
 -15225.849    21.927     0.93    2.34
 -14849.839    23.332     3.74    4.01
 -14473.833    24.913     4.20    5.22
 -14097.830    23.825    -2.89    5.02
 -13721.830    22.831    -2.64    4.85
 -13345.833    22.143    -1.83    4.11
 -12969.839    23.216     2.85    5.46
 -12593.849    24.493     3.40    6.04
 -12217.861    25.133     1.70    6.97
 -11841.877    26.914     4.74   16.69
 -11465.896    23.748    -8.42    7.73
 -11089.918    21.603    -5.71    2.65
 -10713.944    20.835    -2.04    2.55
 -10337.972    19.877    -2.55    2.23
  -9962.004    19.412    -1.24    2.08
  -9586.039    18.851    -1.49    2.07
  -9210.077    17.993    -2.28    2.44
  -8834.118    17.414    -1.54    3.21
  -8458.162    16.414    -2.66    3.18
  -8082.210    15.385    -2.74    2.63
  -7706.261    15.877     1.31    2.83
  -7330.314    15.806    -0.19    2.86
  -6954.371    16.035     0.61    2.57
  -6578.431    16.030    -0.01    3.08
  -6202.495    15.335    -1.85    3.38
  -5826.561    13.800    -4.09    3.55
  -5450.631    11.819    -5.27    3.53
  -5074.703    10.928    -2.37    2.55
  -4698.779    10.441    -1.30    2.44
  -4322.858     9.819    -1.65    2.89
  -3946.940     7.914    -5.07    4.25
  -3571.026     4.783    -8.33    4.57
  -3195.114     3.697    -2.89    4.51
  -2819.206     2.902    -2.11    4.09
  -2443.300     2.635    -0.71    3.54
  -2067.398     4.116     3.94    4.03
  -1691.499     4.746     1.68    4.49
  -1315.603     4.256    -1.30    4.99
   -939.710     3.709    -1.46    5.38
   -563.820     2.495    -3.23    5.19
   -187.934     1.697    -2.12    5.31
    187.950     0.520    -3.13    3.54
    563.830     0.723     0.54    4.33
    939.707     2.792     5.51    7.05
   1315.581     5.141     6.25    8.55
   1691.452     7.008     4.97    9.17
   2067.320     9.116     5.61    9.43
   2443.185    10.765     4.39   10.15
   2819.047    11.764     2.66   10.56
   3194.905    11.184    -1.54    9.81
   3570.761     9.979    -3.21    9.03
   3946.613     8.197    -4.74    8.27
   4322.462     7.657    -1.44    7.25
   4698.309     8.357     1.86    7.28
   5074.152     7.546    -2.16    5.85
   5449.992     6.671    -2.33    5.40
   5825.829     5.441    -3.27    5.54
   6201.662     3.415    -5.39    5.92
   6577.493     1.914    -3.99    5.61
   6953.321    -0.277    -5.83    1.47
   7329.145    -0.559    -0.75    0.00
   7704.967     0.441     2.66    4.19
   8080.785     2.873     6.47    6.66
   8456.600     5.684     7.48    7.20
   8832.413     7.711     5.39    6.59
   9208.222     9.794     5.54    5.09
   9584.028     8.748    -2.78    5.42
   9959.831     7.389    -3.62    6.23
  10335.631     8.135     1.98    7.13
  10711.969    10.204     5.50    8.24
  11088.381    12.774     6.83    8.25
  11464.791    16.520     9.95    5.72
  11841.197    16.133    -1.03    5.23
  12217.601    14.576    -4.14    5.96
  12594.001    12.159    -6.42    5.46
  12970.398    11.967    -0.51    4.64
  13346.793    14.107     5.69    4.85
  13723.184    17.089     7.92    4.62
  14099.572    18.466     3.66    4.17
  14475.957    20.256     4.76    4.38
  14852.339    21.819     4.15    4.21
  15228.718    23.738     5.10    3.89
  15605.094    25.913     5.78    3.47
  15981.466    27.133     3.24    3.29
  16357.836    28.774     4.36    2.72
  16734.203    29.746     2.58    2.19
  17110.566    30.230     1.29    2.44
  17486.927    30.738     1.35    2.53
  17863.285    31.230     1.31    2.42
  18239.639    30.966    -0.70    2.74
  18615.991    31.495     1.41    2.87
  18992.339    31.546     0.14    2.97
  19368.684    30.730    -2.17    3.15
  19745.027    29.928    -2.13    3.26
  20121.366    28.873    -2.80    3.32
  20497.702    28.341    -1.41    3.38
  20874.035    27.546    -2.11    4.21
  21250.366    25.107    -6.48    4.71
  21626.693    23.360    -4.64    4.79
  22003.017    20.913    -6.50    5.15
  22379.338    18.877    -5.41    4.43
  22755.656    18.466    -1.09    4.49
  23131.971    18.126    -0.90    4.84
  23508.283    17.851    -0.73    5.55
  23884.592    17.278    -1.52    5.20
  24260.898    15.846    -3.81    4.99
  24637.201    15.210    -1.69    4.75
  25013.501    14.677    -1.41    4.23
  25389.798    15.056     1.01    3.92
  25766.092    15.256     0.53    3.97
  26142.383    16.005     1.99    3.59
  26518.671    16.089     0.22    4.20
  26894.956    15.831    -0.69    4.64
  27271.238    16.082     0.67    5.50
  27647.517    16.107     0.07    5.78
  28023.793    14.819    -3.42    6.63
  28400.066    12.224    -6.90    8.69
  28776.336    10.177    -5.44    8.37
  29152.602     6.774    -9.05    7.97
  29528.866     3.077    -9.83    6.30
  29905.127     1.107    -5.23    4.23
  30281.385    -0.296    -3.73    1.00
  30657.640    -0.476    -0.48    0.77
  31033.892    -0.559    -0.22    0.40
  31410.141    -0.559     0.00    0.00
  31786.387    -0.559     0.00    0.00
  32162.630    -0.482     0.20    0.48
  32538.871     0.389     2.32    3.84
  32915.108     1.599     3.21    6.23
  33291.342     4.133     6.74    9.07
  33667.573     5.697     4.16   10.36
  34043.801     7.135     3.82   10.86
  34420.026    10.846     9.86   11.90
  34796.249    14.414     9.48   11.57
  35172.468    16.576     5.75   10.90
  35548.684    19.774     8.50    9.07
  35924.898    22.970     8.50    3.90
  36301.108    23.716     1.98    2.33
  36677.315    23.020    -1.85    2.71
  37053.520    22.163    -2.28    3.05
  37429.721    20.748    -3.76    3.11
  37805.920    20.657    -0.24    3.21
  38182.116    21.825     3.11    2.97
  38558.308    22.651     2.20    2.84
  38934.498    23.415     2.03    2.50
  39310.685    22.900    -1.37    3.70
  39686.869    22.364    -1.43    4.23
  40063.049    20.366    -5.31    5.20
  40439.227    17.968    -6.37    5.37
  40815.402    16.305    -4.42    5.10
  41191.574    14.873    -3.81    4.54
  41567.744    13.792    -2.87    5.00
  41943.910    12.062    -4.60    3.93
  42320.073    10.898    -3.10    2.87
  42696.233    10.966     0.18    2.58
  43072.391    11.774     2.15    2.33
  43448.545    12.305     1.41    2.84
  43824.697    13.979     4.45    3.88
  44200.845    15.230     3.33    4.78
  44576.991    17.677     6.51    5.41
  44953.134    19.862     5.81    5.74
  45329.274    22.159     6.11    5.02
  45705.411    25.576     9.08    5.64
  46081.545    28.283     7.20    5.31
  46457.676    30.116     4.87    4.68
  46833.804    31.983     4.97    3.49
  47209.930    34.143     5.74    3.19
  47586.052    35.792     4.38    3.41
  47962.171    36.414     1.65    3.39
  48338.288    38.008     4.24   10.29
  48714.402    39.996     5.29   14.34
  49090.512    37.916    -5.53   14.12
  49466.620    36.723    -3.17   12.96
  49842.725    32.846   -10.31    7.26
  50218.827    31.825    -2.71    7.92
  50594.927    32.204     1.01    9.37
  50971.023    36.599    11.69   13.31
  51347.116    40.572    10.57   13.20
  51723.207    43.825     8.65   11.37
  52099.295    45.116     3.43   11.39
  52475.379    43.072    -5.44    9.66
  52851.461    43.591     1.38   12.39
  53227.540    40.441    -8.38    5.71
  53603.616    40.809     0.98    7.92
  53979.689    53.549    33.88   30.86
  54355.760    77.008    62.38   52.96
  54731.827   109.035    85.16   56.58
  55107.892   120.718    31.07   50.95
  55483.954   105.916   -39.36   57.85
  55860.013    81.235   -65.63   47.03
  56236.069    64.738   -43.87   24.32
  56612.122    61.851    -7.68   19.21
  56988.172    63.493     4.37   21.42
  57364.219    59.312   -11.12   20.75
  57740.264    54.625   -12.47   19.66
  58116.306    51.184    -9.15   18.54
  58492.344    46.913   -11.36   13.92
  58868.380    43.046   -10.28   11.52
  59244.414    40.133    -7.75    5.42
  59620.444    40.441     0.82    7.69
  59996.471    39.030    -3.75    7.33
  60372.496    36.224    -7.46    4.45
  60748.518    36.170    -0.14    6.99
  61124.537    37.873     4.53   10.24
  61500.553    46.052    21.75   24.18
  61876.566    49.312     8.67   31.45
  62252.576    50.953     4.36   36.30
  62628.584    48.204    -7.31   29.00
  63004.588    47.541    -1.76   25.05
  63380.590    51.364    10.17   30.86
  63756.589    50.851    -1.36   34.27
  64132.585    50.546    -0.81   38.01
  64508.579    42.287   -21.97   32.62
  64884.569    29.941   -32.84    8.01
  65260.557    27.256    -7.14    5.50
  65636.542    26.928    -0.87    4.53
  66012.524    29.841     7.75    5.70
  66388.503    31.697     4.94    4.94
  66764.480    34.224     6.72    6.22
  67140.453    35.684     3.88   13.10
  67516.424    32.305    -8.99    5.59
  67892.392    32.718     1.10    5.28
  68268.357    34.825     5.60    8.75
  68644.320    35.416     1.57    8.62
  69020.279    35.170    -0.65    9.30
  69396.236    30.291   -12.98   11.30
  69772.190    25.177   -13.60    9.38
  70148.141    19.825   -14.24    9.10
  70524.089    15.914   -10.40    7.25
  70900.035    16.697     2.08    7.43
  71275.978    19.738     8.09    8.15
  71651.918    23.414     9.78    6.99
  72027.855    27.312    10.37    5.16
  72403.789    29.241     5.13    4.79
  72779.721    29.979     1.96    5.49
  73155.649    30.335     0.95    7.20
  73531.575    27.718    -6.96    9.81
  73907.499    21.738   -15.91   10.74
  74283.419    15.829   -15.72    7.55
  74659.337    13.125    -7.19    4.63
  75035.252    14.294     3.11    6.27
  75411.164    17.278     7.94    8.18
  75787.073    17.620     0.91    7.83
  76162.980    19.914     6.10    9.08
  76538.883    18.800    -2.97    9.11
  76914.784    16.387    -6.42    8.01
  77290.683    15.107    -3.40    6.33
  77666.578    14.981    -0.34    6.37
  78042.471    14.954    -0.07    6.76
  78418.361    15.143     0.50    6.89
  78794.248    15.058    -0.23    6.93
  79170.132    14.774    -0.76    6.85
  79546.014    14.364    -1.09    6.05
  79921.893    13.062    -3.46    4.69
  80297.769    13.116     0.14    4.70
  80673.642    12.441    -1.80    2.73
  81049.513    14.362     5.11    8.45
  81425.381    19.338    13.24   12.27
  81801.246    26.441    18.90   14.87
  82177.108    46.646    53.76   37.96
  82552.968    63.362    44.47   39.04
  82928.825    69.493    16.31   38.46
  83304.679    67.008    -6.61   40.92
  83680.530    53.216   -36.70   33.60
  84056.379    39.576   -36.29   16.06
  84432.225    37.062    -6.69    9.03
  84808.068    38.819     4.67    9.52
  85183.909    39.794     2.59    9.08
  85559.856    40.466     1.79    5.23
  85936.231    40.210    -0.68    4.09
  86312.604    42.663     6.52    7.60
  86688.974    47.283    12.27   10.17
  87065.341    53.441    16.36   16.30
  87441.705    62.783    24.82   26.74
  87818.066    77.166    38.21   45.36
  88194.425    83.792    17.61   51.26
  88570.781    78.414   -14.29   49.08
  88947.135    69.177   -24.54   37.78
  89323.485    59.877   -24.71   15.46
  89699.833    60.197     0.85   13.58
  90076.179    65.166    13.20   18.65
  90452.521    63.020    -5.70   11.73
  90828.861    61.738    -3.41    9.32
  91205.198    61.576    -0.43    9.67
  91581.532    70.913    24.81   26.24
  91957.864    77.184    16.66   32.79
  92334.193    77.979     2.11   33.53
  92710.519    77.829    -0.40   33.81
  93086.843    73.546   -11.38   24.31
  93463.163    78.711    13.72   22.30
  93839.482    88.305    25.50   26.22
  94215.797    94.916    17.57   22.65
  94592.110    98.224     8.79   20.98
  94968.420   105.125    18.34   24.33
  95344.727   114.835    25.80   24.27
  95721.032   119.312    11.90   23.21
  96097.334   128.062    23.25   22.41
  96473.633   142.611    38.66   23.68
  96849.930   153.210    28.16   21.12
  97226.223   156.246     8.07   16.96
  97602.515   154.170    -5.52   19.18
  97978.803   145.143   -23.99   19.38
  98355.089   139.783   -14.25   19.41
  98731.372   142.107     6.18   22.50
  99107.653   146.612    11.97   22.12
  99483.931   150.210     9.56   25.37
  99860.206   145.783   -11.77   30.44
 100236.478   127.079   -49.71   33.57
 100612.748   108.159   -50.28   21.78
 100989.015   104.809    -8.90   19.32
 101365.280   105.210     1.07   18.23
 101741.541   104.723    -1.29   18.61
 102117.801   100.841   -10.32   18.12
 102494.057    94.993   -15.54   14.24
 102870.311    92.389    -6.92   12.18
 103246.562    92.107    -0.75   12.33
 103622.811    94.135     5.39   15.01
 103999.057    90.981    -8.38   12.41
 104375.300    88.143    -7.54   11.81
 104751.540    86.116    -5.39    7.93
 105127.778    85.646    -1.25    8.70
 105504.014    84.698    -2.52    9.01
 105880.246    84.166    -1.41    8.99
 106256.476    84.862     1.85   10.31
 106632.703    86.579     4.57   12.66
 107008.928    87.492     2.43   12.88
 107385.150    85.677    -4.82   12.30
 107761.370    86.184     1.35   11.69
 108137.586    84.230    -5.19   10.15
 108513.801    82.056    -5.78    9.93
 108890.012    79.738    -6.16   11.20
 109266.221    73.230   -17.30   10.47
 109642.427    69.541    -9.81    8.15
 110018.631    66.135    -9.05    5.68
 110394.832    73.792    20.35   22.76
 110771.030    95.062    56.54   46.09
 111147.226   106.927    31.54   47.01
 111523.419   113.414    17.24   43.57
 111899.610   114.069     1.74   43.24
 112275.798   111.116    -7.85   43.02
 112651.983   117.151    16.04   44.13
 113028.166   124.008    18.23   44.54
 113404.346   118.364   -15.00   46.19
 113780.523    95.099   -61.84   40.97
 114156.698    71.520   -62.68   18.89
 114532.871    62.467   -24.06    9.62
 114909.040    61.133    -3.55    5.74
 115285.207    61.468     0.89    5.09
 115661.372    63.362     5.03    3.69
 116037.534    61.816    -4.11    5.25
 116413.693    60.012    -4.79    7.43
 116789.850    60.576     1.50    9.60
 117166.004    62.927     6.25   12.37
 117542.155    69.657    17.89   14.03
 117918.304    77.981    22.13   21.04
 118294.450    92.607    38.88   28.92
 118670.594   107.516    39.63   32.12
 119046.735   112.414    13.02   33.19
 119422.874   110.792    -4.31   34.34
 119799.010   107.774    -8.02   33.54
 120175.143   102.046   -15.23   27.60
 120551.274    95.979   -16.13   16.17
 120927.402    91.846   -10.99   14.84
 121303.528    88.210    -9.67   14.83
 121679.651    86.052    -5.74   12.09
 122055.772    85.151    -2.39   10.33
 122431.890    85.941     2.10    8.85
 122808.005    87.323     3.68    7.20
 123184.118    89.107     4.74    8.05
 123560.228    92.954    10.23    9.53
 123936.336    93.765     2.16    9.76
 124312.441    90.332    -9.13    9.06
 124688.544    87.329    -7.98    9.41
 125064.644    84.364    -7.89    8.87
 125440.741    81.825    -6.75    9.04
 125816.836    80.572    -3.33    9.37
 126192.929    78.541    -5.40    7.44
 126569.018    77.851    -1.83    8.67
 126945.106    77.005    -2.25    7.65
 127321.190    79.495     6.62   13.25
 127697.273    86.441    18.47   19.41
 128073.352    94.691    21.94   22.84
 128449.429    95.888     3.18   21.56
 128825.504    89.800   -16.19   17.81
 129201.576    86.259    -9.41    8.91
 129577.646    90.851    12.21   12.33
 129953.713    96.599    15.28   14.24
 130329.777    98.774     5.78   14.79
 130705.839    94.576   -11.16   18.22
 131081.898    88.663   -15.72   18.93
 131457.955    82.046   -17.60   17.02
 131834.009    79.002    -8.10   12.24
 132210.061    77.251    -4.65    9.68
 132586.111    79.723     6.57   12.82
 132962.157    87.569    20.86   27.79
 133338.202    88.312     1.98   35.40
 133714.243    87.035    -3.40   42.22
 134090.283    80.620   -17.06   39.87
 134466.319    72.305   -22.11   31.73
 134842.353    66.603   -15.17   28.55
 135218.385    62.738   -10.28   24.73
 135594.414    54.941   -20.74   14.29
 135970.441    54.620    -0.85   11.95
 136346.465    61.261    17.66   13.82
 136722.487    69.630    22.26   12.23
 137098.506    74.576    13.15    9.23
 137474.523    83.163    22.84   15.31
 137850.537    90.362    19.14   15.67
 138226.549    95.416    13.44   14.82
 138602.558   100.495    13.51   18.49
 138978.564   115.056    38.73   32.25
 139354.569   127.941    34.27   33.08
 139730.570   134.362    17.08   29.65
 140106.570   129.657   -12.51   33.92
 140482.566   115.291   -38.21   37.52
 140858.561   104.305   -29.22   41.18
 141234.552   100.630    -9.78   40.06
 141610.542   104.684    10.78   39.31
 141986.528   109.612    13.11   37.05
 142362.513   107.953    -4.41   34.67
 142738.495    95.851   -32.19   37.38
 143114.474    89.579   -16.68   31.49
 143490.451    84.546   -13.39   28.28
 143866.425    90.996    17.16   31.40
 144242.397    97.835    18.19   38.98
 144618.367   100.518     7.13   46.45
 144994.334    96.305   -11.20   47.99
 145370.299    84.520   -31.35   40.57
 145746.261    75.256   -24.64   27.25
 146122.220    69.005   -16.63   10.50
 146498.178    67.224    -4.74    5.36
 146874.132    67.216    -0.02    4.60
 147250.085    66.800    -1.11    4.67
 147626.035    66.143    -1.75    3.80
 148001.982    66.819     1.80    4.14
 148377.927    68.663     4.90    3.98
 148753.869    69.492     2.21    3.11
 149129.810    70.261     2.05    2.72
 149505.747    70.024    -0.63    2.58
 149881.682    69.993    -0.08    2.29
 150257.615    70.579     1.56    2.10
 150633.545    70.309    -0.72    2.06
 151009.473    70.825     1.37    2.02
 151385.399    71.360     1.42    2.22
 151761.322    71.756     1.06    2.62
 152137.242    72.335     1.54    2.51
 152513.160    72.866     1.41    2.27
 152889.076    73.251     1.03    2.48
 153264.989    72.816    -1.16    3.87
 153640.900    70.953    -4.95    4.91
 154016.809    68.224    -7.26    4.67
 154392.715    65.116    -8.27    3.26
 154768.618    62.387    -7.26    2.20
 155144.520    59.543    -7.56    5.17
 155520.418    57.261    -6.07    5.41
 155896.315    55.718    -4.10    5.44
 156272.209    54.241    -3.93    5.45
 156648.100    54.387     0.39    5.34
 157023.989    55.630     3.31    5.80
 157399.876    58.125     6.64    5.47
 157775.760    60.599     6.58    3.00
 158151.642    61.151     1.47    2.24
 158527.522    62.099     2.52    2.84
 158903.399    63.891     4.77    3.43
 159279.273    65.819     5.13    3.34
 159655.146    67.941     5.64    3.00
 160031.016    69.338     3.72    3.05
 160406.883    68.524    -2.17    3.76
 160783.006    67.468    -2.81    4.88
 161159.354    68.607     3.03    6.78
 161535.699    70.651     5.43    7.10
 161912.041    73.141     6.61    7.02
 162288.382    73.549     1.08    6.69
 162664.720    71.116    -6.47    5.84
 163041.055    70.492    -1.66    4.78
 163417.388    69.467    -2.72    3.87
 163793.719    67.783    -4.48    5.02
 164170.047    65.441    -6.22    5.62
 164546.373    63.177    -6.01    4.93
 164922.697    61.829    -3.58    4.92
 165299.018    60.800    -2.74    5.96
 165675.337    59.305    -3.97    5.96
 166051.653    57.791    -4.03    8.33
 166427.967    58.005     0.57   10.10
 166804.279    56.669    -3.55   12.20
 167180.588    58.549     4.99   12.56
 167556.895    59.846     3.45   11.64
 167933.200    60.888     2.77    9.99
 168309.502    61.466     1.54    9.07
 168685.802    62.170     1.87    8.60
 169062.099    63.221     2.79    8.08
 169438.394    65.107     5.01    7.16
 169814.687    64.738    -0.98    5.63
 170190.978    63.914    -2.19    5.46
 170567.266    65.809     5.04    5.75
 170943.552    67.774     5.22    5.56
 171319.835    81.746    37.13   30.05
 171696.116    86.928    13.77   35.22
 172072.395    81.552   -14.29   37.64
 172448.671    71.646   -26.33   31.62
 172824.945    58.441   -35.09   13.73
 173201.217    55.352    -8.21    4.64
 173577.486    56.657     3.47    3.18
 173953.753    58.170     4.02    2.01
 174330.018    58.888     1.91    1.39
 174706.280    59.230     0.91    1.40
 175082.540    59.603     0.99    1.26
 175458.798    59.816     0.57    1.64
 175835.053    59.569    -0.66    1.92
 176211.306    59.388    -0.48    2.07
 176587.557    59.256    -0.35    2.09
 176963.805    59.493     0.63    2.10
 177340.051    59.441    -0.14    1.75
 177716.295    60.035     1.58    1.61
 178092.536    60.184     0.40    1.27
 178468.775    60.163    -0.06    1.75
 178845.012    61.261     2.92    2.79
 179221.246    62.620     3.61    4.01
 179597.479    63.128     1.35    4.41
 179973.708    63.979     2.26    5.46
 180349.936    65.765     4.75    7.44
 180726.161    64.711    -2.80    8.66
 181102.384    60.941   -10.02   12.13
 181478.605    59.552    -3.69   13.09
 181854.823    59.261    -0.77   12.17
 182231.039    59.851     1.57   10.48
 182607.253    63.170     8.82   12.45
 182983.464    67.569    11.69   12.25
 183359.673    69.338     4.70   12.82
 183735.880    67.646    -4.50   12.65
 184112.085    64.765    -7.66   10.10
 184488.287    60.979   -10.06    9.56
 184864.487    57.197   -10.05    8.38
 185240.684    55.914    -3.41    7.71
 185616.880    57.020     2.94    7.47
 185993.073    56.972    -0.13    6.06
 186369.264    57.133     0.43    5.88
 186745.452    59.125     5.29    6.18
 187121.639    59.441     0.84    6.23
 187497.823    60.005     1.50    5.82
 187874.004    62.107     5.59    6.05
 188250.184    69.877    20.65   19.95
 188626.361    69.125    -2.00   20.56
 189002.536    63.981   -13.67   23.90
 189378.709    55.466   -22.63   25.70
 189754.879    43.005   -33.13    8.52
 190131.047    42.492    -1.36    8.60
 190507.213    45.218     7.25    9.59
 190883.377    49.774    12.11    9.38
 191259.538    55.143    14.27    6.42
 191635.697    57.020     4.99    4.21
 192011.854    57.278     0.69    4.11
 192388.008    56.835    -1.18    3.87
 192764.161    57.261     1.13    4.27
 193140.311    58.914     4.39    4.17
 193516.459    60.191     3.39    3.84
 193892.604    61.415     3.25    2.54
 194268.748    61.607     0.51    2.51
 194644.889    61.671     0.17    2.10
 195021.028    62.030     0.95    2.41
 195397.164    61.684    -0.92    2.79
 195773.299    60.862    -2.19    3.96
 196149.431    60.133    -1.94    4.87
 196525.561    58.141    -5.30    5.89
 196901.688    57.116    -2.72    6.32
 197277.814    56.210    -2.41    6.10
 197653.937    56.914     1.87    5.84
 198030.058    58.691     4.72    5.29
 198406.177    60.792     5.59    5.81
 198782.293    62.913     5.64    4.50
 199158.408    63.953     2.77    4.10
 199534.520    65.133     3.14    3.54
 199910.630    65.968     2.22    2.52
 200286.737    66.210     0.64    3.30
 200662.843    65.718    -1.31    4.48
 201038.946    64.730    -2.63    5.10
 201415.047    63.184    -4.11    5.05
 201791.146    61.677    -4.01    5.56
 202167.243    62.151     1.26    6.67
 202543.337    62.967     2.17    6.66
 202919.429    64.766     4.78    6.06
 203295.519    66.143     3.66    4.98
 203671.607    66.116    -0.07    4.26
 204047.693    64.082    -5.41    6.39
 204423.776    61.079    -7.98    7.35
 204799.857    57.089   -10.61    7.49
 205175.936    53.691    -9.04    5.23
 205552.013    52.467    -3.25    3.47
 205928.088    53.016     1.46    3.78
 206304.160    52.385    -1.68    2.48
 206680.230    53.766     3.67    4.14
 207056.298    56.846     8.19    6.19
 207432.364    60.572     9.91    6.86
 207808.428    63.967     9.03    4.94
 208184.490    62.671    -3.44    6.26
 208560.549    59.546    -8.31    8.36
 208936.606    57.305    -5.96    8.17
 209312.661    54.366    -7.82    7.06
 209688.714    54.718     0.94    6.64
 210064.765    55.391     1.79    5.87
 210440.813    56.072     1.81    5.97
 210816.859    57.135     2.83    5.84
 211192.904    56.143    -2.64    5.50
 211568.946    55.218    -2.46    4.30
 211944.985    56.005     2.09    5.12
 212321.023    58.389     6.34    6.66
 212697.059    61.305     7.75    7.07
 213073.092    63.741     6.48    6.40
 213449.123    66.210     6.57    6.64
 213825.152    68.230     5.37    7.00
 214201.179    71.046     7.49    6.95
 214577.204    73.492     6.50    5.45
 214953.226    76.256     7.35    3.00
 215329.247    77.079     2.19    1.69
 215705.265    77.107     0.07    1.56
 216081.281    76.079    -2.73    3.86
 216457.295    73.492    -6.88    6.22
 216833.307    69.851    -9.68    7.04
 217209.317    66.812    -8.08    6.39
 217585.324    65.332    -3.93    5.05
 217961.330    66.302     2.58    6.39
 218337.333    69.783     9.26    7.51
 218713.334    72.697     7.75    7.20
 219089.333    76.684    10.60    5.49
 219465.330    78.851     5.76    3.54
 219841.325    78.748    -0.27    3.51
 220217.318    78.651    -0.26    3.21
 220593.308    78.116    -1.42    3.40
 220969.297    78.184     0.18    3.91
 221345.283    78.914     1.94    4.04
 221721.267    79.885     2.58    3.01
 222097.249    80.235     0.93    2.38
 222473.229    80.079    -0.41    2.02
 222849.207    80.204     0.33    2.56
 223225.183    79.671    -1.42    3.83
 223601.156    78.784    -2.36    3.84
 223977.128    78.441    -0.91    3.95
 224353.097    79.387     2.52    3.03
 224729.065    79.927     1.44    3.30
 225105.030    81.441     4.03    2.86
 225480.993    82.218     2.07    2.03
 225856.954    80.210    -5.34    5.80
 226232.913    76.364   -10.23    7.56
 226608.870    73.902    -6.55    7.73
 226984.824    72.684    -3.24    7.23
 227360.777    73.953     3.38    7.61
 227736.728    75.335     3.68    7.38
 228112.676    76.441     2.94    7.06
 228488.622    74.738    -4.53    7.56
 228864.567    72.495    -5.97    6.88
 229240.509    70.151    -6.23    6.16
 229616.449    69.133    -2.71    5.85
 229992.387    69.972     2.23    6.00
 230368.323    72.809     7.55    6.80
 230744.257    75.684     7.65    6.68
 231120.189    77.576     5.03    6.17
 231496.118    74.184    -9.02    6.97
 231872.046    73.927    -0.68    6.81
 232247.971    74.723     2.12    7.42
 232623.895    77.466     7.30    7.67
 232999.816    80.979     9.34    5.32
 233375.736    80.495    -1.29    6.02
 233751.653    75.005   -14.60    9.34
 234127.568    71.415    -9.55    8.58
 234503.482    67.218   -11.16    6.45
 234879.393    67.035    -0.49    5.67
 235255.302    66.603    -1.15    6.44
 235631.209    63.522    -8.20    8.99
 236007.464    58.287   -13.91   10.54
 236383.771    52.986   -14.09    7.97
 236760.075    53.541     1.47    8.70
 237136.377    58.020    11.90   10.17
 237512.678    63.663    15.00    8.08
 237888.976    67.287     9.63    4.21
 238265.272    67.062    -0.60    3.61
 238641.566    65.466    -4.24    4.66
 239017.858    65.151    -0.84    4.93
 239394.148    64.646    -1.34    4.58
 239770.436    64.792     0.39    4.21
 240146.722    65.835     2.77    3.13
 240523.006    66.216     1.01    2.64
 240899.288    66.524     0.82    2.47
 241275.568    67.387     2.29    2.59
 241651.846    67.522     0.36    2.37
 242028.122    67.495    -0.07    2.19
 242404.396    66.981    -1.36    1.99
 242780.667    67.041     0.16    1.65
 243156.937    66.766    -0.73    1.86
 243533.205    66.518    -0.66    2.03
 243909.471    66.387    -0.35    1.81
 244285.734    65.697    -1.83    2.12
 244661.996    64.099    -4.25    3.02
 245038.255    62.835    -3.36    3.76
 245414.513    60.572    -6.01    4.02
 245790.769    59.748    -2.19    4.07
 246167.022    59.603    -0.39    4.72
 246543.274    59.862     0.69    4.42
 246919.523    60.634     2.05    4.31
