# NaN NaN NaN ;Mean Elev.(m), Avg Gradient(m/km), RMS Gradient(m/km) - SRTM1     
#   29.338  -0.815   7.470 ;Mean Elev.(m), Avg Gradient(m/km), RMS Gradient(m/km) - ASTER GDEM
#   21.000  -0.986   6.862 ;Mean Elev.(m), Avg Gradient(m/km), RMS Gradient(m/km) - GMTED2010 
  6    30.551 52438.09750786 23.11 293.771356   7.617835 34.178
  6    30.202 52438.09750850 20.82 293.770616   7.621135 34.178
  6    29.740 52438.09750915 20.00 293.769886   7.624445 34.178
  6    30.034 52438.09750979 19.13 293.769146   7.627745 34.178
  7    34.377 52473.09750723 36.84 293.777060   7.614751 27.762
  7    33.964 52473.09750788 30.66 293.776320   7.618051 27.762
  7    33.508 52473.09750852 27.32 293.775590   7.621361 27.762
  7    33.807 52473.09750917 25.85 293.774850   7.624661 27.762
  8    34.615 52508.09747750 36.31 293.782315   7.614522 31.217
  8    34.122 52508.09747814 31.51 293.781575   7.617822 31.217
  8    33.612 52508.09747878 30.98 293.780845   7.621132 31.217
  8    33.043 52508.09747943 28.72 293.780105   7.624432 31.217
  9    32.976 52543.09746163 33.43 293.788005   7.617097 31.917
  9    32.548 52543.09746227 34.88 293.787265   7.620397 31.917
 11    27.699 52613.09747733 27.64 293.778798   7.616359 27.111
 11    27.625 52613.09747798 23.52 293.778058   7.619659 27.111
 11    27.799 52613.09747862 20.10 293.777328   7.622969 27.111
 11    27.923 52613.09747927 19.09 293.776588   7.626269 27.111
 12    24.274 52648.09746018 17.51 293.782390   7.616978 27.339
 12    25.300 52648.09746083 18.45 293.781660   7.620288 27.339
 12    25.245 52648.09746147 23.86 293.780920   7.623588 27.339
 13    25.784 52683.09743479 17.97 293.788927   7.615440  8.440
 13    25.580 52683.09743544 17.33 293.788197   7.618750  8.440
 13    23.004 52683.09743608 26.28 293.787457   7.622050  8.440
 14    24.629 52718.09749229 15.89 293.778135   7.617065 14.138
 14    24.555 52718.09749294 19.19 293.777405   7.620375 14.138
 14    23.504 52718.09749358 22.80 293.776665   7.623675 14.138
 15    24.077 52753.09751717 45.26 293.769529   7.617090 11.553
 15    24.140 52753.09751781 27.31 293.768799   7.620400 11.553
 15    24.190 52753.09751846 24.10 293.768059   7.623700 11.553
 15    24.201 52753.09751910 24.52 293.767329   7.627010 11.553
 15    24.347 52753.09751975 24.56 293.766589   7.630310 11.553
 16    29.963 52788.09746302 47.02 293.778821   7.615764 34.320
 16    29.848 52788.09746366 47.93 293.778091   7.619074 34.320
 16    29.939 52788.09746431 44.97 293.777351   7.622374 34.320
 16    29.903 52788.09746495 44.64 293.776611   7.625684 34.320
 17    31.739 52823.09753448 29.06 293.780860   7.615405 28.587
 17    31.322 52823.09753512 26.49 293.780120   7.618705 28.587
 17    30.957 52823.09753577 22.02 293.779390   7.622015 28.587
 17    30.339 52823.09753641 19.60 293.778650   7.625315 28.587
 18    34.485 52858.09758122 37.28 293.783437   7.616251 28.178
 18    34.290 52858.09758186 34.58 293.782697   7.619551 28.178
 18    34.174 52858.09758251 36.10 293.781967   7.622861 28.178
 19    34.085 52893.09761312 32.50 293.777604   7.616610 28.968
 19    33.762 52893.09761376 31.55 293.776864   7.619910 28.968
 19    33.760 52893.09761440 31.96 293.776134   7.623220 28.968
 19    33.888 52893.09761505 32.34 293.775394   7.626520 28.968
 20    32.493 52928.09756391 48.33 293.779325   7.615945 30.781
 20    32.369 52928.09756455 46.98 293.778585   7.619245 30.781
 20    32.353 52928.09756520 47.27 293.777855   7.622555 30.781
 20    32.346 52928.09756584 46.17 293.777115   7.625855 30.781
 21    31.002 52963.09754062 27.44 293.786147   7.617034 35.624
 21    30.564 52963.09754126 21.31 293.785417   7.620334 35.624
 22    27.143 52998.09757983 16.58 293.776763   7.616381 26.413
 22    26.663 52998.09758048 17.25 293.776023   7.619681 26.413
 22    26.443 52998.09758112 20.37 293.775293   7.622991 26.413
 22    26.727 52998.09758177 22.24 293.774553   7.626291 26.413
 23    23.296 53033.09753505 22.70 293.780178   7.614510 29.520
 23    23.495 53033.09753570 22.91 293.779438   7.617810 29.520
 23    23.783 53033.09753634 21.93 293.778708   7.621120 29.520
 23    23.779 53033.09753699 29.74 293.777968   7.624420 29.520
 24    22.158 53068.09754780 42.18 293.783398   7.614209 20.880
 24    22.554 53068.09754845 19.99 293.782668   7.617519 20.880
 24    22.430 53068.09754909 22.45 293.781928   7.620819 20.880
 24    22.517 53068.09754974 31.17 293.781198   7.624129 20.880
 25    23.439 53103.09753695 21.60 293.779360   7.614698 17.029
 25    22.785 53103.09753759 26.01 293.778620   7.617998 17.029
 25    22.834 53103.09753824 26.80 293.777890   7.621308 17.029
 25    23.391 53103.09753888 29.84 293.777150   7.624608 17.029
 26    27.703 53138.09755192 41.05 293.784300   7.614699 19.433
 26    27.844 53138.09755257 31.27 293.783560   7.617999 19.433
 26    27.412 53138.09755321 22.47 293.782830   7.621309 19.433
 27    31.941 53173.09759615 26.97 293.778865   7.616775 29.137
 27    31.577 53173.09759680 23.21 293.778125   7.620075 29.137
 27    30.932 53173.09759744 20.21 293.777395   7.623385 29.137
 28    34.237 53208.09761109 47.67 293.779545   7.614414 35.000
 28    34.173 53208.09761173 47.30 293.778805   7.617714 35.000
 28    34.165 53208.09761238 45.68 293.778075   7.621024 35.000
 28    34.145 53208.09761302 46.09 293.777335   7.624324 35.000
 29    34.449 53243.09757848 32.87 293.784295   7.614812 29.206
 29    34.092 53243.09757912 31.11 293.783555   7.618112 29.206
 29    33.564 53243.09757977 28.42 293.782825   7.621422 29.206
 30    33.323 53278.09755430 35.84 293.780288   7.614152 36.062
 30    33.031 53278.09755495 30.56 293.779558   7.617452 36.062
 30    32.878 53278.09755559 27.62 293.778818   7.620762 36.062
 30    32.967 53278.09755624 26.83 293.778088   7.624062 36.062
 31    30.361 53313.09758538 23.23 293.778685   7.617269 26.637
 31    29.847 53313.09758603 19.70 293.777955   7.620579 26.637
 31    29.435 53313.09758667 17.07 293.777215   7.623879 26.637
 32    27.955 53348.09755061 26.86 293.783602   7.615669 33.252
 32    26.236 53348.09755126 20.41 293.782862   7.618969 33.252
 32    27.240 53348.09755190 17.14 293.782132   7.622279 33.252
 33    23.580 53383.09751861 27.53 293.781223   7.616078 26.377
 33    24.180 53383.09751926 22.61 293.780483   7.619378 26.377
 33    24.655 53383.09751990 21.88 293.779743   7.622688 26.377
 34    25.573 53418.09752956 16.22 293.789222   7.614714 14.051
 34    25.458 53418.09753020 18.00 293.788482   7.618014 14.051
 34    24.006 53418.09753085 23.94 293.787752   7.621324 14.051
 35    24.886 53453.09753290 12.96 293.782205   7.616769 13.999
 35    25.847 53453.09753354 15.27 293.781475   7.620079 13.999
 35    23.343 53453.09753419 25.68 293.780735   7.623379 13.999
 36    27.685 53488.09761875 43.87 293.772575   7.618271 17.958
 36    27.723 53488.09761939 43.81 293.771835   7.621571 17.958
 36    27.705 53488.09762004 42.91 293.771105   7.624881 17.958
 36    27.724 53488.09762068 42.41 293.770365   7.628181 17.958
 37    30.337 53523.09760742 37.29 293.784045   7.614597 27.651
 37    29.905 53523.09760806 23.81 293.783315   7.617907 27.651
 37    29.238 53523.09760870 20.48 293.782575   7.621207 27.651
 38    32.100 53558.09763387 36.58 293.773613   7.617350 34.665
 38    31.975 53558.09763451 37.24 293.772883   7.620660 34.665
 38    31.739 53558.09763516 38.20 293.772143   7.623960 34.665
 38    31.822 53558.09763580 35.97 293.771413   7.627270 34.665
 39    33.141 53593.09757015 51.48 293.788988   7.616172 44.546
 39    33.082 53593.09757080 51.85 293.788248   7.619472 44.546
 39    33.065 53593.09757144 49.65 293.787518   7.622782 44.546
 40    32.421 53628.09756228 26.69 293.773210   7.618151 33.385
 40    32.068 53628.09756293 23.45 293.772470   7.621451 33.385
 40    31.911 53628.09756357 20.86 293.771730   7.624761 33.385
 40    32.573 53628.09756422 19.44 293.771000   7.628061 33.385
 41    29.198 53663.09758652 22.82 293.777736   7.616632 28.344
 41    29.212 53663.09758716 18.91 293.777006   7.619942 28.344
 41    29.053 53663.09758780 19.28 293.776266   7.623242 28.344
 41    29.211 53663.09758845 17.89 293.775536   7.626552 28.344
 42    29.802 53698.09754868 24.79 293.782389   7.616109 27.768
 42    29.116 53698.09754933 21.87 293.781649   7.619409 27.768
 42    28.670 53698.09754997 17.42 293.780919   7.622719 27.768
 43    27.002 53733.09747072 17.12 293.786986   7.614030 20.931
 43    26.595 53733.09747136 18.33 293.786256   7.617340 20.931
 43    25.838 53733.09747200 21.79 293.785516   7.620640 20.931
 44    25.816 53768.09745018 19.11 293.786758   7.616527 16.854
 44    26.150 53768.09745083 19.37 293.786028   7.619837 16.854
 45    25.634 53803.09744831 16.45 293.786038   7.615992 12.549
 45    26.489 53803.09744895 17.39 293.785308   7.619302 12.549
 45    23.579 53803.09744960 26.73 293.784568   7.622602 12.549
 46    25.450 53838.09746364 40.77 293.779577   7.616798 17.893
 46    25.405 53838.09746429 38.68 293.778837   7.620098 17.893
 46    25.482 53838.09746493 36.62 293.778107   7.623408 17.893
 47    29.293 53873.09751342 49.42 293.781519   7.615903 48.641
 47    29.133 53873.09751407 48.35 293.780779   7.619203 48.641
 47    29.149 53873.09751471 47.90 293.780049   7.622513 48.641
 48    31.228 53908.09755611 30.14 293.776039   7.617217 25.517
 48    31.070 53908.09755675 30.89 293.775299   7.620517 25.517
 48    31.233 53908.09755740 30.33 293.774569   7.623827 25.517
 48    31.261 53908.09755804 28.40 293.773829   7.627127 25.517
 49    33.745 53943.09758187 28.05 293.770943   7.618935 31.094
 49    33.447 53943.09758252 27.48 293.770213   7.622245 31.094
 49    33.820 53943.09758316 26.02 293.769473   7.625545 31.094
 49    34.116 53943.09758381 25.12 293.768743   7.628855 31.094
 50    34.654 53978.09753240 50.24 293.779839   7.615692 37.926
 50    34.665 53978.09753305 50.45 293.779099   7.618992 37.926
 50    34.680 53978.09753369 51.19 293.778369   7.622302 37.926
 50    34.686 53978.09753434 49.25 293.777629   7.625602 37.926
 51    31.794 54013.09754194 30.02 293.781662   7.616503 24.615
 51    31.585 54013.09754258 29.26 293.780932   7.619813 24.615
 51    31.592 54013.09754323 30.47 293.780192   7.623113 24.615
 52    30.268 54048.09755014 30.64 293.788173   7.615137 24.479
 52    29.725 54048.09755078 29.43 293.787433   7.618437 24.479
 52    29.499 54048.09755143 30.78 293.786703   7.621747 24.479
 54    26.579 54118.09747324 19.15 293.782860   7.615202 23.562
 54    26.248 54118.09747389 17.79 293.782130   7.618512 23.562
 54    24.338 54118.09747453 23.55 293.781390   7.621812 23.562
 55    25.697 54153.09749705 15.83 293.780150   7.615637 19.274
 55    22.830 54153.09749769 20.70 293.779410   7.618937 19.274
 55    22.515 54153.09749834 31.73 293.778680   7.622247 19.274
 55    23.371 54153.09749898 35.67 293.777940   7.625547 19.274
 57    26.464 54223.09750675 33.27 293.779902   7.615179 10.500
 57    26.540 54223.09750740 34.92 293.779162   7.618479 10.500
 57    26.358 54223.09750804 35.08 293.778432   7.621789 10.500
 57    26.261 54223.09750869 34.09 293.777692   7.625089 10.500
 58    29.625 54258.09752941 23.26 293.780993   7.617190 35.476
 58    22.388 54258.09753005 24.60 293.780263   7.620500 35.476
 58    29.401 54258.09753070 19.63 293.779523   7.623800 35.476
 59    32.907 54293.09753176 31.93 293.782259   7.617168 33.516
 59    32.503 54293.09753240 28.18 293.781519   7.620468 33.516
 59    32.056 54293.09753305 27.03 293.780789   7.623778 33.516
 60    33.955 54328.09752660 44.26 293.783846   7.615776 31.230
 60    33.937 54328.09752725 39.75 293.783116   7.619086 31.230
 60    33.937 54328.09752789 42.48 293.782376   7.622386 31.230
 61    33.452 54363.09747477 50.41 293.783193   7.614081 40.696
 61    33.311 54363.09747541 48.77 293.782453   7.617381 40.696
 61    33.281 54363.09747606 48.27 293.781723   7.620691 40.696
 61    33.265 54363.09747670 48.20 293.780983   7.623991 40.696
 62    31.807 54398.09746631 46.97 293.783320   7.615710 42.505
 62    31.796 54398.09746695 48.09 293.782590   7.619020 42.505
 62    31.808 54398.09746760 45.15 293.781850   7.622320 42.505
 63    28.712 54433.09742446 24.81 293.784028   7.616410 28.627
 63    22.380 54433.09742510 24.67 293.783288   7.619710 28.627
 63    27.764 54433.09742575 18.55 293.782558   7.623020 28.627
 64    25.200 54468.09744889 21.16 293.783233   7.616813 30.787
 64    26.279 54468.09744954 16.96 293.782493   7.620113 30.787
 64    26.279 54468.09745018 20.82 293.781763   7.623423 30.787
 66    24.981 54538.09746401 24.45 293.783411   7.615188 10.857
 66    26.283 54538.09746466 16.15 293.782671   7.618488 10.857
 66    22.929 54538.09746530 25.21 293.781941   7.621798 10.857
 67    26.115 54573.09744194 16.05 293.783166   7.616877  9.086
 67    25.940 54573.09744259 18.72 293.782436   7.620187  9.086
 67    22.942 54573.09744323 25.44 293.781696   7.623487  9.086
 68    26.477 54608.09745768 26.53 293.781635   7.614359 12.940
 68    26.334 54608.09745833 27.98 293.780895   7.617659 12.940
 68    26.348 54608.09745897 28.62 293.780165   7.620969 12.940
 68    26.454 54608.09745962 30.59 293.779425   7.624269 12.940
 69    30.758 54643.09746613 37.84 293.781214   7.616272 33.857
 69    30.687 54643.09746678 39.20 293.780474   7.619572 33.857
 69    30.603 54643.09746742 40.02 293.779744   7.622882 33.857
 70    33.902 54678.09746811 30.33 293.780231   7.616917 34.194
 70    33.559 54678.09746875 28.88 293.779491   7.620217 34.194
 70    33.367 54678.09746940 25.93 293.778761   7.623527 34.194
 71    33.772 54713.09742078 49.99 293.784675   7.614261 37.749
 71    33.674 54713.09742143 44.78 293.783935   7.617561 37.749
 71    33.641 54713.09742207 47.67 293.783205   7.620871 37.749
 72    31.673 54748.09743677 47.03 293.780945   7.614528 25.551
 72    31.504 54748.09743741 43.99 293.780215   7.617828 25.551
 72    31.523 54748.09743806 45.46 293.779475   7.621138 25.551
 72    31.466 54748.09743870 47.05 293.778735   7.624438 25.551
 73    30.114 54783.09740721 47.56 293.783471   7.615228 38.731
 73    30.185 54783.09740785 45.76 293.782741   7.618538 38.731
 73    30.159 54783.09740850 47.51 293.782001   7.621838 38.731
 74    27.081 54818.09742957 24.14 293.781528   7.616650 35.913
 74    27.691 54818.09743021 19.21 293.780788   7.619950 35.913
 74    28.312 54818.09743086 17.49 293.780058   7.623260 35.913
 75    26.534 54853.09740500 23.89 293.783143   7.615241 29.664
 75    24.782 54853.09740565 19.82 293.782413   7.618551 29.664
 75    25.111 54853.09740629 28.19 293.781673   7.621851 29.664
 76    24.043 54888.09743374 17.58 293.780374   7.615078 18.628
 76    23.979 54888.09743439 21.12 293.779634   7.618378 18.628
 76    24.246 54888.09743503 28.06 293.778904   7.621688 18.628
 76    24.306 54888.09743568 38.17 293.778164   7.624988 18.628
 77    25.921 54923.09740506 16.99 293.780855   7.616796 13.866
 77    27.460 54923.09740570 16.91 293.780125   7.620106 13.866
 77    24.575 54923.09740635 25.51 293.779385   7.623406 13.866
 78    26.167 54958.09743147 23.00 293.779710   7.616507 11.203
 78    26.303 54958.09743212 24.57 293.778980   7.619817 11.203
 78    26.376 54958.09743276 37.67 293.778240   7.623117 11.203
 79    27.205 54993.09745404 24.81 293.778637   7.616755 13.874
 79    27.390 54993.09745469 31.21 293.777907   7.620065 13.874
 79    27.368 54993.09745533 28.23 293.777167   7.623365 13.874
 80    31.803 55028.09744371 50.60 293.782173   7.615764 42.351
 80    31.706 55028.09744435 51.71 293.781433   7.619064 42.351
 80    31.702 55028.09744500 51.34 293.780703   7.622374 42.351
 81    33.124 55063.09743645 29.25 293.782029   7.616759 33.440
 81    32.738 55063.09743709 26.25 293.781289   7.620059 33.440
 81    32.766 55063.09743773 23.55 293.780559   7.623369 33.440
 82    31.881 55098.09738313 49.75 293.781470   7.617084 43.631
 82    31.751 55098.09738377 49.79 293.780740   7.620394 43.631
 82    31.772 55098.09738442 50.04 293.780000   7.623694 43.631
 83    20.353 55133.09737953 25.68 293.781184   7.615865 35.288
 83    27.923 55133.09738017 19.57 293.780444   7.619165 35.288
 83    28.192 55133.09738082 18.27 293.779714   7.622475 35.288
 84    27.060 55168.09734460 28.02 293.784162   7.615089 31.854
 84    25.415 55168.09734524 20.44 293.783422   7.618389 31.854
 84    25.674 55168.09734589 27.86 293.782692   7.621699 31.854
 85    23.815 55203.09737243 25.83 293.780833   7.615698 18.035
 85    23.823 55203.09737307 26.08 293.780093   7.618998 18.035
 85    23.747 55203.09737371 40.41 293.779363   7.622308 18.035
 85    24.086 55203.09737436 35.94 293.778623   7.625608 18.035
 86    21.283 55238.09735253 29.84 293.781857   7.615863  9.526
 86    21.614 55238.09735317 25.74 293.781127   7.619173  9.526
 86    22.180 55238.09735382 26.17 293.780387   7.622473  9.526
 87    21.531 55273.09736548 24.73 293.781917   7.614757  8.255
 87    21.808 55273.09736612 27.19 293.781187   7.618067  8.255
 87    22.403 55273.09736677 28.25 293.780447   7.621367  8.255
 87    22.106 55273.09736741 27.59 293.779717   7.624677  8.255
 88    26.393 55308.09733529 27.84 293.783630   7.614566 13.602
 88    26.429 55308.09733593 28.29 293.782900   7.617876 13.602
 88    26.283 55308.09733658 29.27 293.782160   7.621176 13.602
 89    29.978 55343.09733563 25.48 293.782638   7.615440 31.008
 89    29.872 55343.09733627 25.02 293.781908   7.618750 31.008
 89    27.935 55343.09733692 21.78 293.781168   7.622050 31.008
 90    32.862 55378.09732960 31.40 293.782363   7.616689 30.701
 90    32.577 55378.09733025 30.32 293.781623   7.619989 30.701
 90    32.611 55378.09733089 30.20 293.780893   7.623299 30.701
 91    34.581 55413.09735368 31.99 293.782200   7.614436 33.176
 91    34.316 55413.09735432 31.50 293.781460   7.617736 33.176
 91    33.955 55413.09735497 31.17 293.780730   7.621046 33.176
 91    34.120 55413.09735561 29.83 293.779990   7.624346 33.176
 92    34.356 55448.09734336 42.47 293.783317   7.614152 47.754
 92    34.325 55448.09734400 36.20 293.782577   7.617452 47.754
 92    34.298 55448.09734465 42.70 293.781847   7.620762 47.754
 92    34.308 55448.09734529 46.17 293.781107   7.624062 47.754
 93    30.544 55483.09727210 25.52 293.783952   7.617099 25.474
 93    30.080 55483.09727274 23.14 293.783212   7.620399 25.474
 93    30.470 55483.09727338 19.99 293.782482   7.623709 25.474
