# NaN NaN NaN ;Mean Elev.(m), Avg Gradient(m/km), RMS Gradient(m/km) - SRTM1     
#   11.191  -4.067  14.227 ;Mean Elev.(m), Avg Gradient(m/km), RMS Gradient(m/km) - ASTER GDEM
#   10.412  -3.258  14.568 ;Mean Elev.(m), Avg Gradient(m/km), RMS Gradient(m/km) - GMTED2010 
  7 296.559208   8.164366    29.439    22.772  5 52474.59637546 30.170
  8 296.568333   8.172158    16.893    16.926  8 52509.59633584 32.212
  9 296.574624   8.188026    41.618    48.431  6 52544.59633471 21.705
 10 296.562622   8.168255    53.916    57.155  6 52579.59637569  2.792
 11 296.560964   8.169441    41.702    45.141  6 52614.59634287 14.751
 12 296.571471   8.180541    49.317    49.742  7 52649.59632017  5.923
 13 296.572567   8.180439    50.570    50.908 10 52684.59630251  4.255
 14 296.563465   8.169879    12.346    12.547  6 52719.59635805 11.225
 15 296.552319   8.168722    48.307    48.397  7 52754.59638269  3.001
 16 296.567291   8.175597    49.002    48.946  6 52789.59632848  6.501
 17 296.570123   8.180800    50.508    50.556  3 52824.59639778  9.140
 18 296.568710   8.165693    16.352    16.161  3 52859.59644679 33.405
 19 296.560511   8.161175    16.634    16.634  2 52894.59647889 28.047
 20 296.560987   8.168206    32.536    32.145  4 52929.59642726 29.657
 21 296.573152   8.183557    44.275    48.969  7 52964.59641158 18.297
 22 296.559294   8.172013    48.547    48.705  3 52999.59644993  2.929
 23 296.562142   8.170910    47.756    47.660  5 53034.59640050  2.807
 24 296.567145   8.174110    48.610    48.789  8 53069.59641714  3.299
 25 296.560642   8.168440    46.534    46.620  6 53104.59640258  2.585
 26 296.569010   8.175104    43.420    47.378  8 53139.59642196 11.250
 27 296.565989   8.175452    48.026    49.468  4 53174.59645900  9.458
 28 296.562988   8.169264    15.769    15.720  6 53209.59647765 22.232
 29 296.567181   8.171929    16.740    16.727  8 53244.59644466 37.085
 30 296.564869   8.169350    15.568    15.495  7 53279.59642572 28.156
 31 296.562997   8.161579    12.665    12.665  2 53314.59644875 23.079
 32 296.569789   8.177204    42.826    45.820  6 53349.59641136 14.031
 33 296.566799   8.172393    48.040    48.173  8 53384.59638830  4.204
 34 296.576497   8.183143    49.598    51.049 11 53419.59639200  5.268
 35 296.570844   8.176907    49.475    49.528  9 53454.59639900  3.298
 36 296.557313   8.167570    54.556    56.983  6 53489.59648602  2.727
 37 296.570122   8.175849    48.498    48.514  9 53524.59647012  5.857
 38 296.557370   8.167024    25.299    13.573  3 53559.59649952 39.029
 39 296.572131   8.174910    30.310    23.913  7 53594.59643541 35.667
 40 296.559828   8.165849    27.019    14.993  3 53629.59643018 25.859
 41 296.562049   8.170829    48.040    48.598  5 53664.59645325  4.149
 42 296.568682   8.178282    50.809    50.319  5 53699.59640856  5.518
 43 296.570902   8.177411    49.758    49.945  9 53734.59633086  4.151
 44 296.574843   8.184588    51.371    51.563  9 53769.59631481  7.377
 45 296.570166   8.175628    49.100    49.404  9 53804.59631150  3.660
 47 296.568246   8.174881    43.196    48.378  6 53874.59637774 15.463
 48 296.559767   8.166703    47.696    47.767  6 53909.59642468  5.846
 49 296.555670   8.167899    34.384    34.384  2 53944.59644660 25.952
 50 296.562639   8.168874    16.447    16.355  7 53979.59639497 27.434
 51 296.570571   8.179978    44.160    45.845  5 54014.59640783 19.372
 52 296.575321   8.181746    40.969    39.024 11 54049.59641223 14.516
 54 296.565825   8.175258    49.611    49.876  4 54119.59633368  5.137
 55 296.565215   8.172854    47.219    48.783  4 54154.59636273  6.007
 56 296.565111   8.170609    45.717    46.521  7 54189.59633071  6.498
 57 296.565346   8.171863    46.836    48.063  5 54224.59637295  5.762
 58 296.566497   8.171979    47.823    47.434  8 54259.59639390  7.367
 59 296.566434   8.169393    21.269    14.267  4 54294.59639831 23.814
 60 296.567373   8.169818    25.348    16.347  4 54329.59639151 25.622
 61 296.564922   8.169447    15.615    15.625  6 54364.59633742 24.525
 62 296.568288   8.173647    30.822    29.862  4 54399.59633197 29.566
 63 296.566775   8.174036    46.758    47.358  7 54434.59628952  6.139
 64 296.570675   8.179309    49.306    49.176  6 54469.59631404  9.736
 65 296.566685   8.174528    47.804    48.756  6 54504.59630401  5.337
 66 296.568134   8.173619    50.849    48.201  8 54539.59633017  3.675
 67 296.566784   8.172741    47.469    47.080  8 54574.59630457  4.825
 68 296.566621   8.172561    48.024    48.320  8 54609.59632287  4.148
 69 296.565650   8.171804    46.701    46.863  7 54644.59633109 10.141
 70 296.565123   8.170270    15.716    15.749  6 54679.59633256 34.590
 71 296.567140   8.172164    15.469    15.558  7 54714.59628357 33.015
 72 296.563974   8.163863    13.409    13.409  2 54749.59630452 32.866
 73 296.567737   8.177073    49.131    50.502  5 54784.59627120  4.852
 74 296.567823   8.174876    36.733    38.453  6 54819.59629445 16.880
 75 296.567628   8.175456    49.563    49.567  6 54854.59626814  2.731
 76 296.564206   8.170842    48.148    47.907  5 54889.59630040  1.868
 77 296.563499   8.170174    47.591    47.712  5 54924.59626812  2.166
 78 296.565398   8.171754    50.876    48.199  6 54959.59629702  1.849
 79 296.563030   8.169330    46.798    47.214  6 54994.59632002  2.649
 81 296.566834   8.171468    14.243    14.119  8 55064.59630025 24.990
 82 296.562162   8.163539    13.295    13.295  2 55099.59624649 21.439
 83 296.566357   8.172340    57.356    58.659  7 55134.59624539  4.198
 84 296.567693   8.175238    51.922    49.281  7 55169.59620843  3.570
 85 296.567057   8.175977    48.512    48.911  6 55204.59623752  6.805
 86 296.564346   8.169683    50.999    47.690  6 55239.59621678  3.149
 87 296.565552   8.171458    51.795    48.006  7 55274.59623206  2.939
 88 296.566197   8.171230    47.737    47.588  7 55309.59619905  3.248
 89 296.569321   8.180019    45.779    49.670  4 55344.59619879 15.859
 90 296.566540   8.173532    33.992    33.992  2 55379.59619445 25.620
 91 296.567643   8.174176    16.871    17.092  8 55414.59621948 39.601
 92 296.567537   8.173886    16.658    16.633  8 55449.59620677 32.530
 93 296.567336   8.175399    40.183    47.360  4 55484.59613260 20.951
