# NaN NaN NaN ;Mean Elev.(m), Avg Gradient(m/km), RMS Gradient(m/km) - SRTM1     
#   79.995  -1.388  14.871 ;Mean Elev.(m), Avg Gradient(m/km), RMS Gradient(m/km) - ASTER GDEM
#   79.525  -1.121   6.523 ;Mean Elev.(m), Avg Gradient(m/km), RMS Gradient(m/km) - GMTED2010 
  7 292.427309   4.009537    87.651    87.655  5 52460.10276711 50.684
  9 292.422788   4.009149    86.707    86.715  4 52530.10274403 44.939
 10 292.432511   4.009182    82.052    82.037  4 52565.10276169 45.311
 11 292.418055   4.010287    83.679    83.670  4 52600.10278877 47.023
 12 292.421491   4.009145    81.104    81.126  4 52635.10274543 50.812
 13 292.422422   4.009292    79.615    79.628  3 52670.10275508 44.894
 14 292.426876   4.009043    79.564    79.596  4 52705.10274469 49.361
 15 292.422149   4.010706    79.456    79.476  4 52740.10278003 44.071
 16 292.428979   4.008206    83.954    83.974  4 52775.10272707 50.447
 17 292.420669   4.009785    86.090    86.071  4 52810.10280190 52.563
 18 292.422597   4.010838    87.701    87.708  4 52845.10285820 50.561
 19 292.421650   4.009305    87.736    87.750  4 52880.10289545 49.624
 20 292.428684   4.007953    85.889    85.896  4 52915.10285256 50.401
 21 292.428364   4.010033    83.813    83.831  4 52950.10281240 22.896
 22 292.429923   4.009389    82.277    82.282  4 52985.10283661 50.848
 23 292.426815   4.007916    81.243    81.320  4 53020.10282732 48.997
 24 292.428872   4.009365    79.634    79.626  4 53055.10281436 23.303
 25 292.416523   4.008615    79.591    79.580  4 53090.10285173 49.290
 26 292.425582   4.007910    82.036    82.015  4 53125.10282187 50.841
 27 292.417448   4.009093    85.482    85.455  4 53160.10288308 51.488
 28 292.427164   4.008023    87.056    87.068  4 53195.10287888 46.298
 29 292.429575   4.008592    87.128    87.132  4 53230.10286697 50.118
 30 292.422622   4.009796    85.966    85.944  4 53265.10283831 23.571
 31 292.414018   4.009744    83.582    83.592  4 53300.10288609 51.882
 32 292.423804   4.009866    81.732    81.748  4 53335.10285580 40.996
 33 292.427028   4.008564    80.798    80.828  4 53370.10279469 49.124
 35 292.425296   4.008696    80.711    80.752  4 53440.10281522 47.499
 36 292.418935   4.010638    81.514    81.502  4 53475.10287878 50.392
 37 292.423813   4.008826    84.887    84.906  4 53510.10289504 51.063
 38 292.419652   4.009174    85.716    85.702  3 53545.10291180 52.742
 40 292.421372   4.010008    86.852    86.863  4 53615.10284285 37.935
 41 292.425629   4.009419    83.149    83.167  4 53650.10285254 48.007
 42 292.419476   4.008218    82.782    82.777  4 53685.10286307 52.018
 43 292.427697   4.009179    82.006    81.930  5 53720.10278944 46.134
 44 292.431636   4.009353    81.833    81.837  4 53755.10271361 50.296
 45 292.428621   4.009013    81.268    81.298  5 53790.10274335 48.692
 46 292.429133   4.009124    81.390    81.418  4 53825.10269963 50.632
 47 292.420573   4.008288    81.623    81.581  4 53860.10279342 50.877
 48 292.426215   4.009281    85.921    85.955  5 53895.10281141 49.700
 49 292.414286   4.007891    87.258    87.261  4 53930.10286545 50.206
 50 292.417658   4.009614    87.922    87.926  4 53965.10284392 51.821
 51 292.426289   4.009119    85.546    85.555  4 54000.10279976 50.290
 52 292.426667   4.009330    83.802    83.791  5 54035.10284363 48.430
 53 292.425893   4.009465    83.251    83.252  5 54070.10283740 47.896
 54 292.423826   4.009942    80.961    80.960  4 54105.10279202 47.906
 55 292.423181   4.010740    79.973    79.891  4 54140.10276994 48.939
 56 292.423897   4.008923    79.730    79.816  4 54175.10277181 47.601
 57 292.422530   4.009598    81.253    81.240  4 54210.10277587 44.913
 58 292.423654   4.010518    84.140    84.119  4 54245.10280712 21.272
 59 292.424375   4.008288    87.536    87.523  4 54280.10281819 50.444
 60 292.426058   4.009184    87.660    87.649  5 54315.10281729 46.327
 61 292.424674   4.010431    86.697    86.713  4 54350.10278629 52.861
 62 292.425354   4.008488    85.525    85.536  4 54385.10275567 52.320
 63 292.424105   4.009218    82.895    82.898  4 54420.10273553 50.525
 64 292.424457   4.010077    81.845    81.860  4 54455.10272768 44.358
 65 292.425522   4.009384    80.800    80.815  5 54490.10273579 47.323
 66 292.426133   4.008192    80.750    80.698  4 54525.10274008 47.659
 67 292.424394   4.008568    80.387    80.383  4 54560.10274469 48.900
 68 292.423551   4.010046    82.201    82.187  4 54595.10273704 49.626
 69 292.423701   4.007745    85.734    85.727  4 54630.10275053 50.514
 70 292.422311   4.009127    87.667    87.681  4 54665.10275731 41.466
 71 292.426018   4.009793    87.639    87.636  4 54700.10272802 48.546
 72 292.423532   4.010283    84.662    84.665  4 54735.10271657 51.415
 73 292.425451   4.009749    83.552    83.588  4 54770.10270778 50.415
 74 292.423006   4.008226    83.704    83.735  4 54805.10270943 50.021
 75 292.424880   4.009041    82.277    82.291  4 54840.10270286 51.762
 76 292.423270   4.008978    81.568    81.542  4 54875.10271038 48.099
 77 292.422970   4.009767    81.137    81.128  4 54910.10270844 51.210
 78 292.422310   4.009165    82.020    82.116  4 54945.10270336 43.905
 79 292.422865   4.009288    81.658    81.693  4 54980.10273020 40.863
 80 292.424249   4.008054    85.080    85.081  4 55015.10273252 50.926
 81 292.424906   4.009910    86.312    86.268  4 55050.10272696 28.800
 82 292.424444   4.009092    84.660    84.613  4 55085.10269396 21.248
 83 292.425659   4.008531    82.508    82.519  4 55120.10265922 33.239
 84 292.423361   4.009997    81.000    81.010  4 55155.10265311 50.366
 85 292.422838   4.010637    80.153    80.121  4 55190.10264923 48.731
 86 292.423734   4.009730    79.840    79.833  4 55225.10265330 45.524
 87 292.425128   4.008829    79.404    79.383  4 55260.10264412 45.136
 88 292.424264   4.010215    79.964    79.994  4 55295.10263940 48.394
 89 292.422266   4.008104    85.233    85.215  4 55330.10262657 49.947
 90 292.424771   4.009232    86.439    86.417  5 55365.10262015 51.375
 91 292.423835   4.008582    87.143    87.041  4 55400.10263138 32.314
 92 292.425826   4.010442    87.953    87.943  4 55435.10263724 48.719
 93 292.425500   4.009424    85.112    85.147  5 55470.10259069 45.794
