# NaN NaN NaN ;Mean Elev.(m), Avg Gradient(m/km), RMS Gradient(m/km) - SRTM1     
#   46.035  -2.128  11.438 ;Mean Elev.(m), Avg Gradient(m/km), RMS Gradient(m/km) - ASTER GDEM
#   53.437  -1.613   9.505 ;Mean Elev.(m), Avg Gradient(m/km), RMS Gradient(m/km) - GMTED2010 
  8 292.376901   5.483188    67.444    67.465 14 52499.60685576 44.824
  9 292.374194   5.481655    66.360    66.417 14 52534.60684376 44.974
 10 292.377438   5.484339    62.118    62.124 14 52569.60687303 46.025
 11 292.374482   5.482531    63.639    63.643 15 52604.60685477 37.818
 12 292.374552   5.481855    59.736    59.760 14 52639.60683719 36.983
 13 292.376157   5.483024    56.175    56.177 14 52674.60683206 47.657
 14 292.375831   5.482231    55.693    55.692 14 52709.60684870 45.687
 16 292.375545   5.482817    64.323    64.305 15 52779.60681288 39.797
 17 292.373758   5.482109    65.893    65.864 14 52814.60689680 36.269
 18 292.376722   5.483249    67.524    67.524 14 52849.60694916 37.893
 19 292.372733   5.481998    67.131    67.185 14 52884.60698489 46.722
 20 292.376836   5.483466    65.259    65.257 14 52919.60694084 45.142
 21 292.381453   5.479356    63.963    63.956  7 52954.60690504 44.769
 23 292.382570   5.477983    58.521    58.523  3 53024.60689545 41.537
 25 292.367323   5.474954    56.417    56.473 11 53094.60693223 45.745
 26 292.381385   5.477049    61.126    61.110  5 53129.60690299 47.134
 28 292.376678   5.483424    66.845    66.886 14 53199.60697255 41.508
 30 292.376417   5.482263    65.911    65.895 14 53269.60690763 42.119
 31 292.367822   5.475921    63.393    63.441 11 53304.60697085 34.324
 32 292.375280   5.481680    62.023    62.018 14 53339.60693827 43.079
 33 292.378721   5.482994    59.335    59.331 13 53374.60686940 38.929
 34 292.379199   5.481156    57.242    57.250 13 53409.60691227 43.922
 35 292.376440   5.484160    57.287    57.305 14 53444.60689497 47.752
 36 292.369669   5.478330    61.627    61.698 13 53479.60697526 48.251
 37 292.376267   5.482183    64.819    64.814 14 53514.60698135 46.076
 38 292.370147   5.479407    65.832    65.889 13 53549.60700140 47.422
 39 292.378027   5.483587    66.305    66.300 13 53584.60696271 42.515
 40 292.372935   5.483167    65.922    65.935 15 53619.60691954 46.406
 41 292.375533   5.481533    62.347    62.344 14 53654.60694638 43.906
 42 292.373488   5.482429    62.833    62.820 15 53689.60694121 47.566
 43 292.377973   5.480947    61.031    61.070 13 53724.60686573 42.367
 44 292.383201   5.476955    59.267    59.267  2 53759.60680913 50.563
 45 292.380005   5.482530    57.911    57.909 12 53794.60682695 39.836
 46 292.381377   5.485014    59.635    59.631 12 53829.60680247 48.091
 47 292.374013   5.482563    62.402    62.411 15 53864.60688229 37.214
 48 292.376278   5.482177    65.364    65.358 14 53899.60690780 45.559
 49 292.364442   5.473330    67.272    67.405 11 53934.60695330 45.225
 50 292.370434   5.479588    66.764    66.784 14 53969.60692220 32.510
 51 292.379530   5.481016    64.801    64.758 13 54004.60689568 44.973
 52 292.380047   5.482402    63.626    63.612 13 54039.60692795 43.923
 53 292.377709   5.484378    63.046    63.056 14 54074.60692215 47.392
 54 292.375093   5.483808    59.634    59.642 14 54109.60686678 40.584
 55 292.376533   5.481932    56.444    56.445 14 54144.60686054 46.684
 56 292.375174   5.482417    55.797    55.780 14 54179.60685231 49.290
 57 292.375656   5.481993    60.976    60.973 14 54214.60686798 48.809
 58 292.376115   5.482931    64.389    64.379 14 54249.60689530 40.864
 59 292.377263   5.481421    67.242    67.237 13 54284.60690355 41.694
 60 292.377954   5.481920    67.159    67.159 13 54319.60690071 42.834
 61 292.377063   5.481951    65.896    65.872 14 54354.60686359 40.116
 62 292.377608   5.482438    64.962    64.955 13 54389.60684110 47.023
 63 292.376655   5.483018    62.538    62.537 14 54424.60681363 41.287
 64 292.377963   5.482259    60.408    60.410 13 54459.60681666 42.464
 65 292.377611   5.483412    57.764    57.747 14 54494.60681856 32.826
 66 292.378792   5.481712    57.110    57.099 13 54529.60682954 48.364
 67 292.376057   5.482011    56.542    56.517 14 54564.60682514 48.425
 68 292.376772   5.482964    61.279    61.274 14 54599.60682460 47.107
 69 292.375508   5.483601    64.901    64.944 14 54634.60683739 41.719
 70 292.375847   5.484151    67.226    67.227 14 54669.60684161 34.741
 71 292.378007   5.483185    66.807    66.820 13 54704.60680497 42.506
 72 292.377397   5.483190    64.388    64.394 14 54739.60680482 45.953
 73 292.377707   5.482771    63.327    63.323 13 54774.60678680 46.834
 74 292.376785   5.482307    63.287    63.281 14 54809.60679816 39.808
 75 292.376503   5.482151    59.957    59.903 14 54844.60678515 31.673
 76 292.375638   5.483734    58.610    58.631 14 54879.60680173 40.204
 77 292.374505   5.483278    58.267    58.264 14 54914.60678872 45.514
 79 292.374774   5.482649    61.487    61.498 14 54984.60681901 37.864
 80 292.377541   5.482203    65.883    65.876 14 55019.60681465 44.774
 81 292.377801   5.483055    66.715    66.710 13 55054.60681040 39.990
 82 292.375717   5.483282    64.949    64.962 14 55089.60677091 45.401
 83 292.377861   5.483051    63.052    63.079 13 55124.60674851 48.281
 84 292.375944   5.484363    59.967    59.958 14 55159.60673174 43.706
 85 292.376906   5.482617    57.760    57.753 14 55194.60673847 34.383
 86 292.375455   5.483835    55.817    55.818 14 55229.60673457 46.187
 87 292.377706   5.483932    55.850    55.873 14 55264.60673345 47.695
 88 292.378409   5.488872    58.453    58.502 11 55299.60671533 28.900
 89 292.375779   5.483063    64.712    64.722 14 55334.60671074 41.940
 90 292.377354   5.482961    66.097    66.104 14 55369.60670192 40.926
 91 292.378166   5.483349    66.710    66.758 13 55404.60671866 39.522
 92 292.377849   5.482541    66.778    66.793 13 55439.60672009 36.524
 93 292.377415   5.483830    63.663    63.674 14 55474.60666607 46.830
