# NaN NaN NaN ;Mean Elev.(m), Avg Gradient(m/km), RMS Gradient(m/km) - SRTM1     
#    2.185  -2.519  18.269 ;Mean Elev.(m), Avg Gradient(m/km), RMS Gradient(m/km) - ASTER GDEM
#    8.297  -2.444  19.230 ;Mean Elev.(m), Avg Gradient(m/km), RMS Gradient(m/km) - GMTED2010 
  7    87.463 52448.08767509 11.93 297.203831   8.333317  4.416
  7    96.405 52448.08767573 10.75 297.203091   8.336617  4.416
  7    87.589 52448.08767638 10.77 297.202361   8.339927  4.416
  7    77.307 52448.08767702  9.80 297.201621   8.343227  4.416
  7    74.612 52448.08767767  9.10 297.200881   8.346537  4.416
  7    82.044 52448.08767831  8.06 297.200151   8.349837  4.416
  7    74.471 52448.08767896  6.90 297.199411   8.353147  4.416
  7    69.318 52448.08767960  7.01 297.198670   8.356453  7.678
  7    60.986 52448.08768025  6.97 297.197940   8.359753  7.678
  7    59.874 52448.08768089  5.45 297.197200   8.363053  7.678
  8   116.415 52483.08766324  6.11 297.211534   8.332307  3.695
  8   113.912 52483.08766388  5.31 297.210794   8.335607  3.695
  8   112.438 52483.08766453  3.54 297.210064   8.338917  3.695
  8   110.121 52483.08766517  1.60 297.209324   8.342217  3.695
  8   107.017 52483.08766582  0.54 297.208584   8.345527  3.695
  9    32.148 52518.08762048 25.25 297.217000   8.332496 10.769
  9    30.894 52518.08762113 26.11 297.216260   8.335796 10.769
  9    29.743 52518.08762177 26.93 297.215530   8.339106 10.769
  9    29.088 52518.08762242 22.13 297.214790   8.342406 10.769
  9    27.737 52518.08762306 22.04 297.214060   8.345716 10.769
  9    26.225 52518.08762371 21.98 297.213320   8.349016 10.769
  9    23.734 52518.08762435 20.98 297.212580   8.352326 10.769
  9    20.339 52518.08762500 21.46 297.211850   8.355626 10.769
  9    19.061 52518.08762564 22.55 297.211110   8.358936 10.769
  9    16.113 52518.08762629 23.16 297.210370   8.362236 10.769
  9    13.564 52518.08762693 23.52 297.209640   8.365546 10.769
 11   119.316 52588.08765079  3.80 297.216540   8.335075  3.499
 11   116.432 52588.08765144  3.97 297.215800   8.338375  3.499
 11   114.393 52588.08765208  3.94 297.215060   8.341685  3.499
 11   101.785 52588.08765272  5.40 297.214330   8.344985  3.499
 11    98.045 52588.08765337  4.67 297.213590   8.348295  3.499
 11    93.841 52588.08765401  4.65 297.212850   8.351595  3.499
 11    89.876 52588.08765466  4.55 297.212110   8.354905  3.499
 11    85.432 52588.08765530  3.48 297.211380   8.358205  3.499
 11    83.020 52588.08765595  2.10 297.210640   8.361505  3.499
 11    79.629 52588.08765659  1.16 297.209902   8.364820  9.283
 11    73.303 52588.08765724  1.16 297.209162   8.368120  9.283
 12    32.986 52623.08760678 24.99 297.215891   8.333257 12.255
 12    32.239 52623.08760742 25.81 297.215151   8.336567 12.255
 12    31.185 52623.08760807 25.39 297.214411   8.339867 12.255
 12    30.087 52623.08760871 24.36 297.213671   8.343177 12.255
 12    28.818 52623.08760935 22.50 297.212941   8.346477 12.255
 12    26.931 52623.08761000 24.37 297.212201   8.349787 12.255
 12    24.964 52623.08761064 21.46 297.211461   8.353087 12.255
 12    22.017 52623.08761129 22.65 297.210731   8.356397 12.255
 12    21.086 52623.08761193 17.82 297.209991   8.359697 12.255
 13    32.428 52658.08762204 29.26 297.216235   8.334885 27.662
 13    31.476 52658.08762268 27.09 297.215495   8.338185 27.662
 13    30.222 52658.08762333 26.79 297.214755   8.341495 27.662
 13    28.870 52658.08762397 26.31 297.214025   8.344795 27.662
 15   112.252 52728.08764355  6.70 297.216968   8.333467  7.033
 15   109.080 52728.08764419  6.05 297.216228   8.336777  7.033
 15   106.087 52728.08764484  5.97 297.215488   8.340077  7.033
 15   106.662 52728.08764548  2.98 297.214758   8.343387  7.033
 15   103.371 52728.08764613  2.28 297.214018   8.346687  7.033
 15    27.112 52728.08764677 11.59 297.213278   8.349997  7.033
 15    22.623 52728.08764806 24.04 297.211808   8.356607  7.033
 15    18.934 52728.08764870 25.17 297.211067   8.359904 10.080
 15    14.704 52728.08764935 23.99 297.210327   8.363214 10.080
 15    12.466 52728.08764999 18.38 297.209597   8.366514 10.080
 15    12.885 52728.08765064 14.64 297.208857   8.369824 10.080
 15     8.795 52728.08765128 15.71 297.208117   8.373124 10.080
 15     7.359 52728.08765193 14.81 297.207387   8.376434 10.080
 15     7.462 52728.08765257 13.13 297.206647   8.379734 10.080
 16    33.331 52763.08765693 23.17 297.205780   8.334002 17.573
 16   162.271 52763.08765950  1.97 297.202830   8.347222 17.573
 17    32.798 52798.08762696 20.61 297.218972   8.334118 10.538
 17    31.520 52798.08762761 21.89 297.218242   8.337418 10.538
 17    30.977 52798.08762825 21.80 297.217502   8.340728 10.538
 17    30.176 52798.08762890 22.32 297.216762   8.344028 10.538
 17    29.181 52798.08762954 21.47 297.216032   8.347338 10.538
 17    25.896 52798.08763083 19.19 297.214552   8.353938 10.538
 17    23.377 52798.08763148 19.03 297.213812   8.357248 10.538
 17    20.410 52798.08763212 18.60 297.213082   8.360548 10.538
 17    17.894 52798.08763276 14.12 297.212336   8.363862  6.296
 18    33.006 52833.08769747 20.18 297.218798   8.332763  7.004
 18    32.462 52833.08769811 20.24 297.218058   8.336063  7.004
 18    31.575 52833.08769876 21.61 297.217318   8.339373  7.004
 18    30.086 52833.08769940 21.32 297.216588   8.342673  7.004
 18    28.539 52833.08770005 22.24 297.215848   8.345983  7.004
 18    25.402 52833.08770134 21.43 297.214378   8.352593  7.004
 18    23.918 52833.08770198 22.53 297.213638   8.355893  7.004
 18    21.353 52833.08770262 20.31 297.212898   8.359193  7.004
 18    18.012 52833.08770327 19.51 297.212158   8.362503  7.004
 18    14.273 52833.08770391 20.94 297.211428   8.365803  7.004
 18    12.637 52833.08770456 20.65 297.210682   8.369118 18.627
 18    10.567 52833.08770520 22.11 297.209952   8.372418 18.627
 18    11.494 52833.08770585 21.90 297.209212   8.375718 18.627
 18    11.764 52833.08770649 21.68 297.208472   8.379028 18.627
 18    12.101 52833.08770714 23.71 297.207732   8.382328 18.627
 19   118.172 52868.08774054  4.75 297.220343   8.336195  6.861
 19   117.733 52868.08774118  4.35 297.219613   8.339505  6.861
 19   113.470 52868.08774183  3.42 297.218873   8.342805  6.861
 19    28.361 52868.08774247 21.48 297.218133   8.346115  6.861
 19    22.588 52868.08774441 22.38 297.215923   8.356025  6.861
 19    20.280 52868.08774505 21.19 297.215183   8.359335  6.861
 19    18.642 52868.08774570 20.23 297.214453   8.362635  6.861
 19    15.669 52868.08774634 20.17 297.213713   8.365935  6.861
 19    13.659 52868.08774699 20.98 297.212971   8.369250 24.475
 19    13.761 52868.08774763 21.38 297.212241   8.372550 24.475
 19    13.727 52868.08774828 22.02 297.211501   8.375850 24.475
 19    14.079 52868.08774892 23.24 297.210761   8.379160 24.475
 19    14.698 52868.08774956 23.63 297.210021   8.382460 24.475
 19    16.183 52868.08775021 26.05 297.209291   8.385770 24.475
 20   106.786 52903.08775695  5.28 297.212991   8.338002  6.639
 20   103.090 52903.08775759  5.14 297.212261   8.341302  6.639
 20    99.324 52903.08775824  5.88 297.211521   8.344612  6.639
 20    96.708 52903.08775888  4.46 297.210781   8.347912  6.639
 20    91.981 52903.08775953  4.09 297.210051   8.351222  6.639
 20    90.364 52903.08776017  2.28 297.209311   8.354522  6.639
 20    93.377 52903.08776082  0.60 297.208571   8.357832  6.639
 20    16.732 52903.08776211 19.51 297.207101   8.364442  6.639
 20    14.805 52903.08776275 23.87 297.206361   8.367742  6.639
 20    11.947 52903.08776340 25.15 297.205621   8.371052  6.639
 20    12.437 52903.08776404 27.18 297.204891   8.374352  6.639
 21    33.694 52938.08769355 22.71 297.214798   8.333122 23.602
 21    32.489 52938.08769420 23.95 297.214058   8.336432 23.602
 21    31.851 52938.08769484 25.92 297.213328   8.339732 23.602
 21    30.188 52938.08769549 28.58 297.212588   8.343042 23.602
 21    29.346 52938.08769613 26.26 297.211848   8.346342 23.602
 21    27.672 52938.08769678 24.16 297.211118   8.349652 23.602
 21    25.553 52938.08769742 22.79 297.210378   8.352952 23.602
 21    23.268 52938.08769807 21.68 297.209648   8.356262 23.602
 21   125.062 52938.08769871  0.38 297.208908   8.359562 23.602
 22    34.943 52973.08772757 21.00 297.212013   8.334305 10.635
 22    34.710 52973.08772821 22.42 297.211273   8.337615 10.635
 22    32.686 52973.08772886 21.93 297.210533   8.340915 10.635
 22    31.583 52973.08772950 22.72 297.209803   8.344225 10.635
 22    29.574 52973.08773015 23.04 297.209063   8.347525 10.635
 22    27.308 52973.08773079 24.34 297.208323   8.350835 10.635
 22    24.921 52973.08773143 21.16 297.207583   8.354135 10.635
 22    22.725 52973.08773208 22.35 297.206853   8.357445 10.635
 22    20.645 52973.08773272 20.37 297.206113   8.360745 10.635
 22    18.072 52973.08773337 18.29 297.205373   8.364055 10.635
 22    14.686 52973.08773401 17.34 297.204643   8.367355 10.635
 24    34.715 53043.08769347 27.16 297.210637   8.333984 14.039
 24    34.185 53043.08769412 25.59 297.209897   8.337294 14.039
 24    33.378 53043.08769476 23.42 297.209157   8.340594 14.039
 24    31.779 53043.08769541 23.28 297.208417   8.343904 14.039
 24    28.885 53043.08769605 25.64 297.207687   8.347204 14.039
 24    27.639 53043.08769670 22.61 297.206947   8.350514 14.039
 24    26.465 53043.08769734 21.92 297.206207   8.353814 14.039
 24    23.552 53043.08769799 20.08 297.205477   8.357124 14.039
 24    21.733 53043.08769863 17.09 297.204737   8.360424 14.039
 24    18.382 53043.08769928 16.02 297.203997   8.363734 14.039
 25    25.296 53078.08773037 23.03 297.205291   8.353926 19.295
 25    23.570 53078.08773101 19.86 297.204561   8.357236 19.295
 27    37.644 53148.08774186 24.07 297.209895   8.333706 12.690
 27    35.679 53148.08774250 30.00 297.209155   8.337006 12.690
 27    35.434 53148.08774315 24.98 297.208415   8.340316 12.690
 27    33.223 53148.08774379 24.64 297.207685   8.343616 12.690
 27    31.994 53148.08774444 23.73 297.206945   8.346926 12.690
 27    79.233 53148.08774702  1.87 297.203995   8.360146 12.690
 27    75.463 53148.08774766  1.45 297.203265   8.363446 12.690
 27    74.645 53148.08774831  0.73 297.202525   8.366746 12.690
 27    68.576 53148.08774895  0.26 297.201783   8.370052 20.102
 28    36.582 53183.08774116 26.70 297.219617   8.334179 10.308
 28    34.719 53183.08774180 27.56 297.218877   8.337489 10.308
 28    33.143 53183.08774245 24.02 297.218147   8.340789 10.308
 28    33.042 53183.08774309 20.87 297.217407   8.344099 10.308
 28    31.787 53183.08774374 19.60 297.216667   8.347399 10.308
 28    29.091 53183.08774503 19.01 297.215197   8.354009 10.308
 28    23.494 53183.08774567 20.88 297.214457   8.357319 10.308
 29    35.736 53218.08776550 26.72 297.213310   8.334718 12.916
 29    34.186 53218.08776614 29.08 297.212580   8.338018 12.916
 29    33.102 53218.08776678 27.56 297.211840   8.341328 12.916
 29    31.254 53218.08776743 27.96 297.211100   8.344628 12.916
 29    29.531 53218.08776807 23.06 297.210370   8.347938 12.916
 29    27.816 53218.08776872 23.85 297.209630   8.351238 12.916
 29    25.468 53218.08776936 22.68 297.208890   8.354548 12.916
 29    22.553 53218.08777001 23.54 297.208150   8.357848 12.916
 29    19.897 53218.08777065 23.22 297.207420   8.361158 12.916
 29    16.357 53218.08777130 22.73 297.206680   8.364458 12.916
 29    13.198 53218.08777194 23.63 297.205940   8.367768 12.916
 29    13.180 53218.08777259 24.17 297.205210   8.371068 12.916
 29    13.581 53218.08777323 24.82 297.204470   8.374368 12.916
 30    36.251 53253.08774267 23.20 297.211484   8.331728 12.419
 30    36.160 53253.08774332 22.75 297.210754   8.335028 12.419
 30    33.879 53253.08774396 26.10 297.210014   8.338338 12.419
 30    33.844 53253.08774461 22.58 297.209274   8.341638 12.419
 30    32.635 53253.08774525 20.64 297.208544   8.344948 12.419
 30    30.721 53253.08774589 23.33 297.207804   8.348248 12.419
 30    28.835 53253.08774654 23.15 297.207074   8.351558 12.419
 30    26.558 53253.08774718 21.59 297.206334   8.354858 12.419
 30    23.388 53253.08774783 22.65 297.205594   8.358168 12.419
 30    20.317 53253.08774847 23.27 297.204864   8.361468 12.419
 30    14.264 53253.08774912 25.26 297.204124   8.364778 12.419
 30    14.692 53253.08774976 25.35 297.203384   8.368078 12.419
 30    14.398 53253.08775041 25.82 297.202654   8.371388 12.419
 31    29.236 53288.08774707 22.63 297.203038   8.349512 16.046
 31    26.817 53288.08774771 22.63 297.202308   8.352822 16.046
 31    24.965 53288.08774836 21.98 297.201568   8.356122 16.046
 31    22.336 53288.08774900 21.12 297.200828   8.359432 16.046
 31    19.000 53288.08774965 21.46 297.200088   8.362732 16.046
 31    14.549 53288.08775029 24.34 297.199358   8.366042 16.046
 32    38.840 53323.08771956 25.72 297.220982   8.334818 12.327
 32    37.164 53323.08772021 23.13 297.220242   8.338128 12.327
 32    34.964 53323.08772085 25.54 297.219512   8.341428 12.327
 32    32.290 53323.08772150 24.30 297.218772   8.344738 12.327
 32    29.969 53323.08772214 25.42 297.218032   8.348038 12.327
 32    22.335 53323.08772408 20.22 297.215822   8.357958 12.327
 32    19.910 53323.08772472 20.39 297.215082   8.361258 12.327
 32     8.627 53323.08772537 20.55 297.214352   8.364568 12.327
 32     8.786 53323.08772601 20.55 297.213612   8.367868 12.327
 32     9.518 53323.08772666 19.89 297.212872   8.371168 12.327
 32     8.990 53323.08772730 20.74 297.212142   8.374478 12.327
 32     9.419 53323.08772794 20.18 297.211402   8.377778 12.327
 32    10.081 53323.08772859 20.71 297.210662   8.381093  8.789
 32    11.659 53323.08772923 21.67 297.209922   8.384393  8.789
 33    35.823 53358.08768438 27.55 297.219948   8.335594 12.088
 33    35.589 53358.08768502 25.83 297.219208   8.338894 12.088
 33    34.223 53358.08768567 25.09 297.218478   8.342204 12.088
 33    32.723 53358.08768631 23.10 297.217738   8.345504 12.088
 33    26.820 53358.08768825 19.18 297.215528   8.355424 12.088
 33    24.081 53358.08768889 16.46 297.214798   8.358724 12.088
 33    20.959 53358.08768954 17.26 297.214058   8.362034 12.088
 33    18.826 53358.08769018 16.71 297.213318   8.365334 12.088
 34   112.570 53393.08769997  7.17 297.212274   8.333836  4.107
 34   108.705 53393.08770062  6.20 297.211534   8.337146  4.107
 34   108.447 53393.08770126  6.81 297.210794   8.340446  4.107
 34    99.495 53393.08770191  8.27 297.210054   8.343756  4.107
 34    95.685 53393.08770255  6.86 297.209324   8.347056  4.107
 34    91.278 53393.08770320  7.17 297.208584   8.350366  4.107
 34    87.874 53393.08770384  6.15 297.207844   8.353666  4.107
 34    84.767 53393.08770448  5.34 297.207114   8.356976  4.107
 34    80.875 53393.08770513  3.66 297.206374   8.360276  4.107
 34    76.155 53393.08770577  3.37 297.205634   8.363586  4.107
 34    71.047 53393.08770642  3.17 297.204894   8.366886  4.107
 34    65.777 53393.08770706  3.21 297.204164   8.370186  4.107
 34    61.040 53393.08770771  3.41 297.203418   8.373501  9.261
 35    35.718 53428.08769424 28.05 297.218675   8.333609 21.642
 35    34.923 53428.08769489 26.91 297.217935   8.336909 21.642
 35    33.512 53428.08769553 25.10 297.217205   8.340219 21.642
 35    34.537 53428.08769618 23.04 297.216465   8.343519 21.642
 35    34.120 53428.08769682 20.75 297.215735   8.346829 21.642
 36   114.858 53463.08771312  5.30 297.216388   8.334360  3.135
 36   109.371 53463.08771377  5.53 297.215658   8.337660  3.135
 36   106.270 53463.08771441  5.62 297.214918   8.340970  3.135
 36   102.908 53463.08771506  4.80 297.214178   8.344270  3.135
 36    98.251 53463.08771570  4.87 297.213448   8.347570  3.135
 36    94.625 53463.08771634  4.42 297.212708   8.350880  3.135
 36    90.472 53463.08771699  3.92 297.211968   8.354180  3.135
 36    86.163 53463.08771763  2.53 297.211228   8.357490  3.135
 36    82.491 53463.08771828  2.01 297.210498   8.360790  3.135
 36    79.349 53463.08771892  0.87 297.209752   8.364103  8.122
 36    74.954 53463.08771957  0.14 297.209022   8.367403  8.122
 36    69.552 53463.08772021  0.01 297.208282   8.370713  8.122
 37    35.755 53498.08778422 21.69 297.206954   8.331783 14.089
 37    35.688 53498.08778486 22.46 297.206214   8.335093 14.089
 37    34.474 53498.08778550 23.92 297.205484   8.338393 14.089
 38   121.933 53533.08776691  5.09 297.217450   8.334676  4.383
 38   118.704 53533.08776755  3.94 297.216710   8.337976  4.383
 38   115.166 53533.08776820  2.75 297.215980   8.341286  4.383
 38   110.896 53533.08776884  1.40 297.215240   8.344586  4.383
 38   108.560 53533.08776948  2.07 297.214500   8.347896  4.383
 38   104.527 53533.08777013  1.22 297.213760   8.351196  4.383
 38    99.279 53533.08777077  2.19 297.213030   8.354506  4.383
 38    97.551 53533.08777142  0.29 297.212290   8.357806  4.383
 38    86.369 53533.08777271  0.50 297.210820   8.364416  4.383
 38     9.798 53533.08777335 16.75 297.210080   8.367726  4.383
 38    13.400 53533.08777400 22.58 297.209342   8.371023 18.415
 38     8.925 53533.08777464 25.04 297.208602   8.374333 18.415
 38     9.134 53533.08777529 24.59 297.207872   8.377633 18.415
 38     9.808 53533.08777593 23.15 297.207132   8.380943 18.415
 39    35.913 53568.08778519 23.38 297.208663   8.332411  7.881
 39    35.059 53568.08778583 21.62 297.207923   8.335721  7.881
 39    34.339 53568.08778648 21.34 297.207186   8.339018  9.884
 39    35.637 53568.08778712 19.46 297.206446   8.342328  9.884
 39    33.966 53568.08778776 19.85 297.205716   8.345628  9.884
 39    30.555 53568.08778841 19.51 297.204976   8.348938  9.884
 39    31.006 53568.08778905 18.60 297.204236   8.352238  9.884
 39    28.811 53568.08778970 17.94 297.203506   8.355548  9.884
 39    23.391 53568.08779034 18.78 297.202766   8.358848  9.884
 39    21.097 53568.08779099 19.65 297.202026   8.362158  9.884
 39    12.727 53568.08779163 19.99 297.201296   8.365458  9.884
 39    12.676 53568.08779228 20.73 297.200556   8.368768  9.884
 40    39.349 53603.08773059 21.50 297.216419   8.334314  9.753
 40    39.326 53603.08773123 17.38 297.215679   8.337614  9.753
 40    37.249 53603.08773188 21.60 297.214949   8.340924  9.753
 40    36.127 53603.08773252 19.25 297.214209   8.344224  9.753
 40    34.238 53603.08773317 20.15 297.213469   8.347534  9.753
 40    30.257 53603.08773381 21.47 297.212739   8.350834  9.753
 40    26.256 53603.08773446 21.30 297.211999   8.354144  9.753
 40    12.916 53603.08773510 23.19 297.211259   8.357444  9.753
 40    12.150 53603.08773575 24.24 297.210529   8.360754  9.753
 40    17.485 53603.08773639 22.75 297.209789   8.364054  9.753
 40    11.717 53603.08773704 23.56 297.209049   8.367364  9.753
 40    12.171 53603.08773768 23.87 297.208319   8.370664  9.753
 40    12.524 53603.08773833 23.42 297.207579   8.373964  9.753
 40    13.106 53603.08773897 24.64 297.206845   8.377270  7.543
 41    36.183 53638.08772849 22.91 297.210560   8.331633  9.273
 41    35.227 53638.08772913 20.50 297.209830   8.334933  9.273
 41    34.894 53638.08772978 18.14 297.209090   8.338243  9.273
 41    33.371 53638.08773042 19.88 297.208350   8.341543  9.273
 41    32.353 53638.08773107 18.42 297.207610   8.344853  9.273
 41    31.671 53638.08773171 16.61 297.206880   8.348153  9.273
 41    30.493 53638.08773236 17.18 297.206140   8.351463  9.273
 41    27.608 53638.08773300 17.63 297.205400   8.354763  9.273
 41    27.907 53638.08773365 18.05 297.204670   8.358073  9.273
 41    21.537 53638.08773429 18.33 297.203930   8.361373  9.273
 41    11.705 53638.08773494 19.44 297.203190   8.364673  9.273
 41    11.212 53638.08773558 21.14 297.202450   8.367983  9.273
 43    41.270 53708.08768015 17.37 297.220997   8.333042  8.183
 43    34.960 53708.08768079 15.24 297.220257   8.336352  8.183
 43    33.256 53708.08768144 15.98 297.219517   8.339652  8.183
 43    32.516 53708.08768208 14.97 297.218787   8.342962  8.183
 43    32.113 53708.08768273 14.28 297.218047   8.346262  8.183
 43    22.560 53708.08768466 20.10 297.215837   8.356182  8.183
 43    23.835 53708.08768530 15.46 297.215107   8.359482  8.183
 43    20.179 53708.08768595 15.20 297.214367   8.362792  8.183
 43    17.666 53708.08768659 14.32 297.213627   8.366092  8.183
 43    14.578 53708.08768724 13.30 297.212897   8.369402  8.183
 44    35.160 53743.08759129 17.69 297.219335   8.333146 13.790
 44    34.544 53743.08759193 15.75 297.218605   8.336446 13.790
 44    39.123 53743.08759258 15.39 297.217865   8.339756 13.790
 44    31.552 53743.08759322 17.10 297.217125   8.343056 13.790
 44     8.043 53743.08759386 30.38 297.216395   8.346366 13.790
 44     8.902 53743.08759515 31.94 297.214925   8.352976 13.790
 44     9.120 53743.08759580 33.96 297.214185   8.356276 13.790
 44     7.419 53743.08759644 33.44 297.213445   8.359586 13.790
 44     8.078 53743.08759709 29.43 297.212715   8.362886 13.790
 44     8.043 53743.08759773 26.28 297.211975   8.366196 13.790
 44     7.154 53743.08759838 22.21 297.211235   8.369496 13.790
 44     7.644 53743.08759902 17.67 297.210505   8.372806 13.790
 44     8.374 53743.08759967 15.68 297.209765   8.376106 13.790
 44     9.979 53743.08760031 16.80 297.209025   8.379416 13.790
 44    11.652 53743.08760096 16.03 297.208294   8.382714 23.584
 45    34.354 53778.08761813 22.29 297.219426   8.332993 14.995
 45    33.155 53778.08761878 23.11 297.218696   8.336293 14.995
 45    32.730 53778.08761942 22.27 297.217956   8.339603 14.995
 45    31.952 53778.08762007 19.74 297.217216   8.342903 14.995
 45    30.190 53778.08762071 19.56 297.216486   8.346213 14.995
 45     8.009 53778.08762200 27.49 297.215006   8.352823 14.995
 45     8.229 53778.08762265 26.79 297.214266   8.356123 14.995
 45     9.147 53778.08762329 28.58 297.213536   8.359433 14.995
 45     7.777 53778.08762394 26.64 297.212796   8.362733 14.995
 45     7.604 53778.08762458 21.60 297.212056   8.366043 14.995
 45     7.733 53778.08762523 18.68 297.211326   8.369343 14.995
 45    11.328 53778.08762587 16.27 297.210586   8.372653 14.995
 46   121.279 53813.08759347  4.05 297.218486   8.333076  3.603
 46   113.108 53813.08759412  4.57 297.217746   8.336376  3.603
 46   111.213 53813.08759476  3.59 297.217016   8.339686  3.603
 46   105.308 53813.08759541  3.89 297.216276   8.342986  3.603
 46   102.826 53813.08759605  4.29 297.215536   8.346296  3.603
 46    94.632 53813.08759734  3.61 297.214066   8.352906  3.603
 46    89.449 53813.08759799  3.20 297.213326   8.356206  3.603
 46    85.223 53813.08759863  2.54 297.212596   8.359516  3.603
 46    83.158 53813.08759927  1.27 297.211856   8.362816  3.603
 46    76.939 53813.08759992  1.02 297.211126   8.366126  3.603
 46    71.812 53813.08760056  0.98 297.210386   8.369426  3.603
 47    36.009 53848.08764956 21.29 297.210663   8.332568 10.067
 47    34.829 53848.08765021 24.65 297.209933   8.335878 10.067
 47    33.434 53848.08765085 22.93 297.209193   8.339178 10.067
 47    32.708 53848.08765150 18.56 297.208453   8.342488 10.067
 47    30.642 53848.08765214 18.96 297.207723   8.345788 10.067
 47    29.721 53848.08765279 16.93 297.206983   8.349098 10.067
 47    26.974 53848.08765343 16.85 297.206243   8.352398 10.067
 47    33.005 53848.08765408 15.67 297.205503   8.355708 10.067
 47    22.822 53848.08765472 14.69 297.204773   8.359008 10.067
 47    20.349 53848.08765537 14.62 297.204033   8.362318 10.067
 47    26.432 53848.08765601 13.63 297.203293   8.365618 10.067
 47    21.449 53848.08765666 13.51 297.202563   8.368928 10.067
 47    18.263 53848.08765730 13.00 297.201823   8.372228 10.067
 49    38.086 53918.08773417 17.39 297.203177   8.346885 15.143
 49    37.258 53918.08773482 16.29 297.202447   8.350195 15.143
 49    34.862 53918.08773546 15.26 297.201707   8.353495 15.143
 49    32.590 53918.08773611 16.22 297.200967   8.356805 15.143
 49    29.746 53918.08773675 16.38 297.200237   8.360105 15.143
 49    26.899 53918.08773740 16.53 297.199497   8.363415 15.143
 49    12.292 53918.08773804 17.44 297.198757   8.366715 15.143
 50    86.099 53953.08773746  7.19 297.202195   8.347436 25.019
 50    37.816 53953.08773811 12.86 297.201465   8.350736 25.019
 50    19.111 53953.08773875 20.56 297.200725   8.354046 25.019
 50    17.949 53953.08773940 23.05 297.199985   8.357346 25.019
 50    19.829 53953.08774004 22.49 297.199255   8.360656 25.019
 50    20.693 53953.08774069 23.23 297.198515   8.363956 25.019
 52    35.435 54023.08771394 17.95 297.214740   8.332326  9.976
 52    34.902 54023.08771459 22.88 297.214000   8.335626  9.976
 52    33.601 54023.08771523 20.12 297.213270   8.338936  9.976
 52    42.322 54023.08771588 18.76 297.212530   8.342236  9.976
 52    41.108 54023.08771652 17.06 297.211790   8.345546  9.976
 52    39.536 54023.08771716 16.41 297.211060   8.348846  9.976
 52    38.076 54023.08771781 15.80 297.210320   8.352156  9.976
 52    36.489 54023.08771845 15.74 297.209580   8.355456  9.976
 52    33.908 54023.08771910 14.85 297.208840   8.358766  9.976
 52    31.581 54023.08771974 16.18 297.208110   8.362066  9.976
 52    27.543 54023.08772039 17.18 297.207370   8.365376  9.976
 52    24.740 54023.08772103 18.06 297.206630   8.368676  9.976
 52    11.744 54023.08772168 19.55 297.205900   8.371986  9.976
 52    12.045 54023.08772232 21.83 297.205160   8.375286  9.976
 53   122.656 54058.08770612  4.06 297.221613   8.334107  3.346
 53   120.813 54058.08770676  3.78 297.220873   8.337407  3.346
 53   117.295 54058.08770741  3.32 297.220133   8.340707  3.346
 53   114.931 54058.08770805  2.91 297.219403   8.344017  3.346
 53   109.983 54058.08770870  2.59 297.218663   8.347317  3.346
 53    99.872 54058.08771063  2.96 297.216453   8.357237  3.346
 53    87.239 54058.08771128  3.23 297.215713   8.360537  3.346
 53    82.686 54058.08771192  2.60 297.214973   8.363847  3.346
 53    79.008 54058.08771257  2.16 297.214243   8.367147  3.346
 53    74.125 54058.08771321  1.08 297.213503   8.370457  3.346
 53    68.272 54058.08771385  1.09 297.212763   8.373757  3.346
 53    45.930 54058.08771643  2.02 297.209823   8.386977  3.346
 54    34.732 54093.08768710 20.92 297.215203   8.335448  9.446
 54    33.864 54093.08768774 22.53 297.214473   8.338748  9.446
 54    32.115 54093.08768839 24.11 297.213733   8.342048  9.446
 54    31.153 54093.08768903 21.06 297.212993   8.345358  9.446
 54    40.490 54093.08768967 19.31 297.212263   8.348658  9.446
 54    38.341 54093.08769032 20.98 297.211523   8.351968  9.446
 54    25.209 54093.08769096 20.27 297.210783   8.355268  9.446
 54    33.898 54093.08769161 19.56 297.210053   8.358578  9.446
 54     7.328 54093.08769225 20.02 297.209313   8.361878  9.446
 54    27.928 54093.08769290 19.62 297.208583   8.365188  9.446
 54    24.368 54093.08769354 18.56 297.207843   8.368488  9.446
 54    22.056 54093.08769419 18.57 297.207103   8.371798  9.446
 54    19.085 54093.08769483 17.92 297.206373   8.375098  9.446
 54     9.369 54093.08769548 18.01 297.205633   8.378408  9.446
 55   120.036 54128.08762418  4.30 297.214870   8.333172  3.496
 55   109.163 54128.08762482  6.91 297.214140   8.336482  3.496
 55   105.661 54128.08762547  5.62 297.213400   8.339782  3.496
 55   102.329 54128.08762611  4.59 297.212660   8.343092  3.496
 55    98.408 54128.08762676  6.12 297.211930   8.346392  3.496
 55    92.589 54128.08762740  6.21 297.211190   8.349702  3.496
 55    90.908 54128.08762805  3.53 297.210450   8.353002  3.496
 55    88.448 54128.08762869  2.27 297.209710   8.356312  3.496
 55    82.640 54128.08762934  2.01 297.208980   8.359612  3.496
 55    78.504 54128.08762998  1.52 297.208240   8.362922  3.496
 55    74.498 54128.08763063  0.18 297.207500   8.366222  3.496
 55    70.120 54128.08763127  0.14 297.206760   8.369532  3.496
 56    36.268 54163.08765663 21.17 297.213437   8.333674 11.057
 56    46.373 54163.08765727 18.96 297.212697   8.336974 11.057
 56    46.337 54163.08765792 21.45 297.211967   8.340284 11.057
 56    45.680 54163.08765856 20.64 297.211227   8.343584 11.057
 56    29.663 54163.08765921 24.88 297.210497   8.346894 11.057
 56    26.576 54163.08765985 23.78 297.209757   8.350194 11.057
 56     6.037 54163.08766050 23.48 297.209017   8.353504 11.057
 56     5.832 54163.08766114 22.78 297.208277   8.356804 11.057
 56     5.979 54163.08766179 21.33 297.207547   8.360114 11.057
 56     6.570 54163.08766243 17.75 297.206807   8.363414 11.057
 56    27.702 54163.08766308 15.34 297.206067   8.366724 11.057
 56    12.869 54163.08766372 15.65 297.205337   8.370024 11.057
 57   114.263 54198.08762635  6.11 297.214147   8.333516  3.477
 57   108.540 54198.08762699  6.89 297.213407   8.336826  3.477
 57   105.897 54198.08762764  5.16 297.212667   8.340126  3.477
 57   102.269 54198.08762828  5.47 297.211927   8.343436  3.477
 57    96.922 54198.08762893  5.08 297.211197   8.346736  3.477
 57    94.964 54198.08762957  4.44 297.210457   8.350046  3.477
 57    90.283 54198.08763022  3.36 297.209717   8.353346  3.477
 57    86.257 54198.08763086  2.23 297.208987   8.356656  3.477
 57    81.883 54198.08763151  1.56 297.208247   8.359956  3.477
 57    77.530 54198.08763215  1.23 297.207507   8.363256  3.477
 57    73.825 54198.08763280  0.18 297.206767   8.366566  3.477
 57    69.485 54198.08763344  0.15 297.206037   8.369866  3.477
 58   101.790 54233.08767036  9.65 297.214839   8.334074  5.622
 58   101.219 54233.08767101  8.00 297.214099   8.337384  5.622
 58   104.299 54233.08767165  6.17 297.213359   8.340684  5.622
 58    99.780 54233.08767230  7.00 297.212629   8.343994  5.622
 58    97.396 54233.08767294  5.26 297.211889   8.347294  5.622
 58    94.749 54233.08767359  4.27 297.211149   8.350604  5.622
 58    90.211 54233.08767423  3.70 297.210409   8.353904  5.622
 58    86.854 54233.08767488  3.38 297.209679   8.357214  5.622
 58    81.896 54233.08767552  1.88 297.208939   8.360514  5.622
 58    78.749 54233.08767617  1.01 297.208199   8.363824  5.622
 58    73.804 54233.08767681  0.49 297.207459   8.367124  5.622
 58    68.383 54233.08767746  0.77 297.206729   8.370424  5.622
 59   101.122 54268.08768948 10.79 297.215167   8.334286  4.092
 59   104.284 54268.08769012 10.05 297.214427   8.337596  4.092
 59   103.681 54268.08769077  8.62 297.213687   8.340896  4.092
 59    97.538 54268.08769141  8.81 297.212957   8.344206  4.092
 59    89.231 54268.08769206  9.22 297.212217   8.347506  4.092
 59    91.085 54268.08769270  7.20 297.211477   8.350816  4.092
 59    88.807 54268.08769335  5.97 297.210737   8.354116  4.092
 59    85.167 54268.08769399  5.11 297.210007   8.357426  4.092
 59    80.855 54268.08769464  4.52 297.209267   8.360726  4.092
 59    77.497 54268.08769528  3.01 297.208527   8.364036  4.092
 59    73.553 54268.08769593  2.68 297.207797   8.367336  4.092
 59    67.984 54268.08769657  2.60 297.207057   8.370646  4.092
 59    63.800 54268.08769722  1.97 297.206317   8.373943  9.602
 59    58.896 54268.08769786  1.61 297.205577   8.377253  9.602
 60   111.196 54303.08769279  8.56 297.215752   8.333533  3.546
 60   108.147 54303.08769344  8.26 297.215012   8.336833  3.546
 60   105.516 54303.08769408  7.55 297.214282   8.340143  3.546
 60   101.727 54303.08769473  7.74 297.213542   8.343443  3.546
 60    98.391 54303.08769537  6.05 297.212802   8.346753  3.546
 60    93.526 54303.08769602  6.04 297.212072   8.350053  3.546
 60    88.919 54303.08769666  5.78 297.211332   8.353363  3.546
 60    86.078 54303.08769731  4.70 297.210592   8.356663  3.546
 60    82.668 54303.08769795  3.13 297.209862   8.359973  3.546
 60    78.705 54303.08769859  2.37 297.209122   8.363273  3.546
 60    74.206 54303.08769924  2.05 297.208382   8.366583  3.546
 60    69.966 54303.08769988  1.84 297.207652   8.369883  3.546
 60    65.025 54303.08770053  0.23 297.206912   8.373193  3.546
 60    59.868 54303.08770117  0.71 297.206172   8.376489  9.949
 60    53.207 54303.08770182  1.36 297.205432   8.379799  9.949
 61    34.977 54338.08767848 27.85 297.215470   8.334667 11.310
 61    34.721 54338.08767913 25.56 297.214730   8.337967 11.310
 61    34.073 54338.08767977 22.84 297.214000   8.341277 11.310
 61    32.622 54338.08768042 20.81 297.213260   8.344577 11.310
 61    31.542 54338.08768106 20.59 297.212530   8.347887 11.310
 61    26.108 54338.08768171 21.19 297.211790   8.351187 11.310
 61    15.829 54338.08768235 23.30 297.211050   8.354497 11.310
 61    13.694 54338.08768300 24.33 297.210310   8.357797 11.310
 61    13.955 54338.08768364 24.82 297.209580   8.361107 11.310
 61    14.100 54338.08768428 24.72 297.208840   8.364407 11.310
 61    13.729 54338.08768493 25.00 297.208100   8.367717 11.310
 61    13.631 54338.08768557 24.33 297.207370   8.371017 11.310
 61    15.069 54338.08768622 24.27 297.206630   8.374317 11.310
 62    36.181 54373.08762609 20.11 297.215168   8.333931  7.829
 62    35.492 54373.08762673 20.12 297.214428   8.337241  7.829
 62    34.693 54373.08762738 19.00 297.213688   8.340541  7.829
 62    33.147 54373.08762802 18.92 297.212958   8.343851  7.829
 62    31.824 54373.08762866 18.82 297.212218   8.347151  7.829
 62    29.820 54373.08762931 18.51 297.211478   8.350461  7.829
 62    27.849 54373.08762995 17.98 297.210748   8.353761  7.829
 62    24.936 54373.08763060 18.89 297.210008   8.357071  7.829
 62    21.830 54373.08763124 20.11 297.209268   8.360371  7.829
 62    11.985 54373.08763189 20.60 297.208538   8.363681  7.829
 62    11.935 54373.08763253 22.34 297.207798   8.366981  7.829
 62    14.184 54373.08763318 21.71 297.207058   8.370291  7.829
 63    36.859 54408.08762372 20.10 297.214092   8.334087  5.953
 63    35.661 54408.08762436 19.83 297.213352   8.337387  5.953
 63    36.177 54408.08762501 16.60 297.212612   8.340697  5.953
 63    34.200 54408.08762565 14.06 297.211872   8.343997  5.953
 63    32.521 54408.08762630 14.79 297.211142   8.347307  5.953
 63    41.979 54408.08762694 14.08 297.210402   8.350607  5.953
 63    28.845 54408.08762759 15.01 297.209672   8.353917  5.953
 63    25.580 54408.08762823 14.62 297.208932   8.357217  5.953
 63    21.446 54408.08762888 16.43 297.208192   8.360527  5.953
 63    19.284 54408.08762952 17.23 297.207452   8.363827  5.953
 63    10.082 54408.08763017 18.29 297.206722   8.367137  5.953
 64   110.613 54443.08758652  7.66 297.214684   8.333805  4.140
 64   104.590 54443.08758717  8.23 297.213944   8.337115  4.140
 64   101.775 54443.08758781  7.81 297.213214   8.340415  4.140
 64   100.727 54443.08758845  6.96 297.212474   8.343725  4.140
 64    97.320 54443.08758910  6.90 297.211734   8.347025  4.140
 64    93.108 54443.08758974  6.34 297.210994   8.350335  4.140
 64    90.074 54443.08759039  5.56 297.210264   8.353635  4.140
 64    86.213 54443.08759103  4.49 297.209524   8.356945  4.140
 64    81.793 54443.08759168  3.11 297.208784   8.360245  4.140
 64    77.759 54443.08759232  3.10 297.208044   8.363555  4.140
 64    72.839 54443.08759297  2.07 297.207314   8.366855  4.140
 64    68.822 54443.08759361  1.43 297.206574   8.370165  4.140
 64    65.568 54443.08759426  1.06 297.205834   8.373465  4.140
 64    59.974 54443.08759490  0.00 297.205094   8.376775  4.140
 65   117.077 54478.08761267  4.82 297.216125   8.332521  3.739
 65   113.616 54478.08761332  4.63 297.215385   8.335831  3.739
 65   107.800 54478.08761396  5.36 297.214645   8.339131  3.739
 65   104.184 54478.08761461  5.66 297.213915   8.342441  3.739
 65   100.635 54478.08761525  4.39 297.213175   8.345741  3.739
 65    96.210 54478.08761589  4.60 297.212435   8.349051  3.739
 65    92.233 54478.08761654  4.23 297.211705   8.352351  3.739
 65    89.532 54478.08761718  3.40 297.210965   8.355661  3.739
 65    86.006 54478.08761783  2.33 297.210225   8.358961  3.739
 65    81.857 54478.08761847  1.25 297.209485   8.362271  3.739
 65    76.923 54478.08761912  1.10 297.208755   8.365571  3.739
 65    71.798 54478.08761976  0.04 297.208015   8.368881  3.739
 66   115.487 54513.08760141  6.09 297.215257   8.332917  3.424
 66   109.007 54513.08760206  7.84 297.214517   8.336227  3.424
 66   106.492 54513.08760270  6.67 297.213787   8.339527  3.424
 66   105.605 54513.08760335  5.71 297.213047   8.342837  3.424
 66    99.186 54513.08760399  4.61 297.212307   8.346137  3.424
 66    96.215 54513.08760464  4.45 297.211577   8.349447  3.424
 66    91.301 54513.08760528  3.98 297.210837   8.352747  3.424
 66    86.027 54513.08760593  4.07 297.210097   8.356057  3.424
 66    84.803 54513.08760657  2.01 297.209357   8.359357  3.424
 66    82.029 54513.08760722  1.60 297.208627   8.362657  3.424
 66    75.777 54513.08760786  1.27 297.207880   8.365972  8.491
 66    69.379 54513.08760851  1.00 297.207150   8.369272  8.491
 67   115.086 54548.08762656  4.11 297.215096   8.333378  3.453
 67   112.233 54548.08762720  4.43 297.214356   8.336678  3.453
 67   107.755 54548.08762785  5.44 297.213626   8.339988  3.453
 67   105.072 54548.08762849  4.88 297.212886   8.343288  3.453
 67    98.713 54548.08762914  4.92 297.212146   8.346598  3.453
 67    95.896 54548.08762978  3.80 297.211416   8.349898  3.453
 67    91.540 54548.08763043  3.03 297.210676   8.353208  3.453
 67    87.235 54548.08763107  3.14 297.209936   8.356508  3.453
 67    84.193 54548.08763171  1.16 297.209196   8.359808  3.453
 67    80.704 54548.08763236  1.21 297.208466   8.363118  3.453
 67    76.062 54548.08763300  0.43 297.207726   8.366418  3.453
 67    69.277 54548.08763365  0.06 297.206989   8.369723  8.341
 68   116.414 54583.08759748  5.88 297.215893   8.332531  6.251
 68   113.770 54583.08759813  6.33 297.215153   8.335841  6.251
 68   106.858 54583.08759877  5.42 297.214423   8.339141  6.251
 68   103.901 54583.08759942  5.05 297.213683   8.342451  6.251
 68    98.685 54583.08760006  5.87 297.212943   8.345751  6.251
 68    95.526 54583.08760071  5.62 297.212213   8.349061  6.251
 68    92.110 54583.08760135  4.83 297.211473   8.352361  6.251
 68    90.905 54583.08760200  2.67 297.210733   8.355671  6.251
 68    84.090 54583.08760264  2.78 297.210003   8.358971  6.251
 68    79.751 54583.08760329  2.02 297.209263   8.362271  6.251
 68    77.673 54583.08760393  0.31 297.208522   8.365576  7.840
 69    93.771 54618.08761826 15.21 297.215113   8.333788  8.551
 69    36.142 54618.08761890 16.57 297.214373   8.337098  8.551
 69    35.091 54618.08761955 16.73 297.213643   8.340398  8.551
 69    31.472 54618.08762019 19.43 297.212903   8.343708  8.551
 69     7.711 54618.08762083 21.62 297.212163   8.347008  8.551
 69     7.682 54618.08762148 23.91 297.211433   8.350318  8.551
 69     7.705 54618.08762212 21.76 297.210693   8.353618  8.551
 69     7.808 54618.08762277 20.92 297.209953   8.356928  8.551
 69     7.900 54618.08762341 21.05 297.209213   8.360228  8.551
 69     8.686 54618.08762406 21.00 297.208483   8.363538  8.551
 69     8.780 54618.08762470 20.85 297.207742   8.366835  4.816
 69     9.009 54618.08762535 19.45 297.207002   8.370145  4.816
 69     9.943 54618.08762599 19.29 297.206272   8.373445  4.816
 69     9.153 54618.08762664 20.73 297.205532   8.376755  4.816
 70    47.091 54653.08763012 14.68 297.212956   8.334703  6.090
 70    46.360 54653.08763077 15.13 297.212216   8.338013  6.090
 70    44.709 54653.08763141 14.19 297.211486   8.341313  6.090
 70    43.465 54653.08763206 14.45 297.210746   8.344623  6.090
 70    40.912 54653.08763270 14.40 297.210006   8.347923  6.090
 70    28.336 54653.08763334 15.24 297.209276   8.351233  6.090
 70    11.877 54653.08763399 15.00 297.208536   8.354533  6.090
 70    33.617 54653.08763463 14.10 297.207796   8.357843  6.090
 70    11.265 54653.08763528 14.97 297.207066   8.361143  6.090
 70    10.093 54653.08763592 15.38 297.206326   8.364453  6.090
 70     9.819 54653.08763657 17.08 297.205586   8.367759  6.963
 70    10.759 54653.08763721 17.35 297.204846   8.371059  6.963
 70    10.192 54653.08763786 19.08 297.204116   8.374359  6.963
 71    36.978 54688.08761937 15.75 297.214739   8.333448  8.071
 71    35.369 54688.08762001 19.80 297.214009   8.336758  8.071
 71    12.738 54688.08762130 20.45 297.212539   8.343368  8.071
 71    13.803 54688.08762195 19.14 297.211799   8.346668  8.071
 71    14.055 54688.08762259 19.83 297.211059   8.349978  8.071
 71    13.815 54688.08762324 19.89 297.210329   8.353278  8.071
 71    14.114 54688.08762388 20.48 297.209589   8.356588  8.071
 71    13.732 54688.08762452 20.97 297.208849   8.359888  8.071
 71    12.903 54688.08762517 20.71 297.208109   8.363198  8.071
 71    13.605 54688.08762581 21.46 297.207379   8.366498  8.071
 71    13.964 54688.08762646 21.55 297.206639   8.369798  8.071
 71    14.377 54688.08762710 22.77 297.205902   8.373104 24.486
 71    14.311 54688.08762775 24.72 297.205162   8.376414 24.486
 72    37.058 54723.08757796 17.54 297.214656   8.334939  5.929
 72    34.416 54723.08757861 19.12 297.213916   8.338239  5.929
 72    32.567 54723.08757925 17.70 297.213176   8.341549  5.929
 72    30.102 54723.08758054 17.38 297.211706   8.348159  5.929
 72    13.607 54723.08758119 18.36 297.210966   8.351459  5.929
 72    13.064 54723.08758183 19.44 297.210226   8.354769  5.929
 72    12.871 54723.08758247 18.78 297.209486   8.358069  5.929
 72    12.658 54723.08758312 19.35 297.208756   8.361379  5.929
 72    12.234 54723.08758376 19.73 297.208010   8.364675 21.961
 72    13.229 54723.08758441 19.85 297.207280   8.367985 21.961
 72    13.337 54723.08758505 20.40 297.206540   8.371285 21.961
 72    14.037 54723.08758570 21.90 297.205800   8.374595 21.961
 72    14.030 54723.08758634 22.99 297.205070   8.377895 21.961
 73    36.477 54758.08759493 16.24 297.214116   8.334077  4.604
 73    32.282 54758.08759686 17.78 297.211906   8.343997  4.604
 73    41.179 54758.08759751 17.16 297.211168   8.347294 13.790
 73    28.130 54758.08759815 18.33 297.210428   8.350604 13.790
 73    26.698 54758.08759879 17.55 297.209698   8.353904 13.790
 73    25.287 54758.08759944 17.37 297.208958   8.357214 13.790
 73    10.383 54758.08760008 17.84 297.208218   8.360514 13.790
 73    20.887 54758.08760073 17.68 297.207488   8.363824 13.790
 73    15.984 54758.08760137 19.07 297.206748   8.367124 13.790
 73    12.873 54758.08760202 20.03 297.206008   8.370434 13.790
 73    11.570 54758.08760266 21.37 297.205278   8.373734 13.790
 73    11.726 54758.08760331 23.04 297.204538   8.377044 13.790
 74   111.483 54793.08757028  7.28 297.213065   8.333110  5.306
 74   108.529 54793.08757093  6.35 297.212335   8.336420  5.306
 74   104.715 54793.08757157  6.18 297.211595   8.339720  5.306
 74   101.082 54793.08757221  6.15 297.210855   8.343030  5.306
 74    97.321 54793.08757286  5.80 297.210115   8.346330  5.306
 74    94.311 54793.08757350  5.19 297.209385   8.349640  5.306
 74    91.164 54793.08757415  4.46 297.208645   8.352940  5.306
 74    86.788 54793.08757479  3.48 297.207905   8.356240  5.306
 74    80.795 54793.08757544  3.21 297.207165   8.359550  5.306
 74    78.495 54793.08757608  2.37 297.206435   8.362850  5.306
 74    73.728 54793.08757673  1.79 297.205689   8.366163  8.810
 74    70.046 54793.08757737  0.83 297.204959   8.369463  8.810
 75   113.007 54828.08759308  7.54 297.214870   8.333095  3.660
 75   108.545 54828.08759372  8.33 297.214130   8.336395  3.660
 75   104.744 54828.08759437  7.56 297.213400   8.339705  3.660
 75   100.944 54828.08759501  8.02 297.212660   8.343005  3.660
 75    98.076 54828.08759566  7.32 297.211920   8.346315  3.660
 75    92.846 54828.08759630  6.26 297.211180   8.349615  3.660
 75    90.303 54828.08759695  5.99 297.210450   8.352925  3.660
 75    86.176 54828.08759759  4.23 297.209710   8.356225  3.660
 75    83.889 54828.08759824  3.39 297.208970   8.359535  3.660
 75    78.353 54828.08759888  3.10 297.208240   8.362835  3.660
 75    74.616 54828.08759952  1.48 297.207500   8.366145  3.660
 75    69.357 54828.08760017  1.27 297.206759   8.369451  9.433
 75    66.828 54828.08760081  1.26 297.206029   8.372751  9.433
 75    60.636 54828.08760146  0.69 297.205289   8.376051  9.433
 76   106.721 54863.08756518  9.88 297.214580   8.334619  5.560
 76   106.599 54863.08756582  7.57 297.213850   8.337919  5.560
 76   103.453 54863.08756647  7.49 297.213110   8.341229  5.560
 76   100.419 54863.08756711  5.89 297.212370   8.344529  5.560
 76    95.444 54863.08756776  5.64 297.211640   8.347839  5.560
 76    94.135 54863.08756840  4.37 297.210900   8.351139  5.560
 76    89.975 54863.08756904  3.74 297.210160   8.354449  5.560
 76    85.017 54863.08756969  3.14 297.209420   8.357749  5.560
 76    81.666 54863.08757033  2.24 297.208690   8.361059  5.560
 76    78.801 54863.08757098  1.45 297.207945   8.364356  8.380
 76    72.801 54863.08757162  0.46 297.207215   8.367666  8.380
 76    68.554 54863.08757227  0.18 297.206475   8.370966  8.380
 77   112.015 54898.08759279  4.91 297.213555   8.333742  3.588
 77   111.903 54898.08759343  5.36 297.212815   8.337042  3.588
 77   104.362 54898.08759408  5.78 297.212085   8.340352  3.588
 77   101.548 54898.08759472  4.95 297.211345   8.343652  3.588
 77    97.804 54898.08759537  4.36 297.210605   8.346962  3.588
 77    94.485 54898.08759601  3.49 297.209865   8.350262  3.588
 77    92.704 54898.08759666  3.29 297.209135   8.353572  3.588
 77    86.659 54898.08759730  2.43 297.208395   8.356872  3.588
 77    81.514 54898.08759795  1.48 297.207655   8.360182  3.588
 77    78.487 54898.08759859  0.68 297.206925   8.363482  3.588
 77    74.489 54898.08759924  1.01 297.206185   8.366792  3.588
 77    68.795 54898.08759988  0.66 297.205447   8.370097  7.845
 78    48.715 54933.08755988 16.97 297.213353   8.334656  9.891
 78    37.171 54933.08756053 16.64 297.212613   8.337966  9.891
 78    46.044 54933.08756117 14.35 297.211883   8.341266  9.891
 78    33.407 54933.08756182 18.31 297.211143   8.344576  9.891
 78     6.978 54933.08756246 26.64 297.210403   8.347876  9.891
 78     5.526 54933.08756311 25.52 297.209673   8.351186  9.891
 78    29.254 54933.08756375 18.36 297.208933   8.354486  9.891
 78    26.573 54933.08756440 16.71 297.208193   8.357786  9.891
 78    24.274 54933.08756504 15.76 297.207453   8.361096  9.891
 79   114.429 54968.08759495  3.61 297.214182   8.335137  3.445
 79   108.142 54968.08759560  4.95 297.213442   8.338447  3.445
 79   104.050 54968.08759624  5.35 297.212712   8.341747  3.445
 79   100.444 54968.08759689  5.23 297.211972   8.345057  3.445
 79    95.594 54968.08759753  4.98 297.211232   8.348357  3.445
 79    91.917 54968.08759818  4.40 297.210502   8.351667  3.445
 79    87.173 54968.08759882  3.13 297.209762   8.354967  3.445
 79    85.085 54968.08759947  1.54 297.209022   8.358277  3.445
 79    81.403 54968.08760011  1.20 297.208292   8.361577  3.445
 79    78.042 54968.08760076  0.71 297.207552   8.364887  3.445
 79    71.765 54968.08760140  0.09 297.206811   8.368184  7.267
 80    39.043 55003.08761392 18.64 297.212066   8.331887  8.997
 80    37.765 55003.08761457 15.21 297.211326   8.335187  8.997
 80    37.191 55003.08761521 18.62 297.210596   8.338497  8.997
 80    36.729 55003.08761586 15.36 297.209856   8.341797  8.997
 80    34.137 55003.08761650 14.32 297.209116   8.345107  8.997
 80    32.802 55003.08761715 17.23 297.208376   8.348407  8.997
 80    39.170 55003.08761779 14.33 297.207646   8.351717  8.997
 80    38.573 55003.08761844 14.28 297.206906   8.355017  8.997
 80    27.265 55003.08761908 15.70 297.206166   8.358327  8.997
 80    24.278 55003.08761973 15.44 297.205436   8.361627  8.997
 81    50.403 55038.08760056 16.48 297.216117   8.332852  7.238
 81    37.318 55038.08760121 16.87 297.215377   8.336152  7.238
 81    36.208 55038.08760185 14.18 297.214637   8.339462  7.238
 81    45.980 55038.08760250 13.48 297.213907   8.342762  7.238
 81    33.321 55038.08760314 14.26 297.213167   8.346072  7.238
 81    32.290 55038.08760378 16.38 297.212427   8.349372  7.238
 81    29.112 55038.08760443 15.39 297.211697   8.352682  7.238
 81    26.932 55038.08760507 15.57 297.210957   8.355982  7.238
 81    25.681 55038.08760572 15.43 297.210217   8.359292  7.238
 81    22.450 55038.08760636 15.95 297.209487   8.362592  7.238
 81    19.184 55038.08760701 17.40 297.208747   8.365902  7.238
 81    16.464 55038.08760765 17.89 297.208007   8.369207  6.951
 81    12.632 55038.08760830 20.21 297.207267   8.372507  6.951
 82    38.716 55073.08758696 15.82 297.214475   8.334796  6.347
 82    37.962 55073.08758760 14.56 297.213735   8.338096  6.347
 82    35.552 55073.08758825 16.41 297.213005   8.341406  6.347
 82    32.701 55073.08758889 17.20 297.212265   8.344706  6.347
 82    31.634 55073.08758954 16.09 297.211525   8.348016  6.347
 82    13.931 55073.08759018 17.87 297.210785   8.351316  6.347
 82    12.617 55073.08759083 19.30 297.210055   8.354626  6.347
 82    11.865 55073.08759147 19.10 297.209315   8.357926  6.347
 82    11.318 55073.08759212 20.02 297.208575   8.361236  6.347
 82    10.967 55073.08759276 21.11 297.207845   8.364536  6.347
 82    11.390 55073.08759341 21.16 297.207105   8.367846  6.347
 83    95.425 55108.08753325 13.31 297.213629   8.334009  7.609
 83    96.571 55108.08753389 12.43 297.212889   8.337319  7.609
 83    91.175 55108.08753453 12.38 297.212159   8.340619  7.609
 83    87.135 55108.08753518 14.20 297.211419   8.343929  7.609
 83    84.830 55108.08753582 13.19 297.210679   8.347229  7.609
 83    75.976 55108.08753840  8.79 297.207729   8.360449  7.609
 83    72.427 55108.08753905  7.51 297.206999   8.363759  7.609
 83    71.338 55108.08753969  4.00 297.206254   8.367065 10.938
 83    68.406 55108.08754034  2.31 297.205524   8.370365 10.938
 83    63.598 55108.08754098  1.49 297.204784   8.373665 10.938
 83    56.900 55108.08754163  3.11 297.204044   8.376975 10.938
 84    39.467 55143.08753740 15.44 297.213734   8.333501  8.451
 84    38.954 55143.08753805 13.16 297.212994   8.336801  8.451
 84    38.215 55143.08753869 13.38 297.212254   8.340111  8.451
 84    36.318 55143.08753934 17.55 297.211524   8.343411  8.451
 84    35.188 55143.08753998 13.02 297.210784   8.346721  8.451
 84    33.067 55143.08754063 19.29 297.210044   8.350021  8.451
 84    31.151 55143.08754127 16.91 297.209314   8.353331  8.451
 84    28.393 55143.08754192 14.70 297.208574   8.356631  8.451
 84    25.607 55143.08754256 13.16 297.207834   8.359941  8.451
 84    23.380 55143.08754320 13.04 297.207104   8.363241  8.451
 84    19.530 55143.08754385 15.11 297.206364   8.366541  8.451
 84    16.507 55143.08754449 15.57 297.205625   8.369846 13.335
 84    13.601 55143.08754514 16.55 297.204885   8.373156 13.335
 85    38.372 55178.08750540 14.66 297.214642   8.334440 10.013
 85    37.707 55178.08750604 13.71 297.213912   8.337740 10.013
 85    36.074 55178.08750668 14.99 297.213172   8.341050 10.013
 85    33.475 55178.08750733 19.24 297.212432   8.344350 10.013
 85     7.712 55178.08750797 26.23 297.211692   8.347660 10.013
 85     6.565 55178.08750862 26.01 297.210962   8.350960 10.013
 85     7.408 55178.08750926 22.90 297.210222   8.354270 10.013
 85    26.734 55178.08750991 19.33 297.209482   8.357570 10.013
 85    24.100 55178.08751055 16.91 297.208752   8.360870 10.013
 85    21.592 55178.08751120 16.20 297.208005   8.364184  3.371
 85    19.135 55178.08751184 15.64 297.207275   8.367484  3.371
 86   119.496 55213.08753239  4.63 297.214478   8.333580  3.391
 86   107.929 55213.08753303  6.86 297.213738   8.336880  3.391
 86   105.667 55213.08753368  6.35 297.213008   8.340190  3.391
 86   102.586 55213.08753432  5.41 297.212268   8.343490  3.391
 86    97.999 55213.08753497  4.84 297.211528   8.346800  3.391
 86    93.482 55213.08753561  4.42 297.210788   8.350100  3.391
 86    89.490 55213.08753626  3.98 297.210058   8.353410  3.391
 86    85.948 55213.08753690  2.84 297.209318   8.356710  3.391
 86    84.826 55213.08753755  1.33 297.208578   8.360020  3.391
 86    79.607 55213.08753819  1.38 297.207848   8.363320  3.391
 86    73.552 55213.08753884  0.59 297.207108   8.366630  3.391
 86    69.274 55213.08753948  0.37 297.206368   8.369927  7.877
 87   115.616 55248.08750567  7.18 297.215265   8.333126  3.415
 87   110.423 55248.08750631  6.13 297.214525   8.336426  3.415
 87   106.927 55248.08750696  7.31 297.213785   8.339736  3.415
 87   100.592 55248.08750760  6.99 297.213055   8.343036  3.415
 87    98.810 55248.08750825  6.08 297.212315   8.346346  3.415
 87    96.586 55248.08750889  3.89 297.211575   8.349646  3.415
 87    91.540 55248.08750954  3.65 297.210845   8.352956  3.415
 87    87.787 55248.08751018  3.21 297.210105   8.356256  3.415
 87    85.666 55248.08751083  1.88 297.209365   8.359556  3.415
 87    80.584 55248.08751147  1.28 297.208625   8.362866  3.415
 87    75.805 55248.08751212  0.74 297.207895   8.366166  3.415
 87    70.456 55248.08751276  0.88 297.207151   8.369480  7.655
 88    38.998 55283.08752598 17.29 297.213828   8.334141 11.326
 88    48.918 55283.08752662 14.98 297.213088   8.337441 11.326
 88    46.038 55283.08752727 14.02 297.212358   8.340751 11.326
 88    34.180 55283.08752791 19.13 297.211618   8.344051 11.326
 88     6.801 55283.08752856 25.86 297.210878   8.347361 11.326
 88     5.914 55283.08752920 26.87 297.210138   8.350661 11.326
 88     5.605 55283.08752985 28.42 297.209408   8.353971 11.326
 88     6.651 55283.08753049 23.49 297.208668   8.357271 11.326
 88     5.817 55283.08753114 20.75 297.207928   8.360571 11.326
 88     6.485 55283.08753178 17.72 297.207198   8.363881 11.326
 89   114.928 55318.08749622  6.35 297.213359   8.332881  3.801
 89   111.905 55318.08749686  6.50 297.212629   8.336191  3.801
 89   108.485 55318.08749751  5.82 297.211889   8.339491  3.801
 89   104.985 55318.08749815  4.85 297.211149   8.342801  3.801
 89   101.655 55318.08749880  5.03 297.210409   8.346101  3.801
 89    94.463 55318.08749944  5.04 297.209679   8.349411  3.801
 89    90.903 55318.08750009  3.50 297.208939   8.352711  3.801
 89    87.321 55318.08750073  3.44 297.208199   8.356021  3.801
 89    82.228 55318.08750137  2.39 297.207469   8.359321  3.801
 89    77.085 55318.08750202  1.41 297.206729   8.362631  3.801
 89    74.791 55318.08750266  0.62 297.205990   8.365928  9.815
 89    70.438 55318.08750331  0.10 297.205250   8.369238  9.815
 90    10.443 55353.08749869 31.04 297.214830   8.332181 16.720
 90    10.362 55353.08749934 33.65 297.214090   8.335481 16.720
 90    10.285 55353.08749998 30.72 297.213360   8.338791 16.720
 90    10.124 55353.08750063 28.72 297.212620   8.342091 16.720
 90    10.025 55353.08750127 28.31 297.211880   8.345401 16.720
 90     9.588 55353.08750191 27.88 297.211150   8.348701 16.720
 90     8.691 55353.08750256 27.12 297.210410   8.352011 16.720
 90     8.483 55353.08750320 26.05 297.209670   8.355311 16.720
 90     7.594 55353.08750385 25.95 297.208930   8.358621 16.720
 90     6.869 55353.08750449 25.14 297.208200   8.361921 16.720
 90     6.163 55353.08750514 23.30 297.207460   8.365231 16.720
 90     6.014 55353.08750578 22.59 297.206722   8.368528 15.994
 90     7.373 55353.08750643 20.73 297.205982   8.371838 15.994
 91    49.957 55388.08749597 20.33 297.212622   8.334067  8.888
 91    37.720 55388.08749661 18.82 297.211882   8.337377  8.888
 91    35.842 55388.08749726 19.22 297.211152   8.340677  8.888
 91    35.001 55388.08749790 19.43 297.210412   8.343987  8.888
 91    33.083 55388.08749855 19.83 297.209672   8.347287  8.888
 91    30.781 55388.08749919 20.51 297.208942   8.350597  8.888
 91    12.470 55388.08749984 21.37 297.208202   8.353897  8.888
 91    25.254 55388.08750048 21.06 297.207462   8.357207  8.888
 91    12.059 55388.08750113 22.04 297.206722   8.360507  8.888
 91    11.382 55388.08750177 22.83 297.205992   8.363807  8.888
 91    11.871 55388.08750242 23.24 297.205247   8.367122  9.255
 91    12.157 55388.08750306 24.31 297.204517   8.370422  9.255
 91    12.505 55388.08750370 24.26 297.203777   8.373722  9.255
 92    13.226 55423.08751652 28.58 297.215602   8.333400  6.755
 92    13.291 55423.08751716 28.82 297.214872   8.336700  6.755
 92    13.873 55423.08751781 30.05 297.214132   8.340010  6.755
 92    13.669 55423.08751845 31.13 297.213393   8.343316 17.844
 92    14.030 55423.08751910 31.33 297.212653   8.346616 17.844
 92    14.273 55423.08751974 31.56 297.211923   8.349916 17.844
 92    14.625 55423.08752038 32.43 297.211183   8.353226 17.844
 92    14.428 55423.08752103 33.12 297.210443   8.356526 17.844
 92    13.825 55423.08752167 32.24 297.209713   8.359836 17.844
 92    13.898 55423.08752232 32.32 297.208973   8.363136 17.844
 92    13.529 55423.08752296 32.20 297.208233   8.366446 17.844
 92    13.486 55423.08752361 32.48 297.207503   8.369746 17.844
 92    13.422 55423.08752425 32.09 297.206763   8.373056 17.844
 92    13.248 55423.08752490 32.50 297.206023   8.376356 17.844
 93    37.596 55458.08748887 25.39 297.215785   8.333328  7.232
 93    11.602 55458.08749402 28.49 297.209895   8.359768  7.232
 93    11.714 55458.08749467 26.31 297.209165   8.363078  7.232
 93    11.458 55458.08749531 26.82 297.208425   8.366378  7.232
 93    11.528 55458.08749596 27.24 297.207685   8.369688  7.232
 93    11.766 55458.08749660 27.76 297.206949   8.372986 30.810
 93    11.725 55458.08749725 28.87 297.206209   8.376296 30.810
 93    12.065 55458.08749789 31.10 297.205479   8.379596 30.810
