-306719.461   390.457     0.00  105.85
-306343.233   364.913   -67.89   89.56
-305967.002   335.090   -79.26   78.76
-305590.769   305.374   -78.98   90.28
-305214.532   261.912  -115.51   80.72
-304838.292   230.707   -82.93   65.62
-304462.049   198.297   -86.14   45.08
-304085.803   179.207   -50.73   28.15
-303709.554   170.041   -24.36   18.34
-303333.303   161.839   -21.80    7.28
-302957.048   159.655    -5.80    4.11
-302580.790   158.302    -3.60    3.70
-302204.529   158.246    -0.15    6.30
-301828.264   159.146     2.39    9.52
-301451.997   164.263    13.60   15.32
-301075.727   167.579     8.81   16.47
-300699.454   172.207    12.30   17.85
-300323.178   173.221     2.69   19.76
-299946.898   175.788     6.82   24.69
-299570.616   171.022   -12.67   28.69
-299194.331   165.733   -14.05   28.94
-298818.042   156.082   -25.65   23.00
-298441.751   147.791   -22.03   12.69
-298065.456   143.682   -10.92    8.74
-297689.158   141.013    -7.09    7.80
-297312.858   142.041     2.73   10.80
-296936.554   144.400     6.27   12.48
-296560.247   146.839     6.48   11.58
-296183.937   147.918     2.87   10.82
-295807.624   145.861    -5.46    8.87
-295431.308   145.407    -1.21    6.49
-295054.989   148.275     7.62    7.64
-294678.667   152.374    10.89    7.70
-294302.342   156.312    10.47    8.05
-293926.013   160.652    11.53   10.65
-293549.682   166.491    15.52   11.24
-293173.348   171.568    13.49   10.24
-292797.010   170.656    -2.42    9.05
-292420.669   168.807    -4.91    7.33
-292044.325   168.707    -0.27    6.33
-291667.979   168.374    -0.89    6.81
-291291.629   170.124     4.65    8.61
-290915.276   172.497     6.30    9.49
-290538.920   169.451    -8.09   11.81
-290162.560   164.602   -12.88   13.28
-289786.198   158.997   -14.89   12.49
-289409.833   154.734   -11.33    8.45
-289033.464   151.882    -7.58    7.37
-288657.093   153.140     3.34   10.22
-288280.718   159.582    17.12   18.04
-287904.340   173.835    37.87   34.41
-287527.959   193.624    52.57   41.45
-287151.575   206.545    34.33   43.41
-286775.188   209.761     8.54   40.48
-286398.798   203.997   -15.31   41.80
-286022.404   191.707   -32.65   40.01
-285646.008   182.346   -24.87   35.25
-285269.608   169.857   -33.18   16.61
-284893.205   165.339   -12.00   13.00
-284516.799   159.513   -15.48    8.94
-284140.390   157.861    -4.39    9.45
-283763.978   156.041    -4.84    9.50
-283387.563   154.117    -5.11    9.53
-283011.273   153.023    -2.91    9.57
-282635.478   154.407     3.68    9.72
-282259.681   157.978     9.50   10.91
-281883.880   162.107    10.99   11.19
-281508.076   167.117    13.33    7.63
-281132.269   169.374     6.00    7.19
-280756.459   169.896     1.39    7.23
-280380.646   168.464    -3.81    8.26
-280004.830   167.680    -2.09    8.83
-279629.010   167.861     0.48    9.58
-279253.187   166.869    -2.64   11.52
-278877.362   165.257    -4.29   12.08
-278501.533   164.734    -1.39   10.97
-278125.701   162.950    -4.74    8.88
-277749.866   158.023   -13.11   11.66
-277374.027   154.835    -8.48   11.55
-276998.186   150.938   -10.37    8.37
-276622.341   151.760     2.19    8.34
-276246.493   156.271    12.00    8.53
-275870.642   157.437     3.10    8.17
-275494.788   157.632     0.52    8.44
-275118.931   154.932    -7.18    8.00
-274743.071   153.850    -2.88    6.63
-274367.207   153.005    -2.25    7.08
-273991.340   150.599    -6.40    8.09
-273615.470   150.761     0.43    9.35
-273239.597   152.557     4.78    9.93
-272863.721   155.707     8.38   11.70
-272487.842   162.182    17.23   10.51
-272111.959   165.015     7.54    9.43
-271736.074   164.086    -2.47    8.78
-271360.185   160.181   -10.39    8.82
-270984.293   158.887    -3.44    9.04
-270608.397   156.655    -5.94    7.99
-270232.499   157.929     3.39    9.33
-269856.597   156.964    -2.57   10.04
-269480.693   154.680    -6.07   11.13
-269104.785   152.482    -5.85   10.66
-268728.873   150.835    -4.38    9.74
-268352.959   151.993     3.08    7.95
-267977.042   152.761     2.04    4.81
-267601.121   151.680    -2.88    4.62
-267225.197   150.523    -3.08    3.83
-266849.270   149.066    -3.88    4.83
-266473.340   148.275    -2.11    4.60
-266097.406   149.107     2.21    5.37
-265721.469   148.323    -2.09    5.27
-265345.529   147.628    -1.85    4.56
-264969.586   146.970    -1.75    4.99
-264593.640   145.425    -4.11    5.63
-264217.691   144.181    -3.31    5.53
-263841.738   142.707    -3.92    5.07
-263465.782   141.425    -3.41    6.48
-263089.823   139.923    -3.99    7.36
-262713.860   140.007     0.22    7.83
-262337.895   138.220    -4.75    7.90
-261961.926   137.793    -1.14    7.94
-261585.954   134.653    -8.35    7.83
-261209.979   131.869    -7.40    6.55
-260834.000   132.076     0.55    7.70
-260458.019   133.451     3.66    7.36
-260082.034   135.275     4.85    7.22
-259706.046   137.782     6.67    6.17
-259330.054   138.323     1.44    4.77
-258954.060   138.602     0.74    5.23
-258578.062   137.339    -3.36    5.03
-258202.061   136.476    -2.29    7.40
-257826.056   135.938    -1.43    8.14
-257450.049   136.902     2.56    9.74
-257074.038   141.297    11.69   10.90
-256698.024   144.957     9.73    9.89
-256322.007   143.707    -3.32    9.82
-255945.986   141.220    -6.61    9.77
-255569.962   137.450   -10.03    7.48
-255193.935   137.086    -0.97    7.24
-254817.905   138.869     4.74    8.28
-254441.872   139.812     2.51    6.43
-254065.835   141.323     4.02    5.83
-253689.795   141.707     1.02    5.64
-253313.752   142.341     1.69    5.51
-252937.705   142.451     0.29    4.77
-252561.655   142.023    -1.14    4.34
-252185.602   142.076     0.14    3.55
-251809.546   141.964    -0.30    3.48
-251433.486   142.784     2.18    4.13
-251057.423   143.791     2.68    4.18
-250681.357   144.143     0.94    4.02
-250305.288   143.874    -0.72    4.13
-249929.215   142.733    -3.03    6.12
-249553.139   139.297    -9.14    7.75
-249177.060   137.993    -3.47    8.32
-248800.977   136.734    -3.35    6.23
-248424.892   137.194     1.22    5.09
-248048.803   136.944    -0.66    4.88
-247672.710   135.681    -3.36    4.66
-247296.615   135.374    -0.82    5.01
-246920.516   135.488     0.30    4.94
-246544.413   134.579    -2.42    4.95
-246168.308   133.869    -1.89    5.01
-245792.199   133.248    -1.65    4.98
-245416.087   132.839    -1.09    4.61
-245039.971   132.015    -2.19    4.31
-244663.853   130.902    -2.96    4.34
-244287.731   131.041     0.37    4.22
-243911.605   130.818    -0.59    4.87
-243535.477   130.194    -1.66    5.37
-243159.345   130.297     0.27    5.74
-242783.210   128.738    -4.15    5.46
-242407.071   129.545     2.15    5.10
-242030.929   129.302    -0.65    4.47
-241654.784   127.734    -4.17    5.17
-241278.636   125.865    -4.97    5.50
-240902.484   125.113    -2.00    4.92
-240526.329   126.707     4.24    6.79
-240150.170   128.784     5.52    7.03
-239774.008   129.155     0.98    7.30
-239397.843   128.523    -1.68    6.53
-239021.675   126.523    -5.32    6.31
-238645.503   124.759    -4.69    6.74
-238269.328   124.113    -1.72    6.09
-237893.150   125.041     2.47    5.88
-237516.968   127.152     5.61    7.66
-237140.783   130.733     9.52    8.73
-236764.595   134.682    10.50    7.87
-236388.403   138.207     9.37    5.14
-236012.208   136.891    -3.50    5.93
-235636.009   133.545    -8.89    5.97
-235259.808   130.365    -8.45    5.93
-234883.602   126.997    -8.95    5.11
-234507.394   125.761    -3.28    4.01
-234131.182   123.907    -4.93    3.94
-233754.967   123.912     0.01    4.54
-233378.749   126.286     6.31    6.77
-233002.527   130.497    11.19    7.55
-232626.301   135.476    13.24    7.14
-232250.073   137.810     6.20    7.08
-231873.841   139.491     4.47    8.63
-231497.606   139.707     0.57    8.05
-231121.367   140.707     2.66    8.96
-230745.125   142.400     4.50    8.93
-230368.880   144.938     6.75    8.15
-229992.631   148.895    10.52    7.10
-229616.379   148.759    -0.36    6.61
-229240.123   149.788     2.74    6.02
-228863.864   147.707    -5.53    7.07
-228487.602   144.491    -8.55    6.92
-228111.336   144.818     0.87    7.51
-227735.067   143.181    -4.35    7.55
-227358.795   143.784     1.60    7.72
-226982.519   143.576    -0.55    7.17
-226606.240   142.835    -1.97    6.15
-226229.957   142.989     0.41    6.05
-225853.671   143.169     0.48    6.56
-225477.382   142.086    -2.88    7.49
-225101.089   142.143     0.15    8.08
-224724.793   139.707    -6.47    9.17
-224348.494   140.339     1.68    9.84
-223972.191   142.234     5.03    9.57
-223595.885   144.645     6.41    9.59
-223219.575   144.169    -1.26    9.29
-222843.262   142.155    -5.35    9.58
-222466.945   136.950   -13.83   12.18
-222090.625   131.761   -13.79   10.95
-221714.302   128.846    -7.75    9.35
-221337.975   127.234    -4.28   10.58
-220961.645   128.220     2.62   10.94
-220585.312   127.491    -1.94   10.25
-220208.975   125.579    -5.08    9.43
-219832.634   125.964     1.02    8.49
-219456.290   124.246    -4.56    8.54
-219079.943   123.312    -2.48    7.58
-218703.593   122.220    -2.90    7.96
-218327.238   120.950    -3.37    7.30
-217950.881   121.086     0.36    7.15
-217574.520   121.128     0.11    7.12
-217198.156   120.737    -1.04    6.28
-216821.788   123.169     6.46    7.50
-216445.417   125.220     5.45    9.65
-216069.042   125.207    -0.03   10.57
-215692.664   125.734     1.40   10.25
-215316.282   127.846     5.61    8.33
-214939.897   127.865     0.05    7.56
-214563.509   125.610    -5.99    7.91
-214187.117   124.599    -2.68    7.57
-213810.722   124.194    -1.08    6.69
-213434.323   124.655     1.22    7.16
-213057.921   128.760    10.91    9.02
-212681.515   134.194    14.44    9.07
-212305.106   137.732     9.40    8.33
-211928.694   140.275     6.75    8.68
-211552.278   145.113    12.85   10.99
-211175.858   151.181    16.12   12.48
-210799.435   166.346    40.29   24.69
-210423.009   179.015    33.65   30.15
-210046.579   196.759    47.13   33.85
-209670.146   211.707    39.71   31.52
-209293.709   225.707    37.19   24.62
-208917.269   236.626    29.00   18.79
-208540.825   243.023    16.99   16.71
-208164.378   243.007    -0.04   18.27
-207788.269   236.761   -16.61   26.04
-207412.506   220.707   -42.72   29.02
-207036.740   206.760   -37.12   23.71
-206660.971   210.102     8.89   26.00
-206285.198   219.437    24.84   25.79
-205909.422   230.657    29.86   23.07
-205533.642   237.312    17.71   23.77
-205157.859   240.167     7.59   19.62
-204782.072   240.997     2.21   22.32
-204406.282   237.096   -10.38   26.79
-204030.488   230.092   -18.64   28.14
-203654.691   218.810   -30.02   29.46
-203278.890   204.707   -37.52   30.19
-202903.086   179.923   -65.95   23.97
-202527.278   166.383   -36.03   22.02
-202151.467   154.681   -31.14   14.14
-201775.652   148.657   -16.03    5.02
-201399.834   149.248     1.57    7.04
-201024.013   154.605    14.25   11.09
-200648.187   162.023    19.74   14.61
-200272.359   176.076    37.39   27.96
-199896.527   190.788    39.14   32.58
-199520.691   204.657    36.90   30.48
-199144.852   216.918    32.62   23.61
-198769.009   220.761    10.23   22.11
-198393.163   218.302    -6.54   24.53
-198017.314   213.179   -13.63   27.30
-197641.460   207.528   -15.04   26.89
-197265.604   201.989   -14.73   23.04
-196889.744   202.679     1.84   18.59
-196513.880   201.761    -2.44   16.58
-196138.013   198.086    -9.78   15.64
-195762.142   194.523    -9.48   12.80
-195386.268   192.407    -5.63   10.68
-195010.390   189.329    -8.19    9.25
-194634.509   187.041    -6.09   12.93
-194258.624   184.786    -6.00   12.72
-193882.736   180.835   -10.51   11.75
-193506.844   178.086    -7.32    9.93
-193130.948   177.232    -2.27    9.11
-192755.050   175.312    -5.11    8.69
-192379.147   174.167    -3.05    9.63
-192003.241   172.410    -4.67   10.14
-191627.332   168.624   -10.07    6.98
-191251.419   169.733     2.95    7.44
-190875.502   172.271     6.75    7.23
-190499.582   174.402     5.67    7.11
-190123.658   176.788     6.35    6.66
-189747.731   176.626    -0.43    6.20
-189371.800   175.418    -3.21    6.58
-188995.866   173.082    -6.21    7.44
-188619.928   170.005    -8.19    6.94
-188243.986   166.707    -8.77    5.98
-187868.041   166.655    -0.14    6.12
-187492.093   167.912     3.35    6.06
-187116.141   169.572     4.41    6.20
-186740.185   172.132     6.81    6.05
-186364.226   173.681     4.12    5.11
-185988.263   174.113     1.15    5.01
-185612.297   173.221    -2.37    5.43
-185236.327   172.364    -2.28    4.90
-184860.353   172.553     0.50    4.86
-184484.376   173.194     1.70    4.44
-184108.395   173.096    -0.26    4.88
-183732.411   175.761     7.09    6.29
-183356.423   177.329     4.17    6.78
-182980.432   177.944     1.64    6.23
-182604.437   176.132    -4.82    6.75
-182228.439   174.248    -5.01    4.89
-181852.436   171.425    -7.51    5.70
-181476.431   168.549    -7.65    5.20
-181100.421   166.015    -6.74    3.85
-180724.408   165.383    -1.68    3.82
-180348.392   165.632     0.66    3.63
-179972.372   167.207     4.19    4.44
-179596.348   169.761     6.79    4.78
-179220.321   172.167     6.40    4.78
-178844.290   172.402     0.62    2.87
-178468.256   173.246     2.24    3.16
-178092.218   174.451     3.20    4.02
-177716.176   175.964     4.02    4.09
-177340.131   177.005     2.77    3.64
-176964.082   176.572    -1.15    3.82
-176588.029   175.312    -3.35    3.37
-176211.973   174.482    -2.21    3.11
-175835.913   174.788     0.81    3.77
-175459.850   174.938     0.40    4.50
-175083.783   174.365    -1.52    4.85
-174707.713   173.092    -3.39    4.95
-174331.638   173.113     0.06    4.00
-173955.561   173.982     2.31    4.08
-173579.479   175.944     5.22    4.51
-173203.394   178.791     7.57    3.38
-172827.305   181.383     6.89    3.19
-172451.213   181.653     0.72    3.29
-172075.117   180.989    -1.77    3.68
-171699.017   178.835    -5.73    4.71
-171322.914   176.422    -6.42    4.37
-170946.807   174.437    -5.28    3.91
-170570.697   172.815    -4.31    4.15
-170194.583   172.626    -0.50    3.47
-169818.465   174.132     4.00    4.46
-169442.344   176.599     6.56    5.19
-169066.219   178.997     6.37    4.94
-168690.090   179.839     2.24    4.70
-168313.957   178.682    -3.08    5.43
-167937.821   177.923    -2.02    5.09
-167561.682   178.307     1.02    5.09
-167185.538   179.207     2.39    5.60
-166809.392   181.291     5.54    4.96
-166433.241   183.842     6.78    5.74
-166057.087   188.275    11.78    6.26
-165680.929   192.630    11.58    6.79
-165304.767   197.682    13.43    7.85
-164928.602   203.964    16.70   13.93
-164552.433   218.005    37.32   26.77
-164176.260   225.599    20.19   31.70
-163800.084   228.437     7.54   30.02
-163423.904   233.582    13.68   29.24
-163047.720   241.464    20.95   31.23
-162671.533   268.912    72.96   45.25
-162295.342   289.734    55.35   38.50
-161919.147   299.912    27.06   29.20
-161542.949   303.140     8.58   24.93
-161166.747   304.374     3.28   28.27
-160790.541   322.734    48.80   45.75
-160414.332   361.041   101.82   59.40
-160038.119   394.418    88.72   63.13
-159661.902   405.978    30.73   54.56
-159285.681   387.348   -49.51   72.47
-158909.457   324.117  -168.06   84.67
-158533.229   264.041  -159.68   58.99
-158156.998   237.194   -71.35   36.10
-157780.763   242.275    13.50   40.05
-157404.524   255.140    34.19   39.37
-157028.281   258.425     8.73   34.13
-156652.035   254.140   -11.39   33.66
-156275.785   230.451   -62.96   28.49
-155899.531   212.861   -46.75   22.36
-155523.273   200.271   -33.46   18.67
-155147.012   188.950   -30.09   14.24
-154770.747   179.657   -24.70   11.99
-154394.478   174.286   -14.27    9.35
-154018.206   169.624   -12.39    3.88
-153641.930   168.066    -4.14    6.76
-153265.650   169.383     3.50   12.96
-152889.367   176.102    17.86   22.53
-152513.079   184.374    21.98   37.58
-152136.788   184.957     1.55   39.57
-151760.494   179.391   -14.79   34.64
-151384.195   166.549   -34.13   12.70
-151007.893   162.978    -9.49    8.30
-150631.587   160.964    -5.35    7.61
-150255.278   158.815    -5.71    4.90
-149878.964   156.989    -4.85    3.38
-149502.647   157.015     0.07    3.42
-149126.326   158.528     4.02    4.41
-148750.002   160.275     4.64    6.38
-148373.673   163.246     7.89    6.36
-147997.341   165.041     4.77    5.77
-147621.005   165.152     0.30    7.13
-147244.666   167.425     6.04    7.97
-146868.323   167.815     1.04    6.88
-146491.975   169.348     4.07    6.76
-146115.625   171.605     6.00    7.21
-145739.270   172.457     2.27    6.29
-145362.912   172.760     0.80    7.14
-144986.550   173.167     1.08    7.01
-144610.184   171.518    -4.38    7.27
-144233.814   171.374    -0.38    7.28
-143857.441   169.896    -3.93    8.07
-143481.063   166.810    -8.20    7.32
-143104.682   164.041    -7.36    7.64
-142728.298   161.181    -7.60    5.53
-142351.909   160.207    -2.59    4.95
-141975.517   163.656     9.16   10.18
-141599.121   168.476    12.81   11.07
-141222.721   173.248    12.68    9.31
-140846.317   174.682     3.81    7.57
-140469.910   175.761     2.87    7.69
-140093.499   177.964     5.85    8.15
-139717.084   180.194     5.93    7.83
-139340.665   183.395     8.50    7.30
-138964.243   183.656     0.69    7.57
-138587.816   184.181     1.39    7.79
-138211.386   187.383     8.51    7.01
-137834.952   191.464    10.84    6.51
-137458.515   196.179    12.53    5.39
-137082.073   198.143     5.22    4.64
-136705.628   199.246     2.93    4.36
-136329.179   200.444     3.18    4.57
-135952.726   201.117     1.79    4.95
-135576.269   203.476     6.27    5.48
-135199.808   203.246    -0.61    5.47
-134823.344   203.194    -0.14    5.51
-134446.876   203.476     0.75    6.43
-134070.404   204.680     3.20    6.49
-133693.928   207.970     8.74    4.89
-133317.448   209.760     4.75    4.48
-132940.965   211.488     4.59    4.06
-132565.076   211.579     0.24    3.74
-132189.351   210.891    -1.83    4.40
-131813.621   208.997    -5.04    5.77
-131437.888   204.842   -11.06    6.32
-131062.152   202.374    -6.57    5.97
-130686.411   201.810    -1.50    6.37
-130310.667   202.066     0.68    6.28
-129934.918   201.302    -2.03    6.64
-129559.166   201.220    -0.22    5.74
-129183.410   199.707    -4.03    5.64
-128807.651   196.015    -9.83    7.16
-128431.887   193.545    -6.57    6.97
-128056.120   193.143    -1.07    6.23
-127680.348   197.032    10.35    9.31
-127304.573   203.234    16.50   10.34
-126928.795   206.839     9.59    9.94
-126553.012   207.145     0.81    8.55
-126177.225   205.989    -3.07    7.43
-125801.435   205.339    -1.73    6.31
-125425.641   204.497    -2.24    5.82
-125049.843   204.842     0.92    5.29
-124674.041   206.068     3.26    5.75
-124298.235   207.861     4.77    6.18
-123922.426   208.041     0.48    6.25
-123546.612   209.549     4.01    6.60
-123170.795   212.451     7.72    8.07
-122794.974   215.348     7.71    9.32
-122419.149   215.835     1.30    9.61
-122043.320   217.464     4.33    9.80
-121667.487   219.682     5.90    8.55
-121291.651   222.653     7.91    9.29
-120915.810   224.117     3.90    9.15
-120539.966   227.374     8.66    8.95
-120164.118   226.301    -2.85    8.29
-119788.266   224.041    -6.01    8.10
-119412.410   222.518    -4.05    8.11
-119036.550   220.497    -5.38    6.23
-118660.687   219.329    -3.11    6.80
-118284.819   219.179    -0.40    7.65
-117908.948   217.759    -3.78    8.71
-117533.072   214.784    -7.91    8.92
-117157.193   214.523    -0.69    9.17
-116781.310   218.964    11.81    9.88
-116405.423   221.400     6.48    9.89
-116029.533   223.707     6.14   10.85
-115653.638   228.221    12.01   12.64
-115277.739   228.989     2.04   12.63
-114901.837   228.896    -0.25   11.70
-114525.931   231.220     6.18   12.20
-114150.020   227.835    -9.00   12.09
-113774.106   229.192     3.61   13.26
-113398.188   232.323     8.33   14.30
-113022.266   239.329    18.64   19.65
-112646.341   244.812    14.59   20.52
-112270.411   248.248     9.14   16.64
-111894.477   247.541    -1.88   14.79
-111518.540   242.784   -12.65   15.27
-111142.598   236.630   -16.37   12.69
-110766.653   231.128   -14.63    8.59
-110390.704   230.194    -2.48    7.63
-110014.751   228.528    -4.43    6.79
-109638.794   225.784    -7.30    7.71
-109262.833   222.032    -9.98    6.84
-108886.868   222.451     1.12    7.23
-108510.899   222.763     0.83    6.25
-108134.926   222.348    -1.10    7.21
-107758.949   221.207    -3.03    6.30
-107382.969   220.647    -1.49    6.01
-107006.984   222.964     6.16    6.64
-106630.996   225.815     7.58    5.99
-106255.003   226.339     1.39    6.15
-105879.007   224.113    -5.92    4.19
-105503.007   223.096    -2.70    3.53
-105127.003   224.887     4.76    4.48
-104750.994   226.912     5.39    5.76
-104374.982   230.234     8.83    5.61
-103998.966   233.246     8.01    5.09
-103622.946   236.194     7.84    5.79
-103246.922   239.323     8.32    7.50
-102870.895   244.626    14.10    7.14
-102494.863   251.092    17.19   12.08
-102118.827   259.957    23.58   16.71
-101742.787   268.497    22.71   18.06
-101366.744   276.582    21.50   15.49
-100990.696   279.764     8.46   11.60
-100614.644   279.194    -1.52    9.51
-100238.589   279.005    -0.50    7.10
 -99862.529   281.842     7.55    9.14
 -99486.466   286.032    11.14   10.21
 -99110.399   289.541     9.33    9.07
 -98734.327   293.582    10.75   10.74
 -98358.252   298.015    11.79   12.16
 -97982.172   303.312    14.09   12.37
 -97606.089   309.092    15.37   13.27
 -97230.002   311.246     5.73   12.37
 -96853.911   311.835     1.57   12.13
 -96477.815   312.113     0.74   10.61
 -96101.716   310.425    -4.49    8.85
 -95725.613   312.346     5.11   10.77
 -95349.506   316.207    10.27   13.98
 -94973.394   318.782     6.85   12.15
 -94597.279   317.050    -4.61   13.09
 -94221.160   313.041   -10.66   12.50
 -93845.037   301.383   -30.99   15.75
 -93468.910   290.383   -29.24   16.60
 -93092.779   278.815   -30.75   14.26
 -92716.644   269.568   -24.58   11.18
 -92340.504   260.832   -23.23   10.16
 -91964.361   257.912    -7.76    6.76
 -91588.214   260.655     7.29    9.42
 -91212.063   266.169    14.66   10.75
 -90835.908   271.143    13.22    9.13
 -90459.749   275.835    12.47    7.82
 -90083.586   277.023     3.16    7.43
 -89707.418   276.733    -0.77    8.73
 -89331.247   277.734     2.66   12.67
 -88955.072   278.049     0.84   14.17
 -88578.893   282.307    11.32   14.91
 -88202.709   285.707     9.04   12.26
 -87826.522   290.066    11.59   11.67
 -87450.331   294.869    12.77    8.69
 -87074.136   294.329    -1.44   10.06
 -86697.936   293.734    -1.58   10.70
 -86321.733   291.818    -5.09    9.59
 -85945.525   290.832    -2.62    8.12
 -85569.314   291.057     0.60    7.65
 -85193.099   294.602     9.42    7.38
 -84816.879   301.041    17.11   11.22
 -84440.656   308.297    19.29   11.87
 -84064.428   313.810    14.65    9.26
 -83688.196   317.076     8.68    7.25
 -83311.961   317.784     1.88    6.88
 -82935.721   315.978    -4.80    5.96
 -82559.477   314.234    -4.64    6.58
 -82183.229   313.169    -2.83    7.28
 -81806.978   312.152    -2.70    6.60
 -81430.722   314.451     6.11    5.26
 -81054.462   316.734     6.07    5.98
 -80678.198   319.113     6.32    5.88
 -80301.930   322.545     9.12    5.10
 -79925.658   323.985     3.83    4.12
 -79549.381   323.082    -2.40    4.61
 -79173.101   324.757     4.45    7.30
 -78796.817   326.549     4.76    7.96
 -78420.528   331.015    11.87   11.07
 -78044.236   333.102     5.55   10.08
 -77667.939   336.169     8.15   12.82
 -77291.639   340.041    10.29   15.56
 -76915.334   341.117     2.86   15.11
 -76539.026   342.410     3.43   10.85
 -76162.713   342.835     1.13    9.11
 -75786.396   344.282     3.84    7.53
 -75410.075   347.923     9.68    8.78
 -75033.750   352.759    12.85   14.57
 -74657.421   368.923    42.95   33.47
 -74281.087   391.275    59.39   40.96
 -73904.750   395.194    10.41   40.98
 -73528.409   387.707   -19.89   34.87
 -73152.063   373.932   -36.60   22.18
 -72775.714   385.282    30.16   46.37
 -72399.360   417.167    84.72   73.58
 -72023.002   444.457    72.51   74.64
 -71646.640   465.470    55.83   67.88
 -71270.274   449.707   -41.88   73.04
 -70893.904   403.400  -123.04   44.33
 -70517.530   382.365   -55.89   25.23
 -70141.152   384.470     5.59   37.71
 -69764.769   392.759    22.02   48.59
 -69388.383   400.457    20.45   53.21
 -69011.992   392.599   -20.88   45.39
 -68635.597   380.232   -32.86   32.32
 -68259.198   376.220   -10.66   16.66
 -67882.795   380.513    11.40   16.42
 -67506.388   399.572    50.63   27.47
 -67129.977   434.291    92.23   50.48
 -66753.562   486.220   137.96   76.97
 -66377.142   530.032   116.39   64.65
 -66000.719   554.464    64.90   46.04
 -65624.291   566.032    30.73   22.81
 -65247.859   570.113    10.84   18.29
 -64871.423   578.470    22.20   23.51
 -64494.983   592.784    38.02   32.68
 -64118.539   611.102    48.66   33.42
 -63742.090   618.944    20.83   33.52
 -63365.638   616.497    -6.50   37.28
 -62989.181   607.957   -22.68   37.47
 -62612.720   592.167   -41.94   21.51
 -62236.255   594.244     5.52   20.41
 -61859.786   596.143     5.04   20.00
 -61483.313   586.923   -24.49   20.35
 -61106.835   582.005   -13.07   17.80
 -60730.354   574.113   -20.96   19.65
 -60353.868   564.964   -24.30   20.21
 -59977.378   565.759     2.11   21.86
 -59600.884   567.179     3.77   21.53
 -59224.386   575.169    21.22   24.04
 -58847.884   585.418    27.22   19.75
 -58471.377   589.059     9.67   24.58
 -58094.866   574.835   -37.78   33.13
 -57718.403   556.234   -49.41   33.30
 -57342.711   542.271   -37.16   23.87
 -56967.015   538.234   -10.75   25.20
 -56591.315   545.332    18.89   28.19
 -56215.610   547.545     5.89   30.75
 -55839.902   545.927    -4.31   31.12
 -55464.189   538.169   -20.65   20.52
 -55088.472   521.152   -45.29   30.26
 -54712.751   495.113   -69.30   44.24
 -54337.026   459.275   -95.38   46.88
 -53961.296   434.297   -66.48   32.65
 -53585.563   426.502   -20.75   21.64
 -53209.825   436.207    25.83   31.93
 -52834.083   460.938    65.82   35.90
 -52458.337   491.464    81.24   38.31
 -52082.587   521.491    79.91   41.36
 -51706.832   530.157    23.06   34.57
 -51331.074   535.950    15.42   31.15
 -50955.311   524.234   -31.18   27.92
 -50579.544   509.865   -38.24   20.40
 -50203.773   501.982   -20.98   25.03
 -49827.997   500.545    -3.82   28.78
 -49452.218   494.268   -16.70   27.28
 -49076.434   481.066   -35.13   22.06
 -48700.646   478.302    -7.36   21.10
 -48324.854   472.950   -14.24   19.60
 -47949.058   469.194   -10.00   21.13
 -47573.257   466.528    -7.09   30.52
 -47197.452   458.066   -22.52   36.04
 -46821.644   448.207   -26.23   33.78
 -46445.830   440.391   -20.80   30.99
 -46070.013   435.707   -12.46   25.68
 -45694.192   436.128     1.12   22.30
 -45318.366   440.832    12.52   24.94
 -44942.536   442.113     3.41   24.51
 -44566.702   445.891    10.05   26.02
 -44190.863   448.576     7.14   24.74
 -43815.021   441.502   -18.82   18.97
 -43439.174   436.572   -13.12   13.28
 -43063.323   442.032    14.53   18.57
 -42687.468   444.246     5.89   24.43
 -42311.608   435.059   -24.44   33.08
 -41935.744   419.923   -40.27   38.83
 -41559.877   395.041   -66.20   26.69
 -41184.004   383.374   -31.04   13.67
 -40808.128   376.964   -17.05   12.33
 -40432.247   372.985   -10.58   13.78
 -40056.363   371.049    -5.15   15.99
 -39680.473   368.207    -7.56   18.51
 -39304.580   372.155    10.50   25.32
 -38928.683   371.082    -2.85   26.11
 -38552.781   368.626    -6.53   25.59
 -38176.875   373.425    12.77   28.54
 -37800.964   372.418    -2.68   28.18
 -37425.050   373.656     3.29   27.74
 -37049.131   378.491    12.86   29.16
 -36673.208   365.657   -34.14   31.13
 -36297.281   358.545   -18.92   27.62
 -35921.349   356.005    -6.76   29.91
 -35545.413   346.464   -25.38   24.17
 -35169.473   345.124    -3.56   23.54
 -34793.529   339.169   -15.84   21.80
 -34417.580   327.707   -30.49   16.67
 -34041.627   321.896   -15.46   15.77
 -33665.670   314.418   -19.89   13.48
 -33289.709   313.652    -2.04   14.30
 -32913.743   317.102     9.18   19.32
 -32537.773   316.682    -1.12   19.83
 -32161.799   318.221     4.09   22.10
 -31785.821   319.938     4.57   26.35
 -31409.838   311.076   -23.57   41.71
 -31033.851   288.964   -58.81   58.11
 -30657.859   253.788   -93.55   64.42
 -30281.864   228.332   -67.70   48.10
 -29905.864   202.545   -68.58   40.71
 -29529.860   178.437   -64.12   59.21
 -29153.851   147.842   -81.37   66.95
 -28777.839   114.513   -88.64   39.80
 -28401.822   117.630     8.29   44.98
 -28025.800   164.528   124.72   76.76
 -27649.775   216.572   138.41   78.92
 -27273.745   258.707   112.05   52.47
 -26897.710   262.179     9.23   51.38
 -26521.672   231.682   -81.10   66.78
 -26145.629   172.658  -156.96   69.47
 -25769.582   128.896  -116.37   55.32
 -25393.530    97.220   -84.23   35.87
 -25017.475    78.944   -48.60   13.53
 -24641.415    67.964   -29.20   18.70
 -24265.350    59.896   -21.45   16.58
 -23889.282    56.832    -8.15   12.35
 -23513.209    56.221    -1.63   10.39
 -23137.131    58.572     6.25    9.40
 -22761.050    58.041    -1.41   13.52
 -22384.964    53.652   -11.67   15.50
 -22008.873    52.502    -3.06   16.86
 -21632.779    45.912   -17.52   19.65
 -21256.680    41.140   -12.69   18.90
 -20880.577    31.707   -25.08   17.95
 -20504.469    24.735   -18.54   14.66
 -20128.357    21.348    -9.00   10.46
 -19752.241    18.268    -8.19    4.90
 -19376.120    18.518     0.66    4.00
 -18999.995    19.582     2.83    2.52
 -18623.866    19.760     0.47    1.72
 -18247.732    19.297    -1.23    1.83
 -17871.594    19.383     0.23    2.04
 -17495.452    19.282    -0.27    1.77
 -17119.305    19.356     0.20    1.57
 -16743.154    18.602    -2.00    2.13
 -16366.999    16.707    -5.04    4.15
 -15990.839    16.568    -0.37    5.46
 -15614.675    14.733    -4.88    7.45
 -15238.507    12.605    -5.66    9.38
 -14862.334    12.842     0.63    9.64
 -14486.157     9.896    -7.83    8.22
 -14109.975     7.248    -7.04    4.99
 -13733.790     5.707    -4.10    5.94
 -13357.599     3.000    -7.20    5.05
 -12981.405     0.707    -6.09    2.90
 -12605.206    -0.318    -2.72    0.16
 -12229.003    -0.319    -0.00    0.16
 -11852.795     0.297     1.64    2.04
 -11476.583     0.579     0.75    2.41
 -11100.366     0.964     1.02    2.81
 -10724.145     1.068     0.28    2.85
 -10347.920     0.734    -0.89    2.17
  -9971.691    -0.193    -2.46    1.75
  -9595.457     0.032     0.60    2.53
  -9219.218     0.117     0.23    2.62
  -8842.975     0.400     0.75    2.44
  -8466.728     0.788     1.03    2.01
  -8090.477     0.545    -0.65    1.79
  -7714.221     0.707     0.43    2.30
  -7337.960     0.784     0.20    2.18
  -6961.696     0.607    -0.47    1.60
  -6585.427     0.680     0.19    1.88
  -6209.153     0.707     0.07    1.89
  -5832.875     0.339    -0.98    1.53
  -5456.593     0.023    -0.84    1.02
  -5080.306     0.297     0.73    1.39
  -4704.015     0.400     0.27    1.42
  -4327.719     0.812     1.10    1.72
  -3951.419     0.707    -0.28    1.59
  -3575.115     0.307    -1.06    1.57
  -3198.806     0.302    -0.01    1.59
  -2822.493     0.682     1.01    1.64
  -2446.175     1.015     0.88    1.56
  -2069.853     1.568     1.47    1.27
  -1693.527     1.626     0.15    1.36
  -1317.196     1.140    -1.29    1.41
   -940.861     0.759    -1.01    1.45
   -564.521     0.207    -1.46    1.24
   -188.177    -0.104    -0.83    0.88
    188.172     0.182     0.76    1.26
    564.525     0.602     1.12    1.66
    940.883     1.383     2.07    2.11
   1317.245     2.425     2.77    3.09
   1693.611     3.759     3.54    4.39
   2069.982     6.246     6.61    4.29
   2446.357     7.391     3.04    3.63
   2822.737     7.582     0.51    3.32
   3199.121     5.545    -5.41    3.83
   3575.510     5.195    -0.93    3.51
   3951.903     4.759    -1.16    2.86
   4328.300     5.568     2.15    2.40
   4704.702     5.978     1.09    2.13
   5081.109     5.842    -0.36    1.86
   5457.519     5.553    -0.77    1.87
   5833.935     5.323    -0.61    1.71
   6210.355     5.791     1.24    1.59
   6586.779     5.451    -0.90    1.46
   6963.208     4.839    -1.63    1.66
   7339.641     4.167    -1.79    1.50
   7716.078     4.579     1.10    1.88
   8092.521     4.628     0.13    2.03
   8468.967     4.733     0.28    1.86
   8845.418     4.734     0.00    1.95
   9221.874     4.007    -1.93    1.40
   9598.334     3.761    -0.65    1.31
   9974.798     4.097     0.89    1.46
  10351.268     4.246     0.39    1.41
  10727.741     4.596     0.93    1.37
  11104.219     4.572    -0.06    1.49
  11480.701     4.464    -0.29    1.46
  11857.188     4.549     0.23    1.95
  12233.680     4.297    -0.67    2.48
  12610.176     3.950    -0.92    2.74
  12986.676     4.015     0.17    2.74
  13363.181     3.707    -0.82    2.48
  13739.691     4.113     1.08    1.96
  14116.205     4.348     0.63    1.65
  14492.723     4.545     0.52    1.92
  14869.246     4.297    -0.66    1.96
  15245.774     3.784    -1.36    2.01
  15622.306     3.835     0.14    1.84
  15998.842     3.626    -0.56    1.72
  16375.383     3.348    -0.74    1.86
  16751.929     3.102    -0.65    2.20
  17128.479     2.152    -2.52    2.12
  17504.724     1.630    -1.39    2.30
  17880.377     1.086    -1.45    2.29
  18256.034     0.760    -0.87    2.43
  18631.696     0.733    -0.07    2.53
  19007.363     1.020     0.76    2.22
  19383.034     1.444     1.13    2.77
  19758.709     1.128    -0.84    2.90
  20134.389     0.680    -1.19    2.82
  20510.074     0.400    -0.75    3.20
  20885.763    -0.428    -2.20    2.39
  21261.456    -0.568    -0.37    1.83
  21637.154    -0.754    -0.50    2.04
  22012.857    -0.831    -0.20    2.08
  22388.564    -1.347    -1.37    2.33
  22764.275    -1.493    -0.39    2.46
  23139.991    -0.872     1.65    3.21
  23515.712    -0.348     1.39    3.41
  23891.437     1.528     4.99    4.41
  24267.167     1.680     0.41    4.76
  24642.901     1.246    -1.16    4.77
  25018.640     1.297     0.14    4.72
  25394.383     0.650    -1.72    4.24
  25770.131    -0.022    -1.79    3.70
  26145.883    -0.293    -0.72    3.39
  26521.640    -1.319    -2.73    2.34
  26897.402    -1.418    -0.26    2.38
  27273.168    -1.671    -0.67    2.35
  27648.938    -2.068    -1.06    2.19
  28024.713    -2.036     0.08    2.19
  28400.493    -1.883     0.41    2.01
  28776.277    -1.725     0.42    1.98
  29152.066    -1.267     1.22    1.83
  29527.859    -1.582    -0.84    2.07
  29903.657    -2.126    -1.45    2.43
  30279.459    -2.241    -0.31    2.82
  30655.266    -2.682    -1.17    2.56
  31031.078    -2.524     0.42    2.52
  31406.894    -2.883    -0.96    2.31
  31782.715    -4.209    -3.53    1.36
  32158.540    -3.536     1.79    2.25
  32534.370    -2.833     1.87    2.66
  32910.204    -2.908    -0.20    2.79
  33286.043    -2.951    -0.11    2.83
  33661.887    -3.185    -0.62    2.95
  34037.735    -3.943    -2.02    2.67
  34413.587    -3.766     0.47    2.63
  34789.445    -3.530     0.63    2.57
  35165.306    -3.503     0.07    2.16
  35541.173    -3.549    -0.12    2.07
  35917.044    -4.503    -2.54    1.68
  36292.919    -5.131    -1.67    1.17
  36668.800    -5.293    -0.43    1.04
  37044.684    -5.428    -0.36    1.13
  37420.574    -5.318     0.29    1.31
  37796.468    -5.190     0.34    1.92
  38172.366    -5.590    -1.06    1.37
  38548.270    -5.671    -0.22    1.44
  38924.177    -5.752    -0.22    1.41
  39300.090    -5.626     0.34    1.38
  39676.007    -5.268     0.95    2.24
  40051.928    -4.482     2.09    2.84
  40427.854    -3.943     1.43    2.92
  40803.785    -3.556     1.03    3.14
  41179.721    -3.661    -0.28    2.89
  41555.661    -4.165    -1.34    2.73
  41931.605    -4.447    -0.75    2.10
  42307.555    -4.951    -1.34    1.55
  42683.509    -5.056    -0.28    1.95
  43059.467    -4.993     0.17    1.94
  43435.430    -4.806     0.50    1.99
  43811.398    -4.143     1.76    2.46
  44187.370    -3.843     0.80    2.50
  44563.347    -4.154    -0.83    2.52
  44939.329    -4.725    -1.52    2.43
  45315.315    -5.321    -1.58    2.67
  45691.306    -5.468    -0.39    2.74
  46067.302    -5.368     0.27    2.79
  46443.302    -5.556    -0.50    2.73
  46819.307    -5.468     0.23    2.53
  47195.316    -5.688    -0.58    1.81
  47571.331    -5.703    -0.04    1.79
  47947.349    -5.857    -0.41    1.67
  48323.373    -5.898    -0.11    1.39
  48699.401    -6.135    -0.63    1.15
  49075.434    -5.845     0.77    1.27
  49451.471    -5.693     0.41    1.19
  49827.513    -5.671     0.06    1.32
  50203.560    -5.493     0.47    1.29
  50579.611    -5.524    -0.08    1.06
  50955.667    -5.626    -0.27    1.01
  51331.728    -5.509     0.31    1.25
  51707.793    -5.571    -0.16    1.23
  52083.863    -5.524     0.13    1.22
  52459.938    -5.918    -1.05    1.27
  52836.017    -6.077    -0.42    1.16
  53212.101    -5.857     0.58    1.29
  53588.190    -5.876    -0.05    1.38
  53964.283    -5.780     0.26    1.39
  54340.381    -5.729     0.14    1.48
  54716.484    -5.503     0.60    1.77
  55092.592    -5.503     0.00    1.68
  55468.704    -5.214     0.77    1.62
  55844.820    -5.118     0.26    1.52
  56220.942    -5.698    -1.54    1.07
  56597.068    -5.512     0.49    1.21
  56973.199    -5.088     1.13    1.15
  57349.335    -4.968     0.32    1.13
  57725.475    -5.131    -0.43    1.26
  58101.620    -5.131     0.00    1.32
  58477.769    -5.011     0.32    1.45
  58853.924    -5.036    -0.07    1.48
  59230.083    -4.959     0.20    1.37
  59606.247    -5.056    -0.26    1.58
  59982.415    -5.098    -0.11    1.39
  60358.588    -5.188    -0.24    1.43
  60734.766    -5.168     0.05    1.40
  61110.949    -5.401    -0.62    1.20
  61487.136    -5.088     0.83    1.22
  61863.328    -5.030     0.15    1.06
  62239.525    -4.934     0.25    1.20
  62615.726    -4.752     0.48    1.17
  62991.932    -4.818    -0.17    1.24
  63368.143    -4.582     0.63    1.54
  63744.359    -4.266     0.84    1.69
  64120.579    -4.347    -0.22    1.79
  64496.804    -4.765    -1.11    1.87
  64873.034    -5.011    -0.65    1.49
  65249.269    -5.395    -1.02    1.48
  65625.508    -4.725     1.78    2.92
  66001.752    -4.266     1.22    2.95
  66378.001    -3.209     2.81    4.68
  66754.254    -3.372    -0.43    4.12
  67130.513    -4.018    -1.72    3.62
  67506.776    -4.887    -2.31    1.54
  67883.043    -5.088    -0.53    1.64
  68259.316    -5.398    -0.82    1.54
  68635.593    -5.241     0.42    2.04
  69011.875    -4.482     2.02    3.20
  69388.162    -3.093     3.69    4.02
  69764.453    -1.845     3.31    4.12
  70140.750    -1.536     0.82    4.10
  70517.051    -2.872    -3.55    3.89
  70893.357    -5.043    -5.77    1.40
  71269.667    -5.524    -1.28    1.18
  71645.982    -5.703    -0.48    1.16
  72022.302    -5.590     0.30    1.27
  72398.627    -5.617    -0.07    1.27
  72774.957    -5.374     0.65    1.53
  73151.291    -5.472    -0.26    2.15
  73527.631    -5.854    -1.01    2.17
  73903.974    -6.077    -0.59    2.29
  74280.323    -6.168    -0.24    2.13
  74656.677    -6.451    -0.75    1.52
  75033.035    -6.687    -0.63    1.26
  75409.398    -6.714    -0.07    1.41
  75785.766    -6.472     0.64    1.65
  76162.139    -5.661     2.16    1.94
  76538.516    -5.374     0.76    1.75
  76914.898    -5.493    -0.32    1.45
  77291.285    -5.845    -0.94    1.39
  77667.677    -6.043    -0.52    1.19
  78044.074    -5.934     0.29    1.39
  78420.475    -5.821     0.30    1.23
  78796.881    -5.617     0.54    1.18
  79173.292    -5.682    -0.17    1.08
  79549.708    -5.524     0.42    1.22
  79926.129    -5.243     0.75    1.06
  80302.554    -5.158     0.23    1.16
  80678.984    -5.093     0.17    1.34
  81055.420    -5.139    -0.12    1.20
  81431.859    -4.898     0.64    1.44
  81808.304    -4.635     0.70    1.81
  82184.754    -4.370     0.70    2.30
  82561.208    -3.677     1.84    3.15
  82937.667    -3.582     0.25    3.56
  83314.131    -3.218     0.97    3.58
  83690.600    -3.924    -1.88    2.66
  84067.074    -4.793    -2.31    1.59
  84443.552    -5.068    -0.73    1.42
  84820.035    -4.536     1.41    3.37
  85196.523    -3.806     1.94    4.50
  85573.016    -2.995     2.15    5.15
  85949.514    -0.113     7.66    6.43
  86326.017     1.835     5.18    6.85
  86702.524     1.896     0.16    6.86
  87079.037     0.117    -4.72    6.79
  87455.554    -2.740    -7.59    5.97
  87832.076    -5.266    -6.71    1.32
  88208.603    -5.395    -0.34    1.07
  88585.134    -5.216     0.48    1.01
  88961.671    -5.011     0.54    1.23
  89338.212    -5.082    -0.19    1.42
  89714.759    -4.943     0.37    1.75
  90091.310    -4.671     0.72    2.07
  90467.866    -4.683    -0.03    2.06
  90844.427    -5.062    -1.01    1.88
  91220.992    -5.348    -0.76    1.85
  91597.563    -5.293     0.15    1.75
  91974.138    -4.740     1.47    1.59
  92350.719    -4.398     0.91    1.43
  92726.712    -4.395     0.01    1.29
  93102.336    -4.535    -0.37    1.39
  93477.965    -1.831     7.20    5.11
  93853.598     0.997     7.53    5.60
  94229.237     3.869     7.65    4.65
  94604.880     6.357     6.62    1.42
  94980.529     6.312    -0.12    1.13
  95356.182     6.656     0.91    1.41
  95731.840     7.102     1.19    1.41
  96107.503     7.553     1.20    1.29
  96483.171     7.464    -0.24    1.30
  96858.843     6.756    -1.88    1.45
  97234.521     5.628    -3.00    1.88
  97610.203     4.791    -2.23    1.61
  97985.890     4.155    -1.69    1.35
  98361.582     3.788    -0.97    1.21
  98737.279     4.220     1.15    1.59
  99112.981     5.528     3.48    2.47
  99488.688     6.568     2.77    2.83
  99864.399     7.086     1.38    2.75
 100240.116     6.329    -2.01    3.39
 100615.837     6.066    -0.70    3.13
 100991.564     5.632    -1.16    2.86
 101367.295     5.978     0.92    2.64
 101743.031     5.807    -0.45    2.49
 102118.772     5.128    -1.81    2.80
 102494.518     5.092    -0.10    2.43
 102870.268     5.086    -0.02    3.00
 103246.024     5.857     2.05    3.00
 103621.784     6.365     1.35    2.86
 103997.550     6.302    -0.17    3.01
 104373.320     6.181    -0.32    2.89
 104749.095     5.491    -1.84    2.43
 105124.876     6.041     1.46    2.44
 105500.661     5.605    -1.16    2.72
 105876.451     3.923    -4.47    4.24
 106252.245     1.978    -5.18    4.84
 106628.045     1.275    -1.87    4.44
 107003.850     0.938    -0.90    4.15
 107379.659     1.927     2.63    4.11
 107755.474     3.599     4.45    3.57
 108131.294     4.582     2.62    3.37
 108507.118     6.365     4.74    4.81
 108882.947     9.015     7.05    5.38
 109258.781     8.707    -0.82    7.27
 109634.621     7.169    -4.09    8.58
 110010.465     4.628    -6.76    9.37
 110386.314     1.365    -8.68    9.17
 110762.168    -2.370    -9.94    7.57
 111138.027    -4.833    -6.55    5.15
 111513.891    -5.165    -0.88    4.63
 111889.759    -3.216     5.18    6.93
 112265.633    -0.617     6.91    8.01
 112641.512     2.437     8.13    8.45
 113017.395     4.485     5.45    7.57
 113393.284     7.182     7.18    4.65
 113769.177     8.457     3.39    2.82
 114145.076     8.970     1.37    2.09
 114520.979     8.907    -0.17    2.03
 114896.888     8.812    -0.25    2.74
 115272.801     8.348    -1.24    3.29
 115648.719     8.041    -0.82    3.69
 116024.643     8.374     0.89    3.32
 116400.571     8.491     0.31    3.33
 116776.504     8.451    -0.11    3.19
 117152.442     8.482     0.08    2.76
 117528.386     9.194     1.89    2.65
 117904.334     9.332     0.37    2.49
 118280.287     9.049    -0.75    2.58
 118656.245     9.707     1.75    2.12
 119032.208     9.842     0.36    2.06
 119408.176     9.652    -0.51    2.06
 119784.149     9.557    -0.25    2.12
 120160.127     9.502    -0.15    1.99
 120536.110     9.329    -0.46    2.15
 120912.098     9.400     0.19    2.26
 121288.091     8.950    -1.19    2.20
 121664.089     9.169     0.58    2.19
 122040.092     9.286     0.31    2.14
 122416.100     9.374     0.23    1.94
 122792.113     9.523     0.40    2.20
 123168.130     9.041    -1.28    2.29
 123544.153     9.171     0.35    1.99
 123920.181     8.791    -1.01    2.10
 124296.214     9.332     1.44    1.88
 124672.252     9.918     1.56    2.08
 125048.295    10.653     1.96    2.01
 125424.343    11.383     1.94    1.63
 125800.396    11.850     1.24    1.50
 126176.454    12.297     1.19    1.55
 126552.517    12.194    -0.27    1.75
 126928.585    12.113    -0.22    1.77
 127304.658    11.861    -0.67    1.61
 127680.736    11.791    -0.19    1.57
 128056.819    12.246     1.21    1.67
 128432.907    12.143    -0.27    1.64
 128809.001    11.734    -1.09    1.79
 129185.099    10.656    -2.87    2.32
 129561.202     9.220    -3.82    2.34
 129937.310     8.782    -1.16    2.42
 130313.423     8.302    -1.28    2.69
 130689.542     8.630     0.87    3.07
 131065.665     8.194    -1.16    3.25
 131441.793     8.015    -0.48    2.83
 131817.927     7.497    -1.38    2.33
 132194.065     6.582    -2.43    1.83
 132570.209     6.759     0.47    1.90
 132946.357     6.286    -1.26    1.67
 133322.511     5.839    -1.19    1.79
 133698.670     5.861     0.06    1.66
 134074.833     5.707    -0.41    1.55
 134451.002     4.784    -2.45    2.44
 134827.176     3.553    -3.27    3.59
 135203.355     1.207    -6.24    4.35
 135579.539    -0.193    -3.72    3.89
 135955.728     0.143     0.89    4.47
 136331.922     0.476     0.89    4.31
 136708.121     0.869     1.04    3.73
 137084.325    -0.267    -3.02    3.54
 137460.535    -2.725    -6.53    2.41
 137836.749    -3.477    -2.00    1.67
 138212.968    -3.543    -0.17    1.85
 138589.193    -1.093     6.51    5.14
 138965.423     1.194     6.08    7.12
 139341.657     0.653    -1.44    8.62
 139717.897    -0.455    -2.95    8.96
 140094.142    -0.320     0.36    9.01
 140470.392     2.235     6.79    9.48
 140846.647     2.532     0.79    9.28
 141222.907     1.835    -1.85    9.70
 141599.172     0.944    -2.37   10.71
 141975.442     3.810     7.62   12.78
 142351.718     6.425     6.95   13.03
 142727.998    12.246    15.47   10.63
 143104.284    15.444     8.50    5.90
 143480.575    15.579     0.36    4.19
 143856.870    13.572    -5.33    4.52
 144233.171    12.656    -2.43    4.50
 144609.477    12.657     0.00    5.07
 144985.788    11.679    -2.60    5.83
 145362.105    11.297    -1.02    6.35
 145738.426    10.518    -2.07    5.83
 146114.752    11.167     1.72    4.82
 146491.084    11.356     0.50    4.84
 146867.421    10.874    -1.28    5.94
 147243.762    12.107     3.28    3.92
