# NaN NaN NaN ;Mean Elev.(m), Avg Gradient(m/km), RMS Gradient(m/km) - SRTM1     
#   96.394   0.380   7.773 ;Mean Elev.(m), Avg Gradient(m/km), RMS Gradient(m/km) - ASTER GDEM
#   82.113  -3.858  18.845 ;Mean Elev.(m), Avg Gradient(m/km), RMS Gradient(m/km) - GMTED2010 
  7    88.195 52445.60518421 41.56 292.751175   3.972935 17.691
  7    88.465 52445.60518485 43.43 292.750445   3.969625 17.691
  7    88.230 52445.60518550 43.85 292.749715   3.966325 17.691
  8    89.555 52480.60517687 39.72 292.756000   3.968371 16.849
  8    89.644 52480.60517752 39.51 292.755270   3.965071 16.849
  8    89.786 52480.60517816 45.71 292.754550   3.961761 16.849
  9    88.304 52515.60512709 30.39 292.764793   3.966241 16.526
  9    88.567 52515.60512773 38.86 292.764063   3.962931 16.526
  9    88.504 52515.60512837 46.44 292.763333   3.959621 16.526
 10    86.071 52550.60517342 44.32 292.756543   3.970050 15.127
 10    86.144 52550.60517407 49.32 292.755813   3.966740 15.127
 10    86.130 52550.60517471 48.29 292.755093   3.963440 15.127
 10    86.226 52550.60517536 45.51 292.754363   3.960130 15.127
 11    85.142 52585.60514765 43.83 292.768351   3.966150 12.760
 11    84.846 52585.60514829 36.49 292.767621   3.962840 12.760
 11    84.967 52585.60514894 32.20 292.766891   3.959530 12.760
 12    84.982 52620.60512939 50.71 292.758119   3.968578 16.004
 12    84.180 52620.60513004 50.12 292.757389   3.965278 16.004
 12    84.253 52620.60513068 51.43 292.756659   3.961968 16.004
 15    82.827 52725.60515734 41.97 292.762045   3.969234  5.484
 15    83.132 52725.60515799 48.40 292.761312   3.965918  8.425
 15    83.447 52725.60515863 49.83 292.760582   3.962618  8.425
 15    82.473 52725.60515928 46.37 292.759862   3.959308  8.425
 16    84.220 52760.60517382 32.75 292.750477   3.973630  8.791
 16    84.335 52760.60517447 33.30 292.749747   3.970320  8.791
 16    84.369 52760.60517511 34.35 292.749017   3.967020  8.791
 17    86.915 52795.60513220 35.86 292.765796   3.965112  7.708
 17    86.847 52795.60513284 35.24 292.765066   3.961802  7.708
 17    86.892 52795.60513349 35.51 292.764346   3.958502  7.708
 18    88.151 52830.60519854 46.71 292.767649   3.966493 11.667
 18    88.248 52830.60519919 45.45 292.766919   3.963193 11.667
 18    88.175 52830.60519983 44.52 292.766189   3.959883 11.667
 18    88.076 52830.60520048 41.63 292.765459   3.956583 11.667
 19    89.066 52865.60524244 27.84 292.769458   3.966707 13.025
 19    88.887 52865.60524308 25.07 292.768728   3.963397 13.025
 19    89.075 52865.60524373 25.53 292.767998   3.960097 13.025
 19    89.381 52865.60524437 36.67 292.767278   3.956787 13.025
 20    88.288 52900.60527082 41.72 292.759572   3.970326 10.564
 20    88.182 52900.60527146 41.90 292.758842   3.967026 10.564
 20    88.279 52900.60527211 42.00 292.758112   3.963716 10.564
 20    88.229 52900.60527275 38.64 292.757392   3.960416 10.564
 21    87.079 52935.60521302 36.39 292.758506   3.970094 10.055
 21    87.158 52935.60521366 35.07 292.757776   3.966784 10.055
 21    86.988 52935.60521431 36.13 292.757046   3.963474 10.055
 21    87.076 52935.60521495 35.21 292.756316   3.960174 10.055
 22    85.479 52970.60523432 47.27 292.760299   3.969401 17.095
 22    85.517 52970.60523496 48.86 292.759569   3.966101 17.095
 22    85.641 52970.60523561 46.79 292.758849   3.962791 17.095
 22    85.315 52970.60523625 47.12 292.758119   3.959491 17.095
 23    84.051 53005.60524945 46.67 292.754929   3.970947 13.199
 23    83.770 53005.60525010 49.06 292.754199   3.967647 13.199
 23    84.029 53005.60525074 47.34 292.753479   3.964337 13.199
 23    83.730 53005.60525139 46.30 292.752749   3.961027 13.199
 24    82.523 53040.60520035 34.17 292.758163   3.968190 10.927
 24    82.691 53040.60520100 28.12 292.757433   3.964890 10.927
 24    82.950 53040.60520164 25.63 292.756712   3.961575  8.748
 25    83.154 53075.60523281 45.72 292.757150   3.969791 12.370
 25    83.151 53075.60523346 49.57 292.756420   3.966491 12.370
 25    83.135 53075.60523410 49.51 292.755690   3.963181 12.370
 25    82.858 53075.60523475 47.61 292.754960   3.959881 12.370
 26    83.228 53110.60520266 48.79 292.755214   3.969196 15.098
 26    83.687 53110.60520331 47.13 292.754484   3.965896 15.098
 26    83.219 53110.60520395 47.44 292.753754   3.962586 15.098
 27    86.712 53145.60524474 29.21 292.758277   3.968922  8.580
 27    88.555 53145.60524538 25.90 292.757557   3.965612  8.580
 27    89.016 53145.60524603 28.21 292.756827   3.962312  8.580
 27    86.741 53145.60524667 36.45 292.756097   3.959002  8.580
 28    88.002 53180.60525510 23.92 292.764345   3.967524  9.238
 28    88.028 53180.60525575 23.81 292.763615   3.964214  9.238
 28    88.139 53180.60525639 27.57 292.762885   3.960914  9.238
 28    88.441 53180.60525704 29.62 292.762165   3.957604  9.238
 29    87.958 53215.60527761 45.42 292.758831   3.968117 11.160
 29    88.207 53215.60527825 42.81 292.758101   3.964817 11.160
 29    87.976 53215.60527890 43.53 292.757381   3.961507 11.160
 30    87.652 53250.60525255 25.27 292.758370   3.969239 13.309
 30    88.445 53250.60525320 20.18 292.757640   3.965939 13.309
 30    89.417 53250.60525384 21.77 292.756910   3.962629 13.309
 30    88.262 53250.60525448 32.88 292.756180   3.959319 13.309
 31    87.026 53285.60524696 51.37 292.755656   3.969038 16.108
 31    87.095 53285.60524761 51.52 292.754926   3.965728 16.108
 31    87.302 53285.60524825 52.53 292.754196   3.962428 16.108
 32    84.779 53320.60522750 48.35 292.768327   3.965823 14.543
 32    84.900 53320.60522815 47.58 292.767597   3.962523 14.543
 32    84.908 53320.60522879 49.02 292.766867   3.959213 14.543
 33    84.140 53355.60519640 33.24 292.766180   3.966273  7.521
 33    83.883 53355.60519705 30.50 292.765450   3.962973  7.521
 33    83.880 53355.60519769 28.53 292.764720   3.959663  7.521
 34    82.832 53390.60520575 33.14 292.760154   3.969115 11.676
 34    82.903 53390.60520639 27.24 292.759424   3.965815 11.676
 34    83.121 53390.60520704 25.22 292.758694   3.962505 11.676
 34    83.515 53390.60520768 27.30 292.757964   3.959205 11.676
 35    82.921 53425.60520345 19.80 292.765210   3.966192  7.381
 35    82.852 53425.60520410 20.75 292.764480   3.962892  7.381
 35    83.314 53425.60520474 20.21 292.763750   3.959582  7.381
 36    83.244 53460.60521102 43.00 292.766107   3.967167  8.820
 36    83.947 53460.60521166 44.44 292.765377   3.963867  8.820
 36    83.348 53460.60521231 45.31 292.764658   3.960561  9.002
 36    83.413 53460.60521295 45.95 292.763928   3.957251  9.002
 37    85.681 53495.60529261 45.27 292.753814   3.970744 11.993
 37    85.906 53495.60529326 46.93 292.753084   3.967434 11.993
 37    85.511 53495.60529390 48.41 292.752354   3.964134 11.993
 37    85.824 53495.60529454 44.13 292.751624   3.960824 11.993
 38    86.240 53530.60526939 47.24 292.766034   3.967503 15.164
 38    86.607 53530.60527003 53.30 292.765304   3.964193 15.164
 38    86.808 53530.60527068 50.08 292.764574   3.960893 15.164
 38    86.718 53530.60527132 47.96 292.763854   3.957583 15.164
 39    87.117 53565.60529721 36.80 292.754938   3.971353 13.995
 39    87.381 53565.60529786 37.24 292.754208   3.968043 13.995
 39    87.328 53565.60529850 39.46 292.753478   3.964733 13.995
 39    87.494 53565.60529915 43.09 292.752748   3.961433 13.995
 40    88.789 53600.60524016 35.80 292.763116   3.969184 14.109
 40    88.622 53600.60524080 28.17 292.762386   3.965874 14.109
 40    88.684 53600.60524145 28.39 292.761656   3.962564 14.109
 40    88.997 53600.60524209 29.22 292.760926   3.959264 14.109
 41    86.709 53635.60523706 46.07 292.757718   3.970120 15.028
 41    86.539 53635.60523771 47.75 292.756988   3.966810 15.028
 41    86.611 53635.60523835 49.49 292.756258   3.963510 15.028
 41    86.700 53635.60523900 47.39 292.755528   3.960200 15.028
 42    85.277 53670.60525860 36.83 292.755711   3.969916 12.243
 42    84.922 53670.60525925 39.65 292.754981   3.966606 12.243
 42    85.530 53670.60525989 41.01 292.754251   3.963306 12.243
 42    84.837 53670.60526054 43.73 292.753521   3.959996 12.243
 43    85.497 53705.60519291 47.62 292.766910   3.966141 13.778
 43    85.526 53705.60519356 47.34 292.766180   3.962831 13.778
 43    85.495 53705.60519420 44.73 292.765450   3.959531 13.778
 44    83.943 53740.60510491 41.31 292.764805   3.968345 17.714
 44    84.240 53740.60510556 44.01 292.764075   3.965035 17.714
 44    83.936 53740.60510620 49.53 292.763345   3.961725 17.714
 44    83.830 53740.60510685 50.77 292.762625   3.958425 17.714
 45    85.048 53775.60512643 20.54 292.766434   3.967727  9.296
 45    84.932 53775.60512707 17.80 292.765704   3.964417  9.296
 45    85.183 53775.60512772 21.61 292.764974   3.961117  9.296
 45    85.190 53775.60512836 25.81 292.764244   3.957807  9.296
 46    83.745 53810.60510730 41.76 292.763615   3.969164 14.205
 46    84.087 53810.60510794 42.37 292.762885   3.965854 14.205
 46    83.822 53810.60510859 46.50 292.762155   3.962544 14.205
 46    83.879 53810.60510923 49.53 292.761435   3.959244 14.205
 47    83.851 53845.60515311 52.08 292.758616   3.969131 16.057
 47    84.031 53845.60515375 51.52 292.757886   3.965821 16.057
 47    84.049 53845.60515440 48.92 292.757156   3.962521 16.057
 47    84.030 53845.60515504 46.18 292.756426   3.959211 16.057
 48    87.667 53880.60517940 44.19 292.764844   3.966355 12.577
 48    87.706 53880.60518004 45.96 292.764114   3.963045 12.577
 48    87.665 53880.60518069 44.97 292.763384   3.959745 12.577
 49    88.662 53915.60523676 45.54 292.754211   3.971072 13.231
 49    88.455 53915.60523740 49.60 292.753491   3.967772 13.231
 49    88.550 53915.60523804 51.20 292.752761   3.964462 13.231
 49    88.592 53915.60523869 48.29 292.752031   3.961162 13.231
 50    90.163 53950.60524556 37.66 292.752081   3.970173 13.558
 50    90.304 53950.60524620 40.16 292.751351   3.966863 13.558
 50    90.325 53950.60524685 43.21 292.750631   3.963563 13.558
 51    88.305 53985.60518224 39.57 292.760521   3.967719 11.338
 51    88.252 53985.60518289 39.55 292.759791   3.964409 11.338
 51    88.367 53985.60518353 38.42 292.759061   3.961099 11.338
 52    86.617 54020.60522085 43.02 292.762484   3.969056 13.872
 52    86.820 54020.60522149 44.16 292.761764   3.965756 13.872
 52    86.609 54020.60522214 43.55 292.761034   3.962446 13.872
 52    86.730 54020.60522278 46.38 292.760304   3.959136 13.872
 53    86.025 54055.60521313 49.82 292.768802   3.965329 15.846
 53    85.925 54055.60521377 48.94 292.768072   3.962019 15.846
 53    85.876 54055.60521442 50.44 292.767342   3.958719 15.846
 54    84.180 54090.60519956 38.68 292.761746   3.967227 17.912
 54    84.352 54090.60520021 43.80 292.761016   3.963917 17.912
 54    84.259 54090.60520085 45.85 292.760296   3.960617 17.912
 55    83.378 54125.60512764 34.55 292.762979   3.969284  7.424
 55    83.180 54125.60512828 26.85 292.762249   3.965984  7.424
 55    82.867 54125.60512893 26.26 292.761519   3.962674  7.424
 55    83.149 54125.60512957 23.88 292.760789   3.959374  7.424
 56    82.559 54160.60516667 33.32 292.760260   3.969597 11.251
 56    82.300 54160.60516732 31.20 292.759530   3.966297 11.251
 56    82.255 54160.60516796 28.03 292.758800   3.962987 11.251
 56    82.406 54160.60516861 25.23 292.758080   3.959687 11.251
 57    83.201 54195.60512992 23.18 292.761849   3.967684  9.461
 57    86.145 54195.60513056 18.62 292.761119   3.964384  9.461
 57    83.876 54195.60513121 19.11 292.760389   3.961074  9.461
 57    83.625 54195.60513185 27.44 292.759659   3.957774  9.461
 58    85.948 54230.60517895 48.23 292.761415   3.967676 16.298
 58    85.813 54230.60517959 49.75 292.760685   3.964366 16.298
 58    86.122 54230.60518024 50.62 292.759955   3.961066 16.298
 59    88.576 54265.60519695 41.54 292.761747   3.966668 11.851
 59    88.742 54265.60519760 42.26 292.761017   3.963358 11.851
 59    88.616 54265.60519824 44.38 292.760287   3.960058 11.851
 60    89.686 54300.60520138 41.92 292.762626   3.968332 16.443
 60    89.590 54300.60520203 43.39 292.761896   3.965022 16.443
 60    89.780 54300.60520267 47.88 292.761166   3.961722 16.443
 60    89.733 54300.60520332 50.57 292.760436   3.958412 16.443
 61    88.605 54335.60519020 51.78 292.761568   3.966964 17.018
 61    88.613 54335.60519084 51.28 292.760838   3.963664 17.018
 61    88.774 54335.60519149 53.19 292.760118   3.960354 17.018
 63    86.291 54405.60513484 43.50 292.760487   3.967579 12.774
 63    86.382 54405.60513549 47.41 292.759757   3.964269 12.774
 63    86.360 54405.60513613 49.08 292.759027   3.960969 12.774
 64    85.113 54440.60509235 45.21 292.762232   3.966889 12.469
 64    85.100 54440.60509299 42.92 292.761502   3.963589 12.469
 64    84.314 54440.60509364 40.86 292.760772   3.960279 12.469
 65    84.431 54475.60512179 38.83 292.763022   3.969014 13.285
 65    84.617 54475.60512244 44.59 292.762292   3.965704 13.285
 65    84.455 54475.60512308 47.29 292.761562   3.962404 13.285
 65    84.417 54475.60512373 46.02 292.760832   3.959094 13.285
 66    83.956 54510.60510709 45.93 292.762553   3.969021 14.159
 66    83.832 54510.60510773 50.10 292.761823   3.965711 14.159
 66    83.899 54510.60510838 48.45 292.761103   3.962401 14.159
 66    83.840 54510.60510902 50.47 292.760373   3.959101 14.159
 67    84.161 54545.60513585 25.57 292.761855   3.969153  6.209
 67    84.040 54545.60513650 21.32 292.761124   3.965855  9.393
 67    84.620 54545.60513714 18.58 292.760394   3.962545  9.393
 67    84.437 54545.60513779 29.46 292.759664   3.959235  9.393
 68    83.747 54580.60510232 24.40 292.763127   3.967426  8.231
 68    84.047 54580.60510296 24.47 292.762397   3.964116  8.231
 68    84.019 54580.60510361 38.90 292.761667   3.960806  8.231
 68    84.060 54580.60510425 37.02 292.760933   3.957508 10.181
 69    86.785 54615.60512540 40.65 292.762582   3.967983  8.214
 69    87.022 54615.60512605 43.05 292.761850   3.964688 13.657
 69    87.021 54615.60512669 46.52 292.761120   3.961378 13.657
 69    86.944 54615.60512734 46.11 292.760390   3.958068 13.657
 70    88.572 54650.60513765 48.74 292.759811   3.968994 17.768
 70    88.479 54650.60513830 48.93 292.759081   3.965684 17.768
 70    88.591 54650.60513894 50.12 292.758361   3.962384 17.768
 70    88.478 54650.60513959 45.49 292.757631   3.959074 17.768
 71    89.471 54685.60513114 52.43 292.760871   3.967605 13.584
 71    89.477 54685.60513178 50.37 292.760141   3.964295 13.584
 71    89.601 54685.60513242 52.49 292.759411   3.960997 14.430
 72    88.125 54720.60508213 49.95 292.762986   3.968001 18.249
 72    88.114 54720.60508278 50.64 292.762256   3.964701 18.249
 72    88.085 54720.60508342 50.96 292.761526   3.961391 18.249
 72    88.093 54720.60508407 47.68 292.760796   3.958091 18.249
 73    86.157 54755.60510601 43.35 292.760930   3.968762 14.468
 73    86.102 54755.60510665 39.20 292.760200   3.965462 14.468
 73    86.194 54755.60510730 36.91 292.759480   3.962152 14.468
 73    86.287 54755.60510794 38.86 292.758750   3.958852 14.468
 74    86.170 54790.60507564 47.33 292.761002   3.969788 16.695
 74    86.125 54790.60507628 46.50 292.760272   3.966478 16.695
 74    86.049 54790.60507693 44.62 292.759542   3.963178 16.695
 74    86.056 54790.60507757 43.79 292.758812   3.959868 16.695
 75    85.647 54825.60510187 30.21 292.761961   3.968417  6.647
 75    85.608 54825.60510251 31.28 292.761231   3.965117  6.647
 75    85.827 54825.60510316 30.92 292.760501   3.961807  6.647
 75    85.623 54825.60510380 34.74 292.759781   3.958507  6.647
 76    84.519 54860.60506930 44.54 292.762805   3.968648 13.631
 76    85.140 54860.60506994 46.07 292.762075   3.965348 13.631
 76    84.428 54860.60507059 47.61 292.761345   3.962038 13.631
 76    84.624 54860.60507123 45.98 292.760615   3.958738 13.631
 77    83.892 54895.60510306 48.59 292.760078   3.970133 14.438
 77    83.914 54895.60510371 50.74 292.759348   3.966833 14.438
 77    83.790 54895.60510435 51.56 292.758618   3.963523 14.438
 77    83.680 54895.60510500 50.26 292.757888   3.960223 14.438
 78    84.016 54930.60506651 34.16 292.760718   3.969876  7.453
 78    84.622 54930.60506715 27.11 292.759988   3.966566  7.453
 78    83.867 54930.60506780 27.92 292.759258   3.963256  7.453
 78    84.170 54930.60506844 27.59 292.758538   3.959956  7.453
 79    84.093 54965.60510304 26.89 292.761009   3.968604 12.547
 79    87.436 54965.60510369 19.35 292.760276   3.965308  7.928
 79    84.762 54965.60510433 21.27 292.759546   3.961998  7.928
 79    84.405 54965.60510498 32.63 292.758816   3.958688  7.928
 80    85.816 55000.60512371 47.01 292.758478   3.968788 10.517
 80    85.765 55000.60512435 44.91 292.757748   3.965488 10.517
 80    85.675 55000.60512500 46.23 292.757018   3.962178 10.517
 81    87.719 55035.60510888 33.03 292.762520   3.967962 10.052
 81    87.768 55035.60510953 33.87 292.761790   3.964662 10.052
 81    87.823 55035.60511017 33.38 292.761060   3.961352 10.052
 81    87.940 55035.60511082 34.94 292.760330   3.958052 10.052
 82    87.500 55070.60509802 46.03 292.761530   3.969917  9.762
 82    87.780 55070.60509867 44.76 292.760800   3.966607  9.762
 82    87.516 55070.60509931 45.95 292.760070   3.963297  9.762
 82    87.569 55070.60509996 50.70 292.759341   3.959999  8.583
 83    84.570 55105.60504096 34.62 292.760940   3.970178 12.792
 83    84.683 55105.60504161 30.25 292.760210   3.966868 12.792
 83    84.900 55105.60504225 32.71 292.759490   3.963568 12.792
 83    84.847 55105.60504289 33.40 292.758760   3.960258 12.792
 84    84.756 55140.60504768 43.68 292.760747   3.968280 13.172
 84    84.699 55140.60504833 43.00 292.760027   3.964980 13.172
 84    84.763 55140.60504897 45.62 292.759297   3.961670 13.172
 84    84.813 55140.60504962 46.72 292.758567   3.958370 13.172
 85    83.314 55175.60500882 42.31 292.763027   3.967567 12.431
 85    83.930 55175.60500947 46.79 292.762297   3.964257 12.431
 85    83.937 55175.60501011 47.49 292.761567   3.960957 12.431
 85    83.130 55175.60501075 45.13 292.760837   3.957647 12.431
 86    82.482 55210.60504271 34.99 292.761049   3.967838  8.581
 86    82.283 55210.60504335 28.38 292.760319   3.964538  8.581
 86    82.576 55210.60504400 25.98 292.759599   3.961228  8.581
 87    82.491 55245.60501500 48.05 292.760973   3.967551 15.740
 87    82.574 55245.60501565 49.74 292.760243   3.964241 15.740
 87    82.485 55245.60501629 49.31 292.759523   3.960941 15.740
 88    84.086 55280.60503689 49.36 292.759249   3.963085 10.126
 88    83.113 55280.60503754 43.04 292.758519   3.959785 10.126
 89    85.896 55315.60500169 32.97 292.760785   3.969419 10.689
 89    85.857 55315.60500233 33.65 292.760055   3.966109 10.689
 89    85.927 55315.60500298 33.52 292.759325   3.962799 10.689
 89    85.991 55315.60500362 33.32 292.758605   3.959499 10.689
 90    88.236 55350.60500772 46.71 292.761294   3.968539 14.656
 90    88.498 55350.60500836 44.88 292.760564   3.965239 14.656
 90    88.636 55350.60500901 48.54 292.759834   3.961929 14.656
 90    88.399 55350.60500965 51.62 292.759104   3.958629 14.656
 91    89.300 55385.60500152 48.37 292.760434   3.968655 15.137
 91    89.369 55385.60500216 46.81 292.759704   3.965345 15.137
 91    89.383 55385.60500280 48.99 292.758984   3.962045 15.137
 91    89.307 55385.60500345 47.92 292.758254   3.958735 15.137
 92    89.662 55420.60502568 43.27 292.762359   3.968554  6.830
 92    89.681 55420.60502632 48.06 292.761626   3.965256 13.274
 92    89.664 55420.60502697 49.44 292.760896   3.961946 13.274
 92    89.658 55420.60502761 48.95 292.760176   3.958636 13.274
 93    88.738 55455.60500232 50.82 292.761501   3.968819 12.182
 93    88.813 55455.60500297 49.70 292.760771   3.965519 12.182
 93    88.710 55455.60500361 48.34 292.760041   3.962209 12.182
 93    88.816 55455.60500426 50.04 292.759311   3.958899 12.182
 94    85.845 55490.60492073 24.76 292.762021   3.967505  9.105
 94    85.884 55490.60492137 26.65 292.761291   3.964205  9.105
 94    86.098 55490.60492202 28.72 292.760561   3.960895  9.105
 94    85.933 55490.60492266 31.90 292.759831   3.957585  9.105
