-339624.697   384.180     0.00   18.36
-339248.749   382.330    -4.92   17.87
-338872.799   382.862     1.41   16.83
-338496.846   384.321     3.88   16.28
-338120.891   379.546   -12.70   16.90
-337744.933   373.966   -14.84   19.55
-337368.973   371.839    -5.66   19.51
-336993.011   370.997    -2.24   18.45
-336617.045   376.427    14.44   18.04
-336241.078   384.555    21.62   13.43
-335865.107   387.362     7.47   12.12
-335489.134   384.966    -6.37   13.97
-335113.159   377.599   -19.59   14.45
-334737.181   370.997   -17.56   14.63
-334361.201   372.555     4.15   15.82
-333985.218   377.964    14.38   19.43
-333609.233   393.591    41.56   25.28
-333233.245   396.632     8.09   25.71
-332857.254   390.186   -17.14   35.10
-332481.261   370.456   -52.47   42.38
-332105.266   339.699   -81.80   32.19
-331729.268   323.574   -42.88   14.41
-331353.267   319.299   -11.37    7.74
-330977.264   319.964     1.77    9.62
-330601.258   321.997     5.41   13.50
-330225.250   322.760     2.03   15.41
-329849.239   326.283     9.37   19.06
-329473.226   322.966    -8.82   13.58
-329097.210   321.401    -4.16   10.15
-328721.191   322.547     3.05    7.61
-328345.170   322.805     0.69    8.61
-327969.147   322.362    -1.18    5.91
-327593.121   327.714    14.23   13.28
-327217.092   347.944    53.80   35.47
-326841.061   361.504    36.06   37.39
-326465.027   374.283    33.98   33.35
-326088.990   375.267     2.62   34.92
-325712.952   359.105   -42.98   33.36
-325336.910   343.348   -41.90   20.62
-324960.866   336.145   -19.15   14.25
-324584.819   334.664    -3.94   13.56
-324208.770   331.348    -8.82    9.92
-323832.718   328.464    -7.67    5.95
-323456.664   327.941    -1.39    5.45
-323080.607   326.362    -4.20    3.98
-322704.547   325.152    -3.22    4.22
-322328.485   324.678    -1.26    4.33
-321952.421   324.833     0.41    4.30
-321576.353   324.808    -0.07    4.70
-321200.284   324.468    -0.90    5.29
-320824.211   323.546    -2.45    7.53
-320448.136   325.658     5.62   11.99
-320072.058   329.145     9.27   14.73
-319695.978   332.564     9.09   16.19
-319319.895   329.618    -7.83   14.23
-318943.810   323.970   -15.02   14.97
-318567.722   318.735   -13.92   14.52
-318191.631   313.504   -13.91    7.89
-317815.538   316.483     7.92   12.71
-317439.442   330.514    37.30   24.59
-317063.344   357.520    71.80   46.65
-316687.243   388.152    81.44   48.56
-316311.139   415.240    72.02   34.62
-315935.033   423.248    21.29   21.46
-315558.924   416.257   -18.59   13.98
-315182.813   414.166    -5.56   14.34
-314806.698   424.494    27.46   23.79
-314430.582   432.944    22.47   22.51
-314054.462   441.966    23.98   21.91
-313678.340   457.684    41.79   22.12
-313302.216   469.416    31.19   26.67
-312926.089   499.618    80.29   43.69
-312549.959   538.051   102.17   67.14
-312173.826   574.051    95.71   64.85
-311797.691   593.264    51.08   46.01
-311421.554   597.997    12.58   43.09
-311045.413   583.632   -38.19   38.82
-310669.270   585.389     4.67   34.01
-310293.125   593.125    20.57   34.83
-309916.976   604.862    31.20   36.34
-309540.825   614.248    24.95   35.95
-309164.672   625.941    31.09   26.06
-308788.516   637.111    29.69   26.47
-308412.357   661.152    63.91   40.96
-308036.195   689.028    74.10   43.03
-307660.031   699.376    27.51   34.56
-307283.864   688.966   -27.67   44.29
-306907.695   666.343   -60.14   44.28
-306531.523   645.294   -55.95   30.65
-306155.348   628.943   -43.46   28.91
-305779.171   615.537   -35.63   34.94
-305402.991   599.401   -42.89   41.35
-305026.808   574.213   -66.95   50.84
-304650.622   538.940   -93.76   50.28
-304274.434   521.145   -47.30   33.90
-303898.244   525.709    12.13   35.62
-303522.050   562.618    98.11   50.56
-303145.854   585.739    61.45   45.80
-302769.655   592.494    17.96   42.59
-302393.454   575.500   -45.17   51.60
-302017.250   546.132   -78.06   54.11
-301641.043   520.348   -68.53   42.94
-301264.834   498.547   -57.95   36.86
-300888.622   463.145   -94.09   50.98
-300512.407   432.295   -82.00   58.94
-300136.189   397.283   -93.06   57.43
-299759.969   361.310   -95.61   26.20
-299383.746   346.213   -40.12   14.87
-299007.521   337.248   -23.83    7.25
-298631.292   335.240    -5.34    6.23
-298255.061   340.812    14.81   13.95
-297878.828   346.017    13.83   14.79
-297502.592   347.760     4.63   13.13
-297126.352   348.456     1.85   12.26
-296750.111   345.145    -8.80    8.32
-296373.866   343.599    -4.11    7.50
-295997.619   340.805    -7.43    7.33
-295621.369   337.781    -8.04    6.87
-295245.117   334.240    -9.41    6.19
-294868.862   333.456    -2.08    6.44
-294492.604   329.042   -11.73    8.50
-294116.343   326.701    -6.22    8.52
-293740.080   330.607    10.38   16.01
-293363.813   334.555    10.49   17.41
-292987.545   336.278     4.58   18.06
-292611.273   336.684     1.08   18.87
-292234.999   338.835     5.72   19.36
-291858.722   343.453    12.27   19.59
-291482.442   352.017    22.76   22.16
-291106.160   358.310    16.72   27.29
-290729.874   359.257     2.52   27.54
-290353.587   351.222   -21.35   27.42
-289977.296   341.364   -26.20   24.10
-289601.003   330.726   -28.27   13.73
-289224.706   327.941    -7.40   12.23
-288848.408   324.783    -8.39    6.75
-288472.106   324.889     0.28    5.69
-288095.802   322.808    -5.53    6.50
-287719.495   321.565    -3.30    6.36
-287343.185   320.991    -1.53    6.84
-286966.872   319.991    -2.66    7.44
-286590.557   318.611    -3.67    7.96
-286214.239   316.555    -5.46    6.77
-285837.918   314.778    -4.72    4.79
-285461.595   314.248    -1.41    6.85
-285085.268   312.099    -5.71    9.45
-284708.939   309.786    -6.15   10.47
-284332.607   308.537    -3.32   10.71
-283956.273   308.453    -0.22   11.52
-283579.936   306.133    -6.16   11.23
-283203.595   304.472    -4.41   10.00
-282827.253   303.068    -3.73    8.82
-282450.907   303.968     2.39    9.07
-282074.559   304.699     1.94    9.11
-281698.207   306.429     4.60    8.55
-281321.853   306.889     1.22    8.67
-280945.497   308.017     3.00    9.31
-280569.137   312.314    11.42   11.04
-280192.775   316.456    11.01   10.52
-279816.410   321.735    14.02    8.78
-279440.042   324.778     8.08    9.29
-279063.672   325.178     1.06    7.45
-278687.298   325.684     1.34    6.70
-278310.922   325.336    -0.92    5.76
-277934.543   327.836     6.64    8.05
-277558.161   331.042     8.52    9.17
-277181.777   334.489     9.16    8.70
-276805.529   337.105     6.95    9.16
-276429.699   342.089    13.26   14.64
-276053.867   341.248    -2.24   15.65
-275678.031   340.402    -2.25   16.02
-275302.193   341.294     2.37   15.40
-274926.352   342.055     2.03   13.46
-274550.508   347.914    15.59   18.14
-274174.661   368.514    54.80   37.10
-273798.812   392.699    64.35   65.25
-273422.959   421.299    76.09   73.97
-273047.104   441.483    53.70   65.70
-272671.246   462.599    56.18   59.89
-272295.386   469.658    18.78   50.38
-271919.522   450.836   -50.07   65.12
-271543.656   413.704   -98.78   87.45
-271167.787   367.757  -122.24   74.44
-270791.915   324.864  -114.11   30.41
-270416.040   313.321   -30.71   17.65
-270040.162   321.814    22.59   24.66
-269664.282   327.310    14.62   25.36
-269288.399   333.754    17.14   21.96
-268912.513   341.456    20.49   16.58
-268536.624   363.694    59.16   45.78
-268160.732   387.248    62.66   48.80
-267784.837   412.264    66.55   41.38
-267408.940   432.078    52.71   36.56
-267033.040   461.514    78.30   59.36
-266657.137   496.757    93.75   51.37
-266281.231   503.914    19.04   42.67
-265905.322   522.812    50.27   49.53
-265529.411   562.152   104.65   87.30
-265153.497   675.222   300.77  189.23
-264777.579   855.836   480.44  264.79
-264401.659  1044.614   502.15  234.02
-264025.736  1174.639   345.86  125.74
-263649.811  1194.607    53.11   53.05
-263273.882  1155.810  -103.20   50.28
-262897.951  1121.402   -91.52   43.72
-262522.017  1085.754   -94.82   31.75
-262146.079  1060.024   -68.44   26.88
-261770.139  1036.786   -61.81   29.02
-261394.197  1010.589   -69.68   26.75
-261018.251   992.889   -47.08   21.62
-260642.302   976.289   -44.15   16.39
-260266.351   964.889   -30.32   13.67
-259890.397   956.678   -21.84   12.79
-259514.440   947.257   -25.06   12.72
-259138.480   938.017   -24.58   17.84
-258762.517   921.583   -43.71   22.91
-258386.551   907.456   -37.57   22.08
-258010.582   902.273   -13.78   22.08
-257634.611   904.317     5.44   23.88
-257258.637   913.401    24.16   24.06
-256882.659   919.889    17.25   22.39
-256506.679   923.781    10.35   21.05
-256130.696   932.781    23.94   21.64
-255754.710   942.510    25.88   20.68
-255378.722   948.863    16.90   19.21
-255002.730   949.523     1.75   17.56
-254626.735   946.321    -8.51   14.92
-254250.738   941.664   -12.39    9.19
-253874.738   938.941    -7.24    7.45
-253498.734   940.047     2.94    5.72
-253122.728   940.618     1.52    5.79
-252746.719   942.989     6.30    5.80
-252370.707   945.125     5.68    6.43
-251994.693   949.916    12.74    8.51
-251618.675   957.336    19.73   11.09
-251242.654   967.639    27.40   12.33
-250866.631   976.171    22.69   12.59
-250490.604   985.786    25.57   14.45
-250114.575   994.083    22.06   13.49
-249738.543   999.862    15.37    9.54
-249362.508  1003.564     9.85    9.85
-248986.470  1006.966     9.04   15.08
-248610.429  1007.414     1.19   21.23
-248234.385  1007.132    -0.75   25.64
-247858.338  1001.991   -13.67   25.04
-247482.288   998.520    -9.23   20.45
-247106.236   993.283   -13.93   15.07
-246730.180   994.781     3.98   17.10
-246354.122  1000.222    14.47   26.73
-245978.060  1004.336    10.94   26.34
-245601.996  1008.639    11.44   26.75
-245225.929  1019.231    28.16   37.44
-244849.858  1048.750    78.49   61.54
-244473.785  1071.017    59.21   67.15
-244097.709  1106.607    94.63   67.19
-243721.630  1150.089   115.61   63.28
-243345.548  1193.726   116.03   56.04
-242969.463  1223.321    78.69   44.98
-242593.375  1251.889    75.96   27.09
-242217.285  1269.389    46.53   37.40
-241841.191  1283.348    37.12   54.18
-241465.094  1307.196    63.41   56.08
-241088.994  1318.047    28.85   70.93
-240712.892  1327.042    23.92   84.00
-240336.786  1350.483    62.32   79.65
-239960.678  1353.171     7.15   79.04
-239584.566  1347.152   -16.00   76.56
-239208.452  1338.472   -23.08   80.21
-238832.335  1323.336   -40.24   83.61
-238456.214  1318.222   -13.60   73.95
-238080.091  1322.607    11.66   79.63
-237703.965  1318.684   -10.43   68.83
-237327.835  1316.565    -5.63   48.10
-236951.703  1306.591   -26.52   41.62
-236575.568  1298.618   -21.20   36.11
-236199.430  1300.591     5.25   31.07
-235823.289  1315.555    39.78   38.97
-235447.145  1341.726    69.57   46.05
-235070.997  1383.325   110.58   56.19
-234694.847  1421.940   102.65   45.90
-234318.694  1453.273    83.30   48.79
-233942.538  1487.537    91.09   42.69
-233566.379  1508.714    56.29   69.52
-233190.217  1462.362  -123.22  167.02
-232814.052  1310.166  -404.58  283.72
-232437.884  1129.321  -480.73  306.71
-232061.713   909.186  -585.17  243.36
-231685.539   764.731  -383.99  149.41
-231309.362   646.068  -315.43  148.57
-230933.182   530.764  -306.50  113.62
-230556.999   451.362  -211.06   70.80
-230180.813   406.862  -118.29   42.79
-229804.624   380.483   -70.12   28.53
-229428.432   363.889   -44.11   20.15
-229052.237   352.294   -30.82   11.79
-228676.039   345.555   -17.91    7.71
-228299.838   341.658   -10.36    7.71
-227923.634   339.478    -5.79    8.70
-227547.427   336.375    -8.25    8.62
-227171.217   331.325   -13.42    8.73
-226795.004   327.494   -10.18    8.60
-226418.788   324.361    -8.33    8.88
-226042.569   323.943    -1.11    9.65
-225666.347   320.970    -7.90   10.76
-225290.122   318.125    -7.56    9.72
-224913.894   315.555    -6.83    8.57
-224537.662   313.701    -4.93    5.09
-224161.428   315.530     4.86    7.36
-223785.191   318.196     7.09   11.24
-223408.951   321.889     9.81   16.11
-223032.707   326.068    11.11   22.76
-222656.461   330.186    10.94   27.69
-222280.211   333.145     7.86   31.09
-221903.959   335.863     7.22   33.91
-221527.703   330.783   -13.50   30.32
-221151.445   327.941    -7.55   29.10
-220775.183   322.248   -15.13   23.94
-220398.919   316.239   -15.97   19.41
-220022.651   312.583    -9.71   14.25
-219646.380   310.389    -5.83   11.99
-219270.106   313.757     8.95   14.94
-218893.830   324.889    29.58   21.78
-218517.550   344.599    52.38   26.72
-218141.267   368.326    63.05   26.00
-217764.981   386.196    47.49   20.89
-217388.692   394.837    22.96   16.42
-217012.399   401.944    18.89   24.10
-216636.104   412.504    28.06   40.25
-216259.806   419.051    17.40   49.09
-215883.505   418.145    -2.41   60.30
-215507.200   407.099   -29.35   71.97
-215130.893   376.468   -81.40   71.64
-214754.582   348.520   -74.26   61.99
-214378.269   324.273   -64.43   33.62
-214001.952   327.035     7.34   23.88
-213625.632   341.528    38.51   22.95
-213249.309   347.836    16.76   19.93
-212872.983   349.783     5.17   15.91
-212496.654   344.402   -14.30   14.74
-212120.322   343.402    -2.66   14.37
-211743.987   340.632    -7.36   15.80
-211367.649   330.658   -26.50   19.62
-210991.307   323.196   -19.83   22.31
-210614.963   319.944    -8.64   23.05
-210238.615   313.863   -16.16   21.10
-209862.264   309.833   -10.71   21.06
-209485.911   303.042   -18.04   19.84
-209109.554   294.607   -22.41   14.27
-208733.194   296.591     5.27   18.13
-208356.831   304.283    20.44   27.61
-207980.464   314.478    27.09   28.53
-207604.095   317.572     8.22   25.25
-207227.723   314.483    -8.21   27.18
-206851.347   303.760   -28.49   20.34
-206474.969   297.336   -17.07   11.08
-206098.587   300.348     8.00   16.56
-205722.202   305.051    12.49   18.97
-205345.814   305.803     2.00   16.70
-204969.423   298.863   -18.44   17.41
-204593.029   291.639   -19.19   11.63
-204216.631   287.805   -10.18    8.62
-203840.231   288.196     1.04    8.29
-203463.827   286.639    -4.14   11.03
-203087.420   283.222    -9.08   12.34
-202711.011   278.940   -11.38   11.87
-202334.598   277.573    -3.63    9.79
-201958.181   282.178    12.23   15.79
-201582.108   297.231    40.02   26.83
-201206.312   321.089    63.48   36.32
-200830.514   351.997    82.24   32.42
-200454.712   368.614    44.22   24.79
-200078.908   377.453    23.52   22.20
-199703.100   384.611    19.05   25.55
-199327.289   404.970    54.17   52.32
-198951.475   456.139   136.15   94.42
-198575.657   539.350   221.41  114.20
-198199.837   594.564   146.91   92.69
-197824.013   584.267   -27.40  105.49
-197448.187   498.478  -228.26  146.07
-197072.357   399.139  -264.31  124.52
-196696.524   338.810  -160.51   73.81
-196320.687   302.658   -96.19   14.14
-195944.848   297.757   -13.04    3.43
-195569.006   299.362     4.27    4.85
-195193.160   303.068     9.86    7.36
-194817.311   307.739    12.43   10.33
-194441.459   310.375     7.01    8.69
-194065.604   312.464     5.56    9.90
-193689.746   314.530     5.50   10.37
-193313.885   314.555     0.07   10.66
-192938.020   314.726     0.46   10.71
-192562.152   312.805    -5.11   10.99
-192186.281   307.248   -14.79    9.92
-191810.407   304.039    -8.54    6.64
-191434.530   302.402    -4.35    5.32
-191058.649   303.664     3.36    7.78
-190682.766   303.375    -0.77    8.46
-190306.879   300.152    -8.57   10.15
-189930.989   296.555    -9.57    9.90
-189555.096   292.968    -9.54    4.67
-189179.200   293.625     1.75    4.24
-188803.300   296.504     7.66    5.18
-188427.397   296.964     1.22    5.11
-188051.491   298.240     3.40    7.66
-187675.582   298.889     1.73    9.67
-187299.670   296.731    -5.74   10.36
-186923.754   294.105    -6.99   11.37
-186547.836   296.321     5.90   14.28
-186171.914   303.611    19.39   30.53
-185795.989   322.530    50.32   48.54
-185420.061   330.114    20.17   48.80
-185044.129   322.348   -20.66   43.20
-184668.194   314.864   -19.91   33.40
-184292.257   309.020   -15.54   21.99
-183916.315   314.068    13.43   22.55
-183540.371   325.684    30.90   21.21
-183164.424   330.125    11.81   17.58
-182788.473   334.468    11.55   13.60
-182412.519   332.915    -4.13   11.50
-182036.562   325.914   -18.62   10.08
-181660.601   318.348   -20.12   11.75
-181284.638   312.639   -15.19   12.88
-180908.671   307.783   -12.91   11.12
-180532.701   303.970   -10.14    8.84
-180156.728   302.564    -3.74    6.15
-179780.751   303.916     3.60    7.33
-179404.771   305.068     3.06    7.21
-179028.788   308.164     8.23    8.68
-178652.802   311.240     8.18   10.27
-178276.813   312.139     2.39   10.92
-177900.820   311.125    -2.69   11.45
-177524.824   308.678    -6.51    9.22
-177148.825   305.678    -7.98    7.58
-176772.823   306.257     1.54    7.43
-176396.817   309.699     9.15    5.75
-176020.808   310.456     2.01    5.25
-175644.796   311.789     3.54    4.99
-175268.781   312.972     3.15    4.38
-174892.762   314.114     3.04    3.97
-174516.740   314.047    -0.18    4.32
-174140.715   313.754    -0.78    4.01
-173764.687   313.672    -0.22    4.41
-173388.655   314.444     2.05    4.37
-173012.620   316.145     4.52    4.06
-172636.582   316.039    -0.28    4.44
-172260.540   315.862    -0.47    4.27
-171884.496   316.539     1.80    4.11
-171508.448   316.441    -0.26    4.08
-171132.397   318.836     6.37    4.87
-170756.342   321.494     7.07    5.24
-170380.284   323.735     5.96    4.65
-170004.223   324.441     1.88    5.14
-169628.159   324.510     0.18    5.67
-169252.091   325.664     3.07    6.07
-168876.020   329.754    10.87    7.11
-168499.946   331.514     4.68    7.29
-168123.869   334.350     7.54    9.62
-167747.788   338.666    11.48    9.14
-167371.704   340.726     5.48   12.75
-166995.617   339.222    -4.00   20.27
-166619.526   330.709   -22.63   25.72
-166243.432   320.064   -28.30   29.31
-165867.335   316.105   -10.53   29.06
-165491.235   307.289   -23.44   24.98
-165115.131   301.389   -15.69   18.49
-164739.024   309.652    21.97   21.95
-164362.914   315.204    14.76   19.72
-163986.800   321.119    15.73   16.53
-163610.683   313.310   -20.76   18.74
-163234.563   301.444   -31.55   16.24
-162858.439   292.607   -23.50   15.65
-162482.312   283.835   -23.32    7.51
-162106.182   280.189    -9.69    7.23
-161730.048   278.760    -3.80    7.78
-161353.912   276.028    -7.27    7.07
-160977.771   273.159    -7.63    8.04
-160601.628   269.750    -9.06    6.65
-160225.481   266.678    -8.17    5.19
-159849.331   264.376    -6.12    3.95
-159473.178   263.375    -2.66    4.00
-159097.021   263.214    -0.43    4.01
-158720.861   263.786     1.52    3.73
-158344.697   262.994    -2.11    4.20
-157968.531   261.862    -3.01    4.10
-157592.361   261.709    -0.41    4.16
-157216.187   262.786     2.86    4.88
-156840.010   263.472     1.82    5.23
-156463.830   260.530    -7.82    6.84
-156087.647   260.250    -0.74    6.91
-155711.460   260.789     1.43    7.51
-155335.270   261.863     2.86    7.59
-154959.077   261.717    -0.39    7.84
-154582.880   258.321    -9.03    8.81
-154206.680   255.078    -8.62    6.44
-153830.476   253.994    -2.88    4.96
-153454.269   254.837     2.24    4.80
-153078.059   256.051     3.23    4.09
-152701.846   256.035    -0.04    4.13
-152325.629   255.196    -2.23    4.71
-151949.408   254.652    -1.45    4.91
-151573.185   254.047    -1.61    4.65
-151196.958   253.376    -1.78    4.01
-150820.727   253.658     0.75    5.38
-150444.494   254.000     0.91    6.28
-150068.257   254.530     1.41    6.62
-149692.016   254.166    -0.97    5.10
-149315.772   253.709    -1.22    4.49
-148939.525   254.119     1.09    4.52
-148563.274   254.289     0.45    3.50
-148187.020   254.456     0.45    3.61
-147810.763   253.591    -2.30    4.25
-147434.502   251.625    -5.22    4.54
-147058.238   249.783    -4.90    3.78
-146681.971   248.833    -2.53    3.30
-146305.700   249.913     2.87    4.50
-145929.426   251.119     3.21    4.42
-145553.148   251.808     1.83    4.72
-145176.867   252.940     3.01    4.61
-144800.583   252.336    -1.60    4.68
-144424.295   252.940     1.60    5.10
-144048.003   251.699    -3.30    5.23
-143671.709   251.119    -1.54    5.27
-143295.411   249.666    -3.86    5.53
-142919.109   248.427    -3.29    4.16
-142542.805   250.196     4.70    5.74
-142166.496   251.918     4.58    6.48
-141790.185   255.699    10.05    7.40
-141413.870   261.240    14.72    7.04
-141037.551   264.283     8.09    7.49
-140661.229   267.051     7.35    7.21
-140284.904   266.862    -0.50    8.59
-139908.575   260.964   -15.67    9.33
-139532.243   258.042    -7.76    8.68
-139155.908   254.415    -9.64    5.86
-138779.569   255.068     1.74    7.94
-138403.226   259.453    11.65    9.66
-138026.880   262.273     7.49    8.45
-137650.531   262.240    -0.09    8.71
-137274.178   259.632    -6.93    8.90
-136897.822   255.333   -11.42    7.79
-136521.463   253.581    -4.66    7.16
-136145.100   252.786    -2.11    5.31
-135768.733   255.010     5.91    6.49
-135392.364   264.478    25.16   14.61
-135015.990   270.564    16.17   13.36
-134639.614   270.970     1.08   12.46
-134263.233   265.672   -14.07   15.15
-133886.850   255.805   -26.21   12.20
-133510.463   249.991   -15.45    7.53
-133134.072   246.350    -9.67    4.72
-132757.678   245.994    -0.95    4.32
-132381.281   244.339    -4.40    4.41
-132004.880   244.325    -0.04    4.51
-131628.476   243.991    -0.89    5.35
-131252.068   243.781    -0.56    5.55
-130875.657   244.325     1.45    6.61
-130499.242   252.555    21.87   20.36
-130122.824   263.152    28.15   28.25
-129746.402   266.273     8.29   30.66
-129369.977   257.313   -23.80   18.12
-128993.548   252.222   -13.52   12.70
-128617.116   247.678   -12.07    6.37
-128240.681   246.483    -3.17    4.51
-127864.242   246.645     0.43    4.33
-127487.799   246.805     0.42    5.29
-127111.354   248.530     4.58    6.44
-126734.904   249.547     2.70    7.31
-126359.037   249.726     0.48    6.62
-125983.271   250.339     1.63    6.45
-125607.502   250.735     1.05    6.29
-125231.729   253.171     6.48    7.88
-124855.953   253.336     0.44    8.68
-124480.173   251.145    -5.83   10.23
-124104.390   247.943    -8.52   10.06
-123728.604   247.652    -0.77    8.82
-123352.814   250.940     8.75    8.58
-122977.020   255.036    10.90    5.91
-122601.223   255.684     1.72    5.63
-122225.422   255.731     0.13    5.82
-121849.618   253.781    -5.19    5.42
-121473.811   253.213    -1.51    5.61
-121098.000   253.028    -0.49    5.09
-120722.185   253.453     1.13    4.96
-120346.367   255.084     4.34    6.21
-119970.546   256.159     2.86    5.73
-119594.721   259.555     9.04    5.95
-119218.892   261.094     4.09    6.03
-118843.060   263.376     6.07    6.87
-118467.224   265.073     4.52    6.38
-118091.385   266.530     3.88    5.42
-117715.543   267.132     1.60    4.70
-117339.697   266.704    -1.14    5.42
-116963.847   268.325     4.31    6.44
-116587.994   269.858     4.08    7.71
-116212.138   267.658    -5.85    9.77
-115836.277   266.389    -3.38    9.88
-115460.414   265.889    -1.33    8.17
-115084.547   267.078     3.16    8.80
-114708.676   270.916    10.21    8.84
-114332.802   276.325    14.39   10.09
-113956.924   279.581     8.66   12.03
-113581.043   280.808     3.26   12.14
-113205.158   280.607    -0.53   10.30
-112829.270   278.863    -4.64    8.14
-112453.378   281.837     7.91    7.83
-112077.482   287.051    13.87   11.92
-111701.584   292.299    13.96   13.34
-111325.681   297.510    13.86   11.59
-110949.775   298.257     1.99   11.37
-110573.865   298.968     1.89   11.41
-110197.952   297.857    -2.95   10.30
-109822.036   294.504    -8.92    9.84
-109446.116   295.099     1.58   11.59
-109070.192   293.321    -4.73   12.82
-108694.265   292.186    -3.02   14.37
-108318.334   295.722     9.41   17.07
-107942.399   303.376    20.36   21.33
-107566.461   309.581    16.51   22.68
-107190.520   314.997    14.41   21.04
-106814.575   313.837    -3.08   19.53
-106438.626   311.248    -6.89   16.84
-106062.674   309.530    -4.57   22.28
-105686.718   303.726   -15.44   23.64
-105310.759   297.478   -16.62   25.57
-104934.796   289.726   -20.62   23.75
-104558.829   279.283   -27.78   16.49
-104182.859   270.678   -22.89   13.54
-103806.886   264.576   -16.23   12.08
-103430.909   266.222     4.38   14.65
-103054.928   271.915    15.14   16.35
-102678.944   280.105    21.78   15.96
-102302.956   288.808    23.15   15.62
-101926.964   296.944    21.64   17.23
-101550.969   302.441    14.62   18.62
-101174.970   307.350    13.06   18.51
-100798.968   307.024    -0.87   19.55
-100422.962   305.684    -3.56   17.07
-100046.953   302.658    -8.05   14.19
 -99670.940   303.581     2.45   12.76
 -99294.923   304.783     3.20   11.42
 -98918.903   308.453     9.76   16.80
 -98542.879   313.186    12.59   17.45
 -98166.851   320.310    18.94   21.39
 -97790.820   332.547    32.54   29.26
 -97414.786   338.951    17.03   28.43
 -97038.747   335.094   -10.26   26.61
 -96662.705   326.204   -23.64   19.11
 -96286.660   317.970   -21.90   14.43
 -95910.611   307.835   -26.95   14.96
 -95534.558   302.528   -14.11   15.55
 -95158.502   296.704   -15.48   16.44
 -94782.442   298.614     5.08   21.07
 -94406.378   306.564    21.14   32.48
 -94030.311   313.966    19.68   33.20
 -93654.240   319.350    14.32   32.47
 -93278.166   326.171    18.14   32.68
 -92902.088   327.731     4.15   37.99
 -92526.006   322.478   -13.97   40.96
 -92149.921   314.754   -20.54   47.79
 -91773.832   304.456   -27.38   52.22
 -91397.739   290.099   -38.17   49.47
 -91021.643   277.192   -34.32   50.25
 -90645.543   259.401   -47.30   46.87
 -90269.440   235.073   -64.68   23.56
 -89893.332   223.835   -29.88   10.05
 -89517.222   219.916   -10.42    8.09
 -89141.107   219.166    -1.99    7.65
 -88764.989   223.731    12.14   14.27
 -88388.867   234.401    28.37   26.83
 -88012.742   239.862    14.52   26.86
 -87636.613   239.273    -1.56   26.72
 -87260.480   235.757    -9.35   24.84
 -86884.344   242.299    17.39   24.89
 -86508.204   240.186    -5.62   31.43
 -86132.060   228.564   -30.90   40.99
 -85755.913   216.321   -32.55   42.26
 -85379.762   190.294   -69.19   33.81
 -85003.607   171.213   -50.73   28.02
 -84627.449   161.517   -25.78   24.05
 -84251.287   167.196    15.10   32.67
 -83875.121   180.581    35.58   36.65
 -83498.952   188.805    21.86   33.04
 -83122.779   186.537    -6.03   32.62
 -82746.602   172.944   -36.13   30.32
 -82370.422   161.941   -29.25   22.18
 -81994.238   152.572   -24.91   16.71
 -81618.050   150.754    -4.83   11.79
 -81241.859   147.017    -9.93   12.47
 -80865.664   139.652   -19.58   16.52
 -80489.465   133.257   -17.00   18.23
 -80113.263   129.051   -11.18   15.89
 -79737.057   128.089    -2.56   14.30
 -79360.847   129.132     2.77   17.62
 -78984.633   136.051    18.39   22.78
 -78608.416   141.547    14.61   25.80
 -78232.195   143.361     4.82   26.15
 -77855.970   146.273     7.74   23.92
 -77479.742   149.863     9.54   25.25
 -77103.510   157.194    19.49   24.24
 -76727.274   159.348     5.72   22.35
 -76351.035   158.564    -2.08   29.45
 -75974.792   151.196   -19.58   24.11
 -75598.545   152.289     2.90   28.35
 -75222.294   143.943   -22.18   32.96
 -74846.040   133.530   -27.67   36.62
 -74469.782   117.994   -41.29   34.01
 -74093.520   102.415   -41.40   16.81
 -73717.255    96.051   -16.91    9.42
 -73340.986    95.064    -2.62    7.52
 -72964.713    94.336    -1.93    6.11
 -72588.436    93.564    -2.05    6.14
 -72212.156    93.468    -0.26    5.45
 -71835.872    92.361    -2.94    4.51
 -71459.584    91.760    -1.60    4.08
 -71083.293    91.555    -0.55    4.13
 -70706.997    93.861     6.13    8.83
 -70330.698    98.537    12.43   12.51
 -69954.396    99.591     2.80   13.33
 -69578.089    96.119    -9.23   11.66
 -69201.779    92.839    -8.72    7.58
 -68825.465    90.267    -6.83    4.87
 -68449.147    90.039    -0.61    5.49
 -68072.826    90.468     1.14    5.81
 -67696.501    92.362     5.03   11.00
 -67320.172    93.591     3.27   12.88
 -66943.839    92.837    -2.00   12.58
 -66567.503    90.810    -5.39    7.64
 -66191.163    89.083    -4.59    5.61
 -65814.819    88.658    -1.13    5.13
 -65438.471    90.805     5.71    9.70
 -65062.120    92.299     3.97   13.88
 -64685.764    93.837     4.09   15.01
 -64309.405    96.611     7.37   14.69
 -63933.043    95.618    -2.64   14.21
 -63556.676    90.294   -14.15    7.56
 -63180.306    87.468    -7.51    4.35
 -62803.932    85.789    -4.46    4.62
 -62427.554    84.348    -3.83    3.83
 -62051.172    83.937    -1.09    4.44
 -61674.787    83.171    -2.04    4.23
 -61298.398    81.941    -3.27    4.39
 -60922.005    80.402    -4.09    4.58
 -60545.608    79.042    -3.61    3.72
 -60169.208    78.222    -2.18    3.40
 -59792.803    77.444    -2.07    3.65
 -59416.395    76.607    -2.23    3.43
 -59039.983    76.861     0.68    3.76
 -58663.568    77.504     1.71    4.02
 -58287.148    77.837     0.89    4.18
 -57910.725    79.317     3.93    4.04
 -57534.298    81.105     4.75    5.94
 -57157.867    85.754    12.35   10.74
 -56781.432    87.336     4.20   10.57
 -56404.994    92.731    14.33   14.15
 -56028.552   100.861    21.60   18.72
 -55652.106   114.255    35.58   36.32
 -55275.656   128.555    37.99   49.38
 -54899.202   140.073    30.59   65.53
 -54522.745   128.863   -29.78   61.69
 -54146.283   128.047    -2.17   63.42
 -53769.818   118.453   -25.48   53.18
 -53393.349   113.754   -12.48   49.76
 -53016.876   111.863    -5.02   50.86
 -52640.400   103.528   -22.14   37.45
 -52263.920   104.299     2.05   35.90
 -51887.435   107.017     7.22   32.45
 -51511.056   108.212     3.18   27.93
 -51135.328   112.997    12.73   27.87
 -50759.596   119.618    17.62   28.42
 -50383.860   120.757     3.03   28.13
 -50008.121   120.808     0.13   28.07
 -49632.378   125.105    11.44   26.81
 -49256.630   129.986    12.99   24.76
 -48880.879   137.658    20.42   23.10
 -48505.125   145.652    21.27   20.93
 -48129.366   153.376    20.56   16.81
 -47753.604   159.441    16.14   12.24
 -47377.837   163.427    10.61    8.33
 -47002.067   163.294    -0.35    8.12
 -46626.293   163.068    -0.60    7.85
 -46250.515   161.722    -3.58    8.38
 -45874.734   161.376    -0.92    9.54
 -45498.948   163.273     5.05    9.95
 -45123.159   172.374    24.22   10.20
 -44747.366   171.835    -1.44   19.12
 -44371.569   165.429   -17.04   27.34
 -43995.768   156.968   -22.52   28.22
 -43619.963   146.915   -26.75   17.90
 -43244.155   140.250   -17.74    8.67
 -42868.343   138.815    -3.82    9.71
 -42492.526   135.709    -8.27    9.95
 -42116.706   132.375    -8.87    8.05
 -41740.882   129.581    -7.43    7.40
 -41365.055   129.073    -1.35    7.03
 -40989.223   127.889    -3.15    6.66
 -40613.387   126.361    -4.06    5.58
 -40237.548   124.760    -4.26    5.77
 -39861.705   121.972    -7.42    5.46
 -39485.858   120.863    -2.95    5.27
 -39110.007   121.350     1.30    5.81
 -38734.152   123.403     5.46    6.47
 -38358.293   125.510     5.61    5.60
 -37982.431   128.564     8.13    3.64
 -37606.564   130.468     5.06    3.46
 -37230.694   132.632     5.76    4.04
 -36854.819   134.250     4.30    3.40
 -36478.941   134.840     1.57    2.86
 -36103.059   134.196    -1.71    3.53
 -35727.173   132.213    -5.28    4.39
 -35351.284   128.504    -9.87    6.16
 -34975.390   124.889    -9.62    5.96
 -34599.492   122.478    -6.41    4.63
 -34223.591   122.278    -0.53    4.30
 -33847.686   124.812     6.74    4.82
 -33471.776   127.051     5.96    4.04
 -33095.863   128.196     3.05    4.03
 -32719.946   130.196     5.32    5.68
 -32344.025   133.774     9.52    6.05
 -31968.101   136.024     5.98    5.22
 -31592.172   139.267     8.63    5.94
 -31216.239   140.178     2.42    5.63
 -30840.303   139.786    -1.04    6.33
 -30464.362   138.222    -4.16    7.87
 -30088.418   135.255    -7.89   11.55
 -29712.469   130.991   -11.34   13.13
 -29336.517   126.051   -13.14   15.20
 -28960.561   121.350   -12.50   14.61
 -28584.601   119.231    -5.64   14.53
 -28208.637   122.837     9.59   17.01
 -27832.669   125.139     6.12   18.28
 -27456.697   120.709   -11.78   19.88
 -27080.722   111.943   -23.32   19.87
 -26704.742    99.940   -31.92   13.28
 -26328.758    90.489   -25.14    9.68
 -25952.771    83.460   -18.69    8.04
 -25576.779    78.618   -12.88    5.33
 -25200.784    78.726     0.29    6.91
 -24824.785    82.810    10.86   11.45
 -24448.781    89.735    18.42   13.57
 -24072.774    92.778     8.09   11.99
 -23696.763    96.230     9.18   11.25
 -23320.748    96.350     0.32   12.83
 -22944.729    96.970     1.65   13.25
 -22568.706    98.042     2.85   13.80
 -22192.679    99.704     4.42   15.22
 -21816.648    99.196    -1.35   16.20
 -21440.613    95.028   -11.09   19.94
 -21064.574    83.478   -30.71   19.35
 -20688.531    72.781   -28.45   12.25
 -20312.485    70.863    -5.10   11.10
 -19936.434    74.064     8.51   15.11
 -19560.379    79.832    15.34   16.10
 -19184.320    86.294    17.18   16.11
 -18808.258    94.051    20.63   19.01
 -18432.191    99.362    14.12   17.85
 -18056.121   102.652     8.75   15.48
 -17680.046   104.750     5.58   13.66
 -17303.968   103.474    -3.39   10.20
 -16927.885   104.171     1.85   11.42
 -16551.799   106.078     5.07   12.05
 -16175.708   106.401     0.86   11.15
 -15799.614   104.783    -4.30   10.61
 -15423.516   101.530    -8.65   10.73
 -15047.413    99.672    -4.94   10.12
 -14671.307    98.068    -4.27    8.65
 -14295.196    98.781     1.89   11.40
 -13919.082   101.632     7.58   15.83
 -13542.964   104.114     6.60   19.70
 -13166.841    95.833   -22.02   23.38
 -12790.715    85.483   -27.52   24.70
 -12414.585    77.672   -20.77   21.96
 -12038.450    68.645   -24.00   17.03
 -11662.312    63.547   -13.56   11.37
 -11286.170    62.500    -2.78    8.80
 -10910.023    69.489    18.58   13.67
 -10533.873    76.427    18.45   12.90
 -10157.719    80.321    10.35   10.99
  -9781.560    78.094    -5.92   12.20
  -9405.398    72.994   -13.56   12.18
  -9029.232    66.283   -17.84   11.53
  -8653.061    57.468   -23.44   10.29
  -8276.887    51.632   -15.51   11.29
  -7900.708    42.889   -23.24   12.17
  -7524.526    34.555   -22.15   10.71
  -7148.339    26.639   -21.04    8.36
  -6772.149    21.444   -13.81    4.61
  -6395.954    19.835    -4.28    3.95
  -6019.756    17.699    -5.68    4.60
  -5643.553    15.970    -4.60    5.56
  -5267.346    13.389    -6.86    5.74
  -4891.136    10.089    -8.77    3.57
  -4514.921     8.464    -4.32    2.48
  -4138.702     7.678    -2.09    1.82
  -3762.479     7.591    -0.23    2.47
  -3386.253     7.581    -0.03    4.05
  -3010.022     6.520    -2.82    5.30
  -2633.787     4.991    -4.06    5.91
  -2257.548     2.704    -6.08    5.21
  -1881.305     0.401    -6.12    1.80
  -1505.058    -0.111    -1.36    0.00
  -1128.807    -0.111     0.00    0.00
   -752.551    -0.111     0.00    0.00
   -376.292    -0.111     0.00    0.00
     -0.029    -0.111     0.00    0.00
    376.239    -0.111     0.00    0.00
    752.510    -0.111     0.00    0.00
   1128.785    -0.111     0.00    0.00
   1505.065    -0.111     0.00    0.00
   1881.349     0.814     2.46    2.09
   2257.636     2.152     3.56    3.06
   2633.928     3.348     3.18    3.12
   3010.224     5.248     5.05    3.80
   3386.524     6.599     3.59    4.15
   3762.828     7.068     1.25    4.27
   4139.136     7.178     0.29    4.56
   4515.448     7.222     0.12    4.14
   4891.764     7.645     1.13    3.93
   5268.085     8.068     1.12    3.90
   5644.409     9.289     3.24    4.15
   6020.737    10.444     3.07    4.73
   6397.070    12.997     6.78    3.81
   6773.407    13.294     0.79    3.81
   7149.747    12.916    -1.01    4.51
   7526.092    11.699    -3.23    5.19
   7902.441    11.289    -1.09    4.86
   8278.794    10.164    -2.99    5.29
   8655.151     8.530    -4.34    4.56
   9031.513     7.889    -1.70    3.18
   9407.878     7.325    -1.50    2.07
   9784.248     7.835     1.36    2.57
  10160.621     7.709    -0.33    2.43
  10536.999     8.468     2.02    2.42
  10913.381     8.555     0.23    2.24
  11289.767     8.645     0.24    2.64
  11666.157     8.914     0.71    2.44
  12042.551     8.718    -0.52    2.57
  12418.949     8.916     0.53    3.13
  12795.351    10.441     4.05    4.69
  13171.758    12.678     5.94    6.09
  13548.168    13.943     3.36    6.16
  13924.583    16.889     7.83    7.55
  14301.002    22.289    14.35   15.80
  14677.425    31.222    23.73   25.40
  15053.852    43.760    33.31   29.54
  15430.284    51.750    21.22   27.69
  15806.719    62.555    28.71   23.27
  16183.159    69.333    18.01   16.91
  16559.602    72.786     9.17   13.91
  16936.050    78.783    15.93    5.45
  17312.502    79.731     2.52    4.08
  17688.958    77.530    -5.85    5.36
  18065.418    74.478    -8.11    4.69
  18441.883    74.206    -0.72    5.03
  18818.351    77.699     9.28    6.67
  19194.824    82.464    12.65    7.04
  19571.301    87.257    12.73    4.81
  19947.782    91.073    10.14    4.49
  20324.267    94.699     9.63    5.15
  20700.757    97.517     7.48    4.83
  21077.250    99.658     5.69    2.94
  21453.748    96.709    -7.83    6.37
  21830.250    91.666   -13.39    8.93
  22206.756    83.325   -22.16   10.74
  22583.266    75.611   -20.49    7.94
  22959.780    72.547    -8.14    4.81
  23336.299    71.376    -3.11    3.52
  23712.461    74.051     7.11    4.20
  24088.154    77.401     8.92    4.47
  24463.851    80.530     8.33    5.76
  24839.553    83.714     8.47    8.10
  25215.258    85.943     5.93    8.10
  25590.968    88.564     6.98    8.24
  25966.682    93.204    12.35   11.02
  26342.400   100.537    19.52   14.06
  26718.122   111.483    29.13   14.27
  27093.848   122.595    29.57    9.54
  27469.579   128.017    14.43    5.27
  27845.313   131.478     9.21    2.28
  28221.052   132.267     2.10    2.62
  28596.795   133.530     3.36    2.56
  28972.542   135.250     4.58    2.51
  29348.294   135.862     1.63    2.45
  29724.049   136.453     1.57    2.14
  30099.809   136.997     1.45    1.90
  30475.573   137.222     0.60    1.91
  30851.341   137.889     1.77    1.86
  31227.114   138.389     1.33    2.17
  31602.890   139.204     2.17    2.31
  31978.671   140.222     2.71    1.75
  32354.456   140.483     0.70    1.72
  32730.245   140.152    -0.88    1.91
  33106.038   139.573    -1.54    1.88
  33481.836   139.951     1.01    2.79
  33857.638   142.042     5.57    3.48
  34233.443   144.047     5.33    2.42
  34609.254   145.186     3.03    1.75
  34985.068   145.248     0.16    1.46
  35360.887   145.972     1.93    2.01
  35736.709   146.991     2.71    2.61
  36112.536   148.042     2.80    2.61
  36488.368   149.429     3.69    2.17
  36864.203   149.684     0.68    1.99
  37240.043   149.709     0.07    1.86
  37615.886   149.735     0.07    1.76
  37991.735   149.456    -0.74    3.57
  38367.587   149.530     0.20    4.94
  38743.443   151.672     5.70    4.54
  39119.304   151.453    -0.58    6.40
  39495.169   151.678     0.60    7.63
  39871.038   151.920     0.64    8.47
  40246.912   151.325    -1.58   10.16
  40622.790   153.599     6.05    8.51
  40998.672   155.321     4.58    5.65
  41374.558   155.376     0.15    4.08
  41750.448   152.833    -6.76    4.85
  42126.343   151.222    -4.29    5.32
  42502.242   148.991    -5.93    6.67
  42878.145   145.754    -8.61    7.84
  43254.053   143.196    -6.80    8.43
  43629.964   140.966    -5.93    8.71
  44005.880   138.555    -6.41    9.00
  44381.800   136.726    -4.87    9.36
  44757.725   132.837   -10.35    9.10
  45133.654   129.862    -7.92    7.58
  45509.587   129.991     0.34    6.37
  45885.524   130.401     1.09    5.22
  46261.465   131.139     1.96    4.80
  46637.411   134.222     8.20    5.91
  47013.361   137.599     8.98    6.46
  47389.315   140.889     8.75    6.58
  47765.274   146.672    15.38    7.86
  48141.237   152.000    14.17    7.65
  48517.204   155.709     9.87    7.27
  48893.175   158.914     8.53    6.33
  49269.151   161.047     5.67    5.61
  49645.131   162.966     5.10    3.90
  50021.115   163.863     2.39    3.51
  50397.104   164.068     0.55    3.65
  50773.097   163.321    -1.99    3.86
  51149.094   163.042    -0.74    3.79
  51525.095   163.537     1.32    4.00
  51901.101   164.094     1.48    3.92
  52277.111   166.273     5.80    4.49
  52653.125   169.070     7.44    4.28
  53029.144   171.889     7.49    4.90
  53405.167   175.240     8.91    4.68
  53781.194   176.599     3.61    5.67
  54157.225   177.781     3.14    7.35
  54533.261   176.889    -2.37    9.38
  54909.301   167.889   -23.93   14.44
  55285.346   158.222   -25.71   17.24
  55661.394   147.047   -29.72   12.05
  56037.448   143.914    -8.33    7.89
  56413.505   148.581    12.41   12.14
  56789.567   157.709    24.27   15.44
  57165.633   168.835    29.58   13.57
  57541.703   175.042    16.51   11.00
  57917.778   179.528    11.93    9.81
  58293.856   181.336     4.81    8.93
  58669.940   185.389    10.78    9.48
  59046.027   188.603     8.55    8.77
  59422.119   190.966     6.28    9.24
  59798.216   193.645     7.13    9.50
  60174.316   194.808     3.09   10.67
  60550.421   201.375    17.46   10.77
  60926.530   207.361    15.92    7.24
  61302.644   210.164     7.45    4.13
  61678.762   210.017    -0.39    2.86
  62054.884   207.678    -6.22    3.77
  62431.011   204.914    -7.35    4.18
  62807.142   201.196    -9.88    4.72
  63183.277   196.632   -12.13    5.64
  63559.417   193.178    -9.18    5.49
  63935.561   190.042    -8.34    5.93
  64311.710   188.132    -5.08    7.62
  64687.862   186.652    -3.93    8.53
  65064.019   184.014    -7.01    8.30
  65440.181   180.346    -9.75    7.31
  65816.347   173.760   -17.51    9.40
  66192.517   166.105   -20.35    9.44
  66568.691   160.240   -15.59    7.16
  66944.870   158.943    -3.45    5.09
  67321.054   162.278     8.87    6.99
  67697.241   168.839    17.44    7.31
  68073.433   174.812    15.88    6.26
  68449.630   179.997    13.78    6.47
  68825.831   185.607    14.91    6.64
  69202.036   190.836    13.90    6.72
  69578.245   196.966    16.29    9.04
  69954.459   203.204    16.58    8.31
  70330.678   209.632    17.09    7.79
  70706.900   213.375     9.95    5.51
  71083.127   213.599     0.60    5.22
  71459.359   213.014    -1.56    5.26
  71835.595   211.333    -4.47    5.68
  72211.835   213.494     5.74    6.46
  72588.080   217.916    11.75    6.09
  72964.329   221.808    10.34    4.85
  73340.582   224.510     7.18    3.63
  73716.840   226.916     6.40    2.79
  74093.102   227.814     2.38    3.08
  74469.369   225.453    -6.27    5.91
  74845.640   222.591    -7.60    7.23
  75221.915   220.196    -6.37    6.40
  75598.195   221.178     2.61    6.06
  75974.480   224.760     9.52    6.63
  76350.768   227.441     7.12    4.80
  76727.061   229.684     5.96    3.97
  77103.359   230.537     2.27    3.60
  77479.661   229.812    -1.93    4.25
  77855.967   229.035    -2.06    4.58
  78232.278   226.528    -6.66    5.23
  78608.593   226.350    -0.47    4.96
  78984.913   227.678     3.53    5.24
  79361.237   228.862     3.14    6.72
  79737.566   232.078     8.55    6.26
  80113.898   233.917     4.89    5.34
  80490.236   231.714    -5.86    7.40
  80866.578   230.889    -2.19    7.39
  81242.924   232.078     3.16    7.63
  81619.275   235.684     9.58    8.37
  81995.630   240.694    13.31    7.28
  82371.989   244.196     9.31    6.92
  82748.353   245.760     4.16    8.23
  83124.722   245.283    -1.27    9.35
  83501.095   241.757    -9.37   10.42
  83877.472   238.940    -7.49    9.27
  84253.854   236.376    -6.81    6.85
  84630.240   235.456    -2.44    5.27
  85006.631   236.214     2.01    4.96
  85383.026   236.336     0.33    5.10
  85759.426   236.204    -0.35    5.33
  86135.830   235.510    -1.84    5.38
  86512.238   234.603    -2.41    4.39
  86888.651   236.017     3.76    4.59
  87265.069   240.094    10.83    5.66
  87641.491   243.861    10.01    5.49
  88017.917   249.504    14.99    6.54
  88394.348   254.111    12.24    5.58
  88770.784   259.178    13.46    5.69
  89147.223   261.094     5.09    5.09
  89523.668   260.970    -0.33    6.39
  89900.117   258.991    -5.26    8.21
  90276.570   256.196    -7.42    9.70
  90653.028   252.478    -9.88   12.93
  91029.490   248.402   -10.83   15.50
  91405.957   243.414   -13.25   16.50
  91782.428   236.186   -19.20   15.76
  92158.904   230.645   -14.72   12.63
  92535.384   224.267   -16.94    7.17
  92911.869   223.222    -2.78    5.64
  93288.358   224.453     3.27    5.89
  93664.852   227.940     9.26    8.26
  94041.350   231.240     8.77    9.42
  94417.853   240.941    25.77   15.36
  94794.360   254.833    36.90   18.52
  95170.872   265.599    28.60   17.02
  95547.388   275.564    26.47    9.62
  95923.909   279.240     9.76    3.88
  96300.434   279.068    -0.46    5.10
  96676.964   278.389    -1.80    5.17
  97053.498   277.812    -1.53    3.99
  97430.037   277.808    -0.01    3.68
  97806.580   278.114     0.81    2.58
  98183.128   279.020     2.41    2.33
  98559.680   279.618     1.59    2.52
  98935.592   281.652     5.41    3.21
  99311.252   285.250     9.58    4.70
  99686.917   288.350     8.25    5.32
 100062.586   292.735    11.67    5.53
 100438.260   295.348     6.96    4.78
 100813.938   296.294     2.52    4.13
 101189.621   295.943    -0.94    3.29
 101565.308   295.453    -1.30    2.79
 101941.000   296.255     2.13    3.22
 102316.696   298.159     5.07    3.60
 102692.397   300.889     7.27    3.75
 103068.102   303.599     7.21    3.47
 103443.812   306.389     7.42    4.00
 103819.526   309.483     8.24    3.97
 104195.245   310.539     2.81    3.80
 104570.968   309.483    -2.81    4.76
 104946.696   306.152    -8.87    5.49
 105322.429   301.684   -11.89    4.85
 105698.166   298.472    -8.55    3.18
 106073.907   297.119    -3.60    2.44
 106449.653   296.812    -0.82    2.72
 106825.404   297.754     2.51    2.96
 107201.159   299.105     3.60    3.64
 107576.919   301.583     6.60    5.09
 107952.683   306.632    13.44    7.48
 108328.452   311.352    12.56    6.90
 108704.225   314.294     7.83    5.05
 109080.003   314.839     1.45    4.15
 109455.786   312.178    -7.08    3.72
 109831.573   309.658    -6.71    3.56
 110207.364   307.812    -4.91    2.69
 110583.160   307.017    -2.12    2.49
 110958.961   307.429     1.10    3.03
 111334.766   308.625     3.18    3.35
 111710.576   308.068    -1.48    4.15
 112086.390   305.267    -7.45    5.35
 112462.209   302.248    -8.03    5.07
 112838.033   298.389   -10.27    4.51
 113213.861   294.510   -10.32    3.96
 113589.694   291.564    -7.84    3.19
 113965.531   289.444    -5.64    2.90
 114341.373   287.589    -4.94    2.63
 114717.219   285.664    -5.12    3.03
 115093.070   284.389    -3.39    3.19
 115468.926   283.489    -2.39    3.25
 115844.786   283.427    -0.16    3.80
 116220.651   283.786     0.96    3.76
 116596.520   283.020    -2.04    3.88
 116972.394   281.119    -5.06    4.07
 117348.273   277.835    -8.74    4.30
 117724.156   275.152    -7.14    3.12
 118100.043   272.964    -5.82    3.04
 118475.936   271.028    -5.15    3.39
 118851.833   269.094    -5.14    3.45
 119227.734   266.997    -5.58    2.65
 119603.640   266.348    -1.73    2.98
 119979.551   264.943    -3.74    3.71
 120355.466   264.166    -2.07    4.03
 120731.386   263.089    -2.87    4.19
 121107.311   262.966    -0.33    4.54
 121483.240   263.889     2.46    4.81
 121859.174   264.350     1.23    5.36
 122235.112   265.204     2.27    5.57
 122611.055   265.114    -0.24    5.31
 122987.003   264.573    -1.44    4.70
 123362.955   262.684    -5.03    5.57
 123738.912   258.699   -10.60    7.01
 124114.874   253.632   -13.48    8.03
 124490.840   250.689    -7.83    6.55
 124866.811   250.389    -0.80    6.53
 125242.786   253.862     9.24    8.55
 125618.766   260.267    17.04    6.68
 125994.751   264.132    10.28    4.62
 126370.740   266.132     5.32    3.55
 126746.734   266.166     0.09    3.90
 127122.733   263.364    -7.45    6.56
 127498.736   260.684    -7.13    6.30
 127874.744   258.943    -4.63    5.42
 128250.757   260.376     3.81    6.32
 128626.774   263.494     8.29    6.42
 129002.796   267.119     9.64    6.58
 129378.822   270.178     8.13    6.03
 129754.853   271.632     3.87    4.91
 130130.889   273.125     3.97    4.65
 130506.930   273.889     2.03    4.71
 130882.975   274.547     1.75    4.23
 131259.025   274.943     1.05    5.42
 131635.079   272.915    -5.39    5.40
 132011.138   271.652    -3.36    4.42
 132387.202   271.672     0.05    3.55
 132763.270   272.178     1.34    2.63
 133139.344   273.477     3.45    2.31
 133515.421   275.042     4.16    3.03
 133891.504   277.350     6.14    3.08
 134267.591   279.078     4.59    2.64
 134643.683   280.812     4.61    2.61
 135019.780   281.618     2.14    2.43
 135395.881   283.068     3.85    2.05
 135771.987   284.273     3.20    2.16
 136148.097   285.652     3.67    2.41
 136524.213   287.941     6.09    3.24
 136900.332   290.325     6.34    3.30
 137276.457   292.547     5.91    3.87
 137652.587   295.240     7.16    3.29
 138028.721   296.889     4.38    3.40
 138404.859   297.573     1.82    2.99
 138781.003   297.581     0.02    2.97
 139157.151   295.836    -4.64    3.06
 139533.304   294.139    -4.51    2.65
 139909.461   294.889     1.99    4.22
 140285.624   295.350     1.23    4.66
 140661.791   296.591     3.30    4.24
 141037.962   297.530     2.49    3.02
 141414.139   296.722    -2.15    5.04
 141790.320   292.991    -9.92    8.42
 142166.506   285.145   -20.86   12.97
 142542.696   273.099   -32.02   17.49
 142918.892   257.914   -40.37   17.65
 143295.092   245.171   -33.88   12.74
 143671.296   236.094   -24.13    9.15
 144047.506   229.456   -17.64    6.46
 144423.720   225.196   -11.32    6.16
 144799.939   220.889   -11.45    4.97
 145176.163   216.581   -11.45    5.54
 145552.391   213.042    -9.41    5.35
 145928.624   209.701    -8.88    5.21
 146304.862   206.119    -9.52    5.13
 146681.105   203.047    -8.17    4.66
 147057.352   200.599    -6.50    4.99
 147433.604   196.836   -10.00    4.93
 147809.861   193.472    -8.94    3.91
 148186.122   189.991    -9.25    4.68
 148562.389   187.760    -5.93    4.62
 148938.660   185.468    -6.09    4.76
 149314.936   183.889    -4.20    4.41
 149691.216   183.812    -0.20    4.39
 150067.502   183.478    -0.89    3.90
 150443.792   183.024    -1.21    3.65
 150820.087   180.863    -5.74    4.63
 151196.386   177.618    -8.62    5.00
 151572.691   175.047    -6.83    3.47
 151949.000   175.139     0.24    3.38
 152325.314   177.260     5.64    4.93
 152701.632   181.837    12.16    6.50
 153077.956   185.105     8.68    5.50
 153454.284   184.997    -0.29    5.65
 153830.617   182.375    -6.97    6.84
 154206.955   178.055   -11.48    5.37
 154583.298   173.939   -10.94    5.29
 154959.645   171.139    -7.44    4.41
 155335.997   169.494    -4.37    3.75
 155712.354   169.478    -0.04    4.15
 156088.716   171.914     6.47    5.33
 156465.082   173.607     4.50    5.27
 156841.453   175.047     3.83    4.86
 157217.830   176.196     3.06    4.32
 157594.210   177.348     3.06    3.99
 157970.596   178.757     3.74    3.30
 158346.987   178.339    -1.11    3.56
 158723.382   176.972    -3.63    4.10
 159099.782   175.171    -4.79    4.06
 159476.187   174.213    -2.54    3.81
 159852.597   174.645     1.15    3.25
 160229.011   176.564     5.10    4.03
 160605.430   179.666     8.24    4.65
 160981.854   184.514    12.88    6.24
 161358.283   191.094    17.48    8.43
 161734.717   197.916    18.12    9.64
 162111.156   205.171    19.27    8.50
 162487.599   209.375    11.17    5.77
 162864.047   212.812     9.13    3.15
 163240.500   213.171     0.95    2.93
 163616.958   213.094    -0.20    3.26
 163993.421   212.970    -0.33    3.62
 164369.888   211.889    -2.87    3.74
 164746.361   210.133    -4.66    4.19
 165122.838   207.213    -7.76    5.14
 165499.320   203.991    -8.56    5.47
 165875.807   199.678   -11.46    5.58
 166252.298   195.672   -10.64    5.97
 166628.795   191.808   -10.27    5.53
 167005.296   189.260    -6.77    5.33
 167381.803   186.068    -8.48    6.19
 167758.314   183.214    -7.58    6.03
 168134.830   181.375    -4.88    5.10
 168511.350   179.222    -5.72    3.51
 168887.876   178.194    -2.73    3.26
 169264.406   176.991    -3.20    3.35
 169640.942   176.684    -0.82    2.96
 170017.482   177.726     2.77    4.27
 170394.027   179.273     4.11    4.78
 170770.577   180.453     3.13    5.46
 171147.132   181.614     3.08    5.48
 171523.691   182.510     2.38    5.06
 171900.256   183.914     3.73    4.62
 172276.825   187.573     9.72    6.45
 172653.399   192.754    13.76    6.96
 173029.978   195.483     7.25    5.60
 173406.562   194.305    -3.13    7.35
 173783.151   189.119   -13.77    8.55
 174158.782   182.735   -17.00    6.07
 174534.412   178.889   -10.24    5.06
 174910.048   176.073    -7.50    4.01
 175285.688   175.694    -1.01    3.40
 175661.334   175.415    -0.74    3.13
 176036.984   175.011    -1.08    3.20
 176412.639   174.132    -2.34    3.37
 176788.298   171.273    -7.61    3.47
 177163.963   170.684    -1.57    3.43
 177539.633   172.863     5.80    6.04
 177915.307   174.415     4.13    6.50
 178290.986   177.222     7.47    6.11
 178666.671   179.240     5.37    5.53
 179042.360   177.494    -4.65    4.73
 179418.054   175.504    -5.30    5.27
 179793.752   173.161    -6.24    4.18
 180169.456   172.248    -2.43    3.82
 180545.165   171.625    -1.66    3.53
 180920.878   171.283    -0.91    3.58
 181296.596   169.754    -4.07    3.57
 181672.320   168.055    -4.52    3.71
 182048.048   165.094    -7.88    4.95
 182423.781   161.684    -9.08    5.36
 182799.519   158.125    -9.47    4.88
 183175.261   155.364    -7.35    3.65
 183551.009   153.684    -4.47    3.16
 183926.762   152.376    -3.48    2.49
 184302.519   150.970    -3.74    2.77
 184678.282   150.017    -2.54    3.01
 185054.049   148.051    -5.23    3.30
 185429.821   146.625    -3.79    2.49
 185805.598   146.239    -1.03    2.07
 186181.381   145.546    -1.84    2.84
 186557.167   145.812     0.71    3.00
 186932.959   144.537    -3.39    3.94
 187308.756   142.862    -4.46    4.14
 187684.558   140.645    -5.90    4.34
 188060.365   138.666    -5.27    3.57
 188436.176   136.289    -6.33    3.20
 188811.993   134.607    -4.48    2.69
 189187.814   132.652    -5.20    2.67
 189563.640   130.607    -5.44    3.19
 189939.472   128.966    -4.37    3.74
 190315.308   127.325    -4.37    3.80
 190691.149   125.968    -3.61    3.12
 191066.995   125.684    -0.76    2.87
 191442.846   124.808    -2.33    2.98
 191818.702   123.573    -3.29    2.99
 192194.563   122.114    -3.88    2.65
 192570.429   120.639    -3.92    2.60
 192946.300   120.024    -1.64    3.33
 193322.175   119.510    -1.37    3.45
 193698.056   119.402    -0.29    3.59
 194073.942   120.024     1.65    4.86
 194449.832   120.660     1.69    5.96
 194825.728   121.039     1.01    5.97
 195201.628   119.599    -3.83    5.57
 195577.534   117.591    -5.34    4.09
 195953.444   115.530    -5.48    4.26
 196329.360   113.099    -6.47    3.79
 196705.280   111.068    -5.40    3.21
 197081.205   108.401    -7.09    3.97
 197457.136   105.940    -6.55    4.58
 197833.071   103.573    -6.30    4.35
 198209.011   102.145    -3.80    4.90
 198584.957   102.464     0.85    5.65
 198960.907   105.278     7.49   11.29
 199336.862   106.024     1.99   11.95
 199712.822   107.835     4.82   11.48
 200088.787   107.808    -0.07    7.79
 200464.757   106.427    -3.67    7.14
 200840.732   102.917    -9.34    7.04
 201216.713   100.289    -6.99    5.80
 201592.698    97.310    -7.92    5.14
 201968.688    95.132    -5.79    5.56
 202344.683    92.889    -5.97    5.20
 202720.683    90.375    -6.69    4.29
 203096.688    89.350    -2.73    3.69
 203472.698    88.863    -1.30    3.83
 203848.713    87.789    -2.86    4.09
 204224.733    86.231    -4.14    3.79
 204600.758    84.940    -3.43    3.57
 204976.788    84.427    -1.36    3.56
 205352.823    84.250    -0.47    3.77
 205728.864    84.125    -0.33    3.77
 206104.909    83.994    -0.35    4.05
 206480.959    84.204     0.56    3.88
 206857.014    83.837    -0.98    4.22
 207233.074    83.576    -0.69    4.70
 207609.139    82.599    -2.60    4.89
 207985.210    80.299    -6.12    5.42
 208361.285    76.348   -10.51    7.94
 208737.365    71.940   -11.72    7.63
 209113.450    68.726    -8.55    6.28
 209489.541    67.248    -3.93    5.92
 209865.636    68.299     2.80    6.66
 210241.736    70.991     7.16    6.29
 210617.842    73.916     7.78    5.93
 210993.952    73.453    -1.23    6.32
 211370.068    72.119    -3.55    7.01
 211746.188    69.361    -7.33    7.96
 212122.314    64.427   -13.12    7.16
 212498.445    60.159   -11.35    6.02
 212874.580    61.555     3.71    8.13
 213250.721    63.273     4.57    8.37
 213626.867    67.174    10.37   11.74
 214003.018    69.754     6.86   11.08
 214379.174    67.652    -5.59   10.12
 214755.334    66.204    -3.85    9.27
 215131.500    66.139    -0.17    7.30
 215507.672    68.083     5.17    8.16
 215883.848    68.937     2.27    9.98
 216260.029    67.094    -4.90   11.62
 216636.215    65.940    -3.07   12.92
 217012.406    63.836    -5.59   13.54
 217388.603    66.376     6.75   16.05
 217764.804    74.658    22.02   17.16
 218141.011    83.194    22.69   19.75
 218517.223    84.350     3.07   23.74
 218893.439    80.483   -10.28   24.98
 219269.661    71.760   -23.19   21.69
 219645.888    62.039   -25.84    8.69
 220022.120    58.717    -8.83    6.35
 220398.357    56.510    -5.87    6.60
 220774.599    56.645     0.36    8.22
 221150.846    58.625     5.26    9.14
 221527.098    62.839    11.20    9.00
 221903.356    65.166     6.19    8.27
 222279.618    62.035    -8.32   12.88
 222655.886    53.966   -21.45   16.66
 223032.159    41.537   -33.03   15.41
 223408.436    32.530   -23.94    8.73
 223784.719    29.658    -7.63    4.69
 224161.007    31.684     5.38    5.35
 224537.300    33.836     5.72    4.22
 224913.599    35.464     4.33    7.56
 225289.902    37.125     4.42   11.53
 225666.210    48.814    31.06   27.18
 226042.524    64.039    40.46   38.39
 226418.843    82.444    48.91   44.60
 226795.166    98.186    41.83   47.89
 227171.495   115.808    46.83   43.46
 227547.829   119.099     8.75   40.82
 227924.168   120.695     4.24   41.48
