# NaN NaN NaN ;Mean Elev.(m), Avg Gradient(m/km), RMS Gradient(m/km) - SRTM1     
#   47.546  -0.150  14.497 ;Mean Elev.(m), Avg Gradient(m/km), RMS Gradient(m/km) - ASTER GDEM
#   63.490  -0.016  14.029 ;Mean Elev.(m), Avg Gradient(m/km), RMS Gradient(m/km) - GMTED2010 
  7 292.146425   5.282140    69.515    69.477  3 52460.10301531 40.136
  9 292.142854   5.276753    68.685    68.767  3 52530.10299126 30.391
 10 292.150097   5.288363    64.156    64.171 10 52565.10301118 50.166
 11 292.139050   5.274628    65.913    65.915  3 52600.10303536 47.029
 12 292.141615   5.276751    62.220    62.244  3 52635.10299266 44.065
 13 292.142646   5.276934    59.608    59.608  2 52670.10300231 39.358
 14 292.146270   5.279990    56.970    56.892  3 52705.10299257 30.492
 15 292.142770   5.276690    59.717    59.717  2 52740.10302694 21.214
 16 292.147500   5.284113    64.837    64.825  4 52775.10297592 35.190
 17 292.140772   5.277404    67.670    67.670  3 52810.10304913 45.650
 18 292.143070   5.276807    69.379    69.379  2 52845.10310511 46.639
 19 292.141846   5.276930    69.434    69.431  3 52880.10314268 46.901
 20 292.147166   5.283864    67.428    67.451  4 52915.10310141 42.206
 21 292.147328   5.282605    65.521    65.566  4 52950.10306060 40.631
 22 292.147916   5.286941    63.481    63.356  7 52985.10308577 33.663
 23 292.146375   5.278859    60.919    60.901  3 53020.10307520 30.720
 24 292.147538   5.283625    58.400    58.363  5 53055.10306289 21.731
 25 292.138303   5.269649    59.549    59.531  5 53090.10309767 51.077
 26 292.145350   5.277169    61.836    61.836  2 53125.10306942 36.891
 27 292.139093   5.270127    67.512    67.546  5 53160.10312903 47.108
 28 292.146285   5.280632    69.073    69.073  4 53195.10312708 40.811
 29 292.147990   5.284501    68.935    68.926  6 53230.10311581 32.394
 30 292.142991   5.277459    68.152    68.133  3 53265.10308555 44.071
 31 292.135990   5.269113    65.941    65.937  4 53300.10313171 47.943
 32 292.144034   5.277511    63.547    63.569  3 53335.10310304 36.168
 33 292.146293   5.281189    61.407    61.401  4 53370.10304289 37.461
 35 292.145634   5.276349    59.981    59.919  3 53440.10306245 31.383
 36 292.139461   5.276587    62.220    62.220  2 53475.10312570 49.108
 37 292.144022   5.276456    66.454    66.486  3 53510.10314227 40.577
 38 292.139898   5.276836    68.629    68.629  2 53545.10315903 18.368
 40 292.142084   5.276006    68.192    68.192  2 53615.10308977 33.117
 41 292.145782   5.277047    64.701    64.681  3 53650.10309977 41.010
 42 292.139710   5.275863    64.133    64.124  3 53685.10311030 48.508
 43 292.146930   5.281797    63.210    63.167  3 53720.10303764 45.912
 44 292.148825   5.290193    60.148    60.189  9 53755.10296342 39.025
 45 292.147402   5.283265    59.713    59.750  4 53790.10299187 23.021
 46 292.147727   5.283353    60.534    60.531  5 53825.10294815 33.539
 47 292.140730   5.275925    62.872    62.864  3 53860.10304066 38.735
 48 292.146022   5.278546    66.887    66.888  3 53895.10305897 41.552
 49 292.135968   5.268939    69.151    69.134  5 53930.10311140 45.306
 50 292.139387   5.270677    69.405    69.436  5 53965.10308986 46.554
 51 292.145587   5.280036    66.904    66.897  3 54000.10304764 46.388
 52 292.146097   5.280297    65.038    65.077  4 54035.10309151 38.663
 53 292.145755   5.278764    64.907    64.816  3 54070.10308496 36.818
 54 292.144182   5.277586    62.118    62.114  3 54105.10303925 30.594
 55 292.143691   5.276740    60.103    60.103  2 54140.10301685 29.079
 56 292.144186   5.276580    58.873    58.882  3 54175.10301905 28.217
 57 292.142695   5.277192    62.311    62.306  3 54210.10302310 36.962
 58 292.144220   5.276495    65.952    65.952  2 54245.10305403 41.787
 59 292.144578   5.275958    68.814    68.858  3 54280.10306542 36.801
 60 292.145937   5.278482    69.378    69.357  3 54315.10306485 42.821
 61 292.144989   5.278078    68.110    68.122  3 54350.10303352 43.212
 62 292.145521   5.276138    67.100    67.040  3 54385.10300290 45.742
 63 292.144394   5.276873    64.340    64.337  3 54420.10298277 40.225
 64 292.144550   5.277709    61.631    61.597  3 54455.10297492 36.524
 65 292.145412   5.278687    59.872    59.882  3 54490.10298335 31.382
 66 292.145568   5.279116    59.740    59.764  3 54525.10298796 30.309
 67 292.144689   5.276197    59.841    59.866  3 54560.10299192 30.183
 68 292.144123   5.276042    62.272    62.272  2 54595.10298396 37.080
 69 292.143560   5.277055    66.618    66.618  2 54630.10299809 47.451
 70 292.142528   5.276755    69.549    69.539  3 54665.10300455 45.943
 71 292.145969   5.279098    69.004    69.005  4 54700.10297557 31.580
 72 292.144025   5.276285    66.349    66.349  2 54735.10296348 40.491
 73 292.145701   5.277392    65.071    65.061  3 54770.10295501 45.699
 74 292.143150   5.275824    65.496    65.579  3 54805.10295666 34.691
 75 292.145103   5.276688    61.451    61.424  3 54840.10295010 35.501
 76 292.143437   5.276630    61.110    60.977  3 54875.10295761 24.809
 77 292.143285   5.277387    60.591    60.588  3 54910.10295568 32.599
 78 292.142469   5.276771    61.854    61.836  3 54945.10295060 39.204
 79 292.143085   5.276951    63.236    63.252  3 54980.10297744 41.086
 80 292.144475   5.275698    67.052    67.043  3 55015.10297975 48.353
 81 292.145126   5.277538    68.764    68.765  3 55050.10297419 46.968
 82 292.144776   5.276775    67.288    67.335  3 55085.10294119 48.947
 83 292.145798   5.276172    64.774    64.767  3 55120.10290645 43.329
 84 292.143638   5.277622    62.058    62.082  3 55155.10290034 40.910
 85 292.143339   5.276612    60.591    60.591  2 55190.10289614 31.908
 86 292.143990   5.277394    59.237    59.385  3 55225.10290053 26.744
 87 292.145328   5.276440    58.245    58.443  3 55260.10289135 35.587
 88 292.144938   5.276184    59.738    59.738  2 55295.10288631 30.905
 89 292.142483   5.275769    66.069    66.041  3 55330.10287380 39.789
 90 292.145400   5.275237    67.975    68.003  3 55365.10286706 45.582
 91 292.143974   5.276191    68.928    68.944  3 55400.10287862 36.668
 92 292.146061   5.278090    69.244    69.235  3 55435.10288448 37.148
 93 292.145489   5.278753    65.888    65.870  3 55470.10283825 38.230
