# NaN NaN NaN ;Mean Elev.(m), Avg Gradient(m/km), RMS Gradient(m/km) - SRTM1     
#    3.483  -2.841   6.729 ;Mean Elev.(m), Avg Gradient(m/km), RMS Gradient(m/km) - ASTER GDEM
#    8.393  -3.671   7.195 ;Mean Elev.(m), Avg Gradient(m/km), RMS Gradient(m/km) - GMTED2010 
  6    88.800 52420.59430211  5.30 297.331239   8.391982  2.409
  6    90.816 52420.59430276  5.29 297.330509   8.388672  2.409
  6    92.618 52420.59430340  5.96 297.329769   8.385372  2.409
  6    91.808 52420.59430405  6.40 297.329029   8.382062  2.409
  6    94.513 52420.59430469  6.64 297.328299   8.378762  2.409
  6    93.866 52420.59430534  6.84 297.327559   8.375452  2.409
  6    93.564 52420.59430598  7.30 297.326819   8.372152  2.409
  6   102.476 52420.59430663  6.76 297.326079   8.368842  2.409
  7    89.410 52455.59432591  6.07 297.330630   8.391190  2.810
  7    91.037 52455.59432655  6.31 297.329890   8.387890  2.810
  7    91.297 52455.59432719  6.74 297.329160   8.384580  2.810
  7    91.406 52455.59432784  7.43 297.328420   8.381280  2.810
  7    92.892 52455.59432848  7.37 297.327680   8.377970  2.810
  7    93.661 52455.59432913  7.98 297.326940   8.374670  2.810
  7    95.061 52455.59432977  7.89 297.326210   8.371360  2.810
  7   100.682 52455.59433042  7.96 297.325470   8.368060  2.810
  8    10.822 52490.59429842 30.45 297.341500   8.399566 20.256
  8    10.616 52490.59429907 25.36 297.340760   8.396256 20.256
  8    10.211 52490.59429971 24.93 297.340020   8.392956 20.256
  8    11.937 52490.59430165 24.68 297.337810   8.383036 20.256
  8    11.173 52490.59430229 20.94 297.337080   8.379736 20.256
  8    11.031 52490.59430293 20.18 297.336340   8.376426 20.256
 10     9.758 52560.59433135 17.77 297.329468   8.376169 16.950
 10     9.644 52560.59433199 18.22 297.328728   8.372869 16.950
 10     9.567 52560.59433264 21.36 297.327998   8.369559 16.950
 11    87.242 52595.59433767  5.08 297.326331   8.389999  2.851
 11    90.173 52595.59433831  5.67 297.325591   8.386689  2.851
 11    92.347 52595.59433896  6.10 297.324852   8.383386  2.394
 11    90.179 52595.59433960  6.27 297.324112   8.380076  2.394
 11    91.872 52595.59434025  6.31 297.323382   8.376776  2.394
 11    92.168 52595.59434089  6.95 297.322642   8.373466  2.394
 11    92.807 52595.59434154  7.06 297.321902   8.370166  2.394
 11    93.917 52595.59434218  7.59 297.321172   8.366856  2.394
 12     5.567 52630.59427347 14.74 297.334750   8.384426  8.034
 12    14.283 52630.59427540 12.01 297.332540   8.374516  8.034
 12     7.476 52630.59427605 18.78 297.331800   8.371206  8.034
 15     4.748 52735.59430368 20.16 297.339419   8.398961  7.702
 15     4.479 52735.59430432 17.22 297.338679   8.395661  7.702
 15     4.262 52735.59430497 15.81 297.337939   8.392351  7.702
 15     3.965 52735.59430561 13.29 297.337209   8.389051  7.702
 17    90.901 52805.59432899  4.40 297.333133   8.391815  2.180
 17    91.869 52805.59432964  5.05 297.332393   8.388505  2.180
 17    93.528 52805.59433028  5.62 297.331653   8.385205  2.180
 17    95.619 52805.59433093  5.83 297.330923   8.381895  2.180
 17    93.944 52805.59433157  6.39 297.330183   8.378595  2.180
 17    95.130 52805.59433222  6.47 297.329443   8.375285  2.180
 17    95.635 52805.59433286  6.92 297.328713   8.371985  2.180
 17    96.695 52805.59433351  6.96 297.327973   8.368675  2.180
 18     9.294 52840.59439234 22.68 297.332219   8.377787 11.456
 18     9.894 52840.59439298 21.42 297.331489   8.374477 11.456
 18    11.338 52840.59439363 24.34 297.330749   8.371177 11.456
 19    10.954 52875.59442864 27.25 297.333856   8.392153 18.478
 19    10.600 52875.59442928 22.47 297.333113   8.388850  9.105
 19    10.701 52875.59442993 22.89 297.332383   8.385540  9.105
 19    10.905 52875.59443057 23.37 297.331643   8.382240  9.105
 19    11.178 52875.59443122 22.75 297.330903   8.378930  9.105
 19    11.107 52875.59443186 25.27 297.330163   8.375630  9.105
 19    11.266 52875.59443251 25.87 297.329433   8.372320  9.105
 19    11.443 52875.59443315 31.86 297.328693   8.369020  9.105
 20    10.271 52910.59439522 29.71 297.341516   8.399736 17.410
 20    10.085 52910.59439586 24.61 297.340786   8.396436 17.410
 20     9.574 52910.59439651 24.32 297.340046   8.393126 17.410
 20     9.674 52910.59439715 25.27 297.339306   8.389826 17.410
 20    10.203 52910.59439780 22.70 297.338576   8.386516 17.410
 20     9.943 52910.59439844 27.99 297.337836   8.383216 17.410
 20    10.420 52910.59439908 21.32 297.337096   8.379906 17.410
 20    10.535 52910.59439973 19.23 297.336366   8.376606 17.410
 21     8.918 52945.59434435 17.59 297.338498   8.381012  6.750
 21    11.624 52945.59434499 18.93 297.337758   8.377702  6.750
 23    89.169 53015.59438483  4.60 297.331851   8.392428  2.156
 23    91.170 53015.59438548  4.90 297.331111   8.389118  2.156
 23    92.629 53015.59438612  5.42 297.330371   8.385818  2.156
 23    94.663 53015.59438677  5.84 297.329641   8.382508  2.156
 23    95.217 53015.59438741  6.20 297.328901   8.379208  2.156
 23    93.802 53015.59438806  6.49 297.328161   8.375898  2.156
 23    93.708 53015.59438870  7.27 297.327431   8.372598  2.156
 23   102.429 53015.59438935  6.82 297.326691   8.369288  2.156
 24    90.167 53050.59435953  3.79 297.337187   8.396379  4.291
 24    91.764 53050.59436018  4.32 297.336457   8.393069  4.291
 24    93.418 53050.59436082  5.01 297.335717   8.389769  4.291
 24    94.423 53050.59436146  5.38 297.334977   8.386459  4.291
 24    95.720 53050.59436211  5.78 297.334237   8.383159  4.291
 24    95.625 53050.59436275  6.44 297.333507   8.379849  4.291
 24    95.493 53050.59436340  6.74 297.332762   8.376548  2.483
 24    96.388 53050.59436404  6.93 297.332032   8.373238  2.483
 24    96.365 53050.59436469  6.85 297.331292   8.369938  2.483
 25    86.636 53085.59439747  4.48 297.324960   8.389158  2.092
 25    88.105 53085.59439812  4.85 297.324230   8.385858  2.092
 25    92.814 53085.59439876  5.04 297.323490   8.382548  2.092
 25    90.243 53085.59439941  5.45 297.322754   8.379244  2.395
 25    89.361 53085.59440005  6.13 297.322014   8.375934  2.395
 25    92.256 53085.59440070  5.91 297.321284   8.372634  2.395
 25    99.884 53085.59440134  6.59 297.320544   8.369324  2.395
 25   101.312 53085.59440199  6.37 297.319804   8.366024  2.395
 26    89.593 53120.59436628  4.23 297.332486   8.393059  2.560
 26    90.953 53120.59436693  4.65 297.331746   8.389759  2.560
 26    92.076 53120.59436757  5.09 297.331006   8.386449  2.560
 26    94.690 53120.59436822  5.73 297.330266   8.383149  2.560
 26    95.375 53120.59436886  5.74 297.329536   8.379839  2.560
 26    94.363 53120.59436951  6.39 297.328792   8.376535  2.474
 26    95.819 53120.59437015  6.22 297.328062   8.373225  2.474
 26    96.070 53120.59437079  6.61 297.327322   8.369925  2.474
 26   104.206 53120.59437144  6.86 297.326582   8.366615  2.474
 27    88.436 53155.59442106  9.59 297.327101   8.387775  2.631
 27    89.910 53155.59442171  9.70 297.326358   8.384473  2.358
 27    90.138 53155.59442235 10.27 297.325628   8.381163  2.358
 27    91.532 53155.59442300 10.35 297.324888   8.377863  2.358
 27    90.838 53155.59442364 11.18 297.324148   8.374553  2.358
 27    93.449 53155.59442429 10.96 297.323408   8.371253  2.358
 27    93.805 53155.59442493 11.08 297.322678   8.367943  2.358
 29    11.178 53225.59441818 26.82 297.337279   8.395289 15.898
 29    10.911 53225.59441882 26.47 297.336539   8.391979 15.898
 29    10.708 53225.59441947 26.93 297.335799   8.388679 15.898
 29    12.090 53225.59442011 26.19 297.335069   8.385369 15.898
 29    11.925 53225.59442076 22.76 297.334329   8.382069 15.898
 29    11.576 53225.59442140 22.93 297.333589   8.378759 15.898
 29    11.680 53225.59442205 23.95 297.332859   8.375459 15.898
 29    12.791 53225.59442269 22.78 297.332119   8.372149 15.898
 29    13.517 53225.59442334 30.55 297.331382   8.368846 15.106
 32     7.268 53330.59439720 17.33 297.333500   8.386807 11.013
 32     7.132 53330.59439785 17.71 297.332770   8.383497 11.013
 32     7.892 53330.59439849 17.04 297.332030   8.380197 11.013
 32     7.794 53330.59439914 17.32 297.331290   8.376887 11.013
 32     7.886 53330.59439978 17.34 297.330550   8.373587 11.013
 32     9.934 53330.59440043 19.93 297.329820   8.370277 11.013
 33     5.808 53365.59434614 14.40 297.334975   8.385020  9.595
 33     8.800 53365.59434679 12.77 297.334235   8.381720  9.595
 33    14.055 53365.59434743 11.85 297.333495   8.378410  9.595
 33    13.482 53365.59434808 12.53 297.332765   8.375110  9.595
 33     8.187 53365.59434872 14.50 297.332025   8.371800  9.595
 34     7.742 53400.59437165 13.93 297.332241   8.385903 11.757
 34    13.800 53400.59437358 11.49 297.330031   8.375983 11.757
 34    13.673 53400.59437423 12.04 297.329291   8.372683 11.757
 34    11.969 53400.59437487 13.60 297.328561   8.369373 11.757
 35    13.949 53435.59436365 10.84 297.331564   8.374735 13.739
 35    19.901 53435.59436430 11.60 297.330824   8.371435 13.739
 35     7.951 53435.59436494 19.35 297.330094   8.368125 13.739
 36    89.461 53470.59440726  4.82 297.331889   8.392495  1.916
 36    90.767 53470.59440791  5.32 297.331159   8.389185  1.916
 36    92.517 53470.59440855  5.69 297.330419   8.385885  1.916
 36    94.774 53470.59440920  6.13 297.329679   8.382575  1.916
 36    95.367 53470.59440984  6.02 297.328939   8.379275  1.916
 36    94.238 53470.59441049  6.41 297.328209   8.375965  1.916
 36    95.807 53470.59441113  6.50 297.327469   8.372665  1.916
 36    95.250 53470.59441178  7.50 297.326729   8.369355  1.916
 36    95.691 53470.59441242  7.44 297.325989   8.366055  1.916
 37    91.212 53505.59444513  5.05 297.329732   8.389826  2.435
 37    91.705 53505.59444577  5.44 297.329002   8.386516  2.435
 37    92.406 53505.59444642  5.80 297.328262   8.383216  2.435
 37    94.215 53505.59444706  6.26 297.327522   8.379906  2.435
 37    93.207 53505.59444771  6.08 297.326792   8.376606  2.435
 37    94.586 53505.59444835  6.77 297.326052   8.373296  2.435
 37   101.721 53505.59444899  6.41 297.325312   8.369996  2.435
 37    95.218 53505.59444964  7.09 297.324582   8.366686  2.435
 38    93.362 53540.59444995  7.59 297.327943   8.376056  3.768
 38    95.495 53540.59445059  7.05 297.327213   8.372746  3.768
 38    98.438 53540.59445123  7.50 297.326473   8.369446  3.768
 38    95.717 53540.59445188  7.41 297.325733   8.366136  3.768
 39     8.967 53575.59443990 28.50 297.330577   8.391729 13.862
 39     9.578 53575.59444054 27.43 297.329837   8.388429 13.862
 41     9.878 53645.59439828 29.35 297.330301   8.371233 11.361
 41     9.658 53645.59439892 31.30 297.329571   8.367923 11.361
 42    90.774 53680.59441212  5.03 297.327404   8.388477  2.679
 42    92.067 53680.59441276  5.12 297.326664   8.385167  2.679
 42    91.492 53680.59441340  5.64 297.325924   8.381867  2.679
 42    91.426 53680.59441405  6.48 297.325184   8.378557  2.679
 42    94.466 53680.59441469  6.72 297.324454   8.375257  2.679
 42    96.222 53680.59441534  6.42 297.323714   8.371947  2.679
 42   101.357 53680.59441598  6.91 297.322974   8.368647  2.679
 43    90.898 53715.59433842  6.89 297.337332   8.395055  2.011
 43    92.339 53715.59433906  7.24 297.336592   8.391745  2.011
 43    93.752 53715.59433971  8.02 297.335852   8.388445  2.011
 43    95.186 53715.59434035  8.57 297.335122   8.385135  2.011
 43    95.950 53715.59434100  8.80 297.334382   8.381835  2.011
 43    96.052 53715.59434164  9.29 297.333652   8.378525  2.011
 43    96.306 53715.59434228  9.37 297.332912   8.375225  2.011
 43    96.588 53715.59434293  9.80 297.332172   8.371915  2.011
 44     5.290 53750.59425618 14.32 297.340120   8.390623  7.040
 44     5.979 53750.59425683 13.12 297.339380   8.387313  7.040
 44     8.498 53750.59425747 12.41 297.338640   8.384013  7.040
 44     9.459 53750.59425812 12.23 297.337900   8.380703  7.040
 45     4.999 53785.59428719 13.27 297.336705   8.387583  8.738
 45     6.198 53785.59428783 12.20 297.335965   8.384283  8.738
 45    93.862 53785.59429041 12.50 297.333015   8.371063  8.738
 46     5.455 53820.59424433 12.70 297.336016   8.391695  5.194
 46     4.649 53820.59424498 12.69 297.335286   8.388385  5.194
 46     4.693 53820.59424562 13.32 297.334546   8.385085  5.194
 46     4.923 53820.59424627 14.59 297.333806   8.381775  5.194
 46     4.799 53820.59424691 14.93 297.333076   8.378475  5.194
 46     7.332 53820.59424756 15.50 297.332336   8.375165  5.194
 46     7.458 53820.59424820 16.26 297.331596   8.371865  5.194
 46     7.843 53820.59424885 17.14 297.330866   8.368555  5.194
 47    89.406 53855.59433012  4.58 297.329912   8.390646  2.169
 47    90.970 53855.59433076  5.22 297.329172   8.387346  2.169
 47    91.881 53855.59433140  5.51 297.328432   8.384036  2.169
 47    94.439 53855.59433205  5.65 297.327702   8.380736  2.169
 47    93.068 53855.59433269  6.18 297.326962   8.377426  2.169
 47    96.394 53855.59433334  6.49 297.326222   8.374126  2.169
 47    99.127 53855.59433398  6.16 297.325482   8.370816  2.169
 47   103.107 53855.59433463  6.48 297.324752   8.367516  2.169
 48     9.415 53890.59434172 13.50 297.338436   8.383740  9.940
 48     9.724 53890.59434236 16.18 297.337696   8.380430  9.940
 48     6.731 53890.59434301 21.19 297.336956   8.377130  9.940
 50    26.501 53960.59439494 23.76 297.323720   8.379043 13.642
 50    12.437 53960.59439558 25.41 297.322980   8.375743 13.642
 50    12.404 53960.59439623 25.09 297.322250   8.372433 13.642
 50    13.269 53960.59439687 23.82 297.321510   8.369133 13.642
 50    13.645 53960.59439752 23.83 297.320770   8.365823 13.642
 51    10.893 53995.59432792 28.37 297.339529   8.398297 12.816
 51    11.570 53995.59433243 17.84 297.334369   8.375167 12.816
 51    11.754 53995.59433308 19.63 297.333629   8.371857 12.816
 52     8.345 54030.59438402 25.31 297.337946   8.397021 10.831
 52     8.361 54030.59438467 23.39 297.337206   8.393711 10.831
 52     9.034 54030.59438531 20.50 297.336466   8.390411 10.831
 52     9.621 54030.59438596 17.37 297.335736   8.387101 10.831
 52     9.590 54030.59438660 18.32 297.334996   8.383801 10.831
 52     9.637 54030.59438725 17.41 297.334256   8.380491 10.831
 52     9.346 54030.59438789 16.78 297.333526   8.377191 10.831
 52    13.743 54030.59438853 16.76 297.332786   8.373881 10.831
 52     9.695 54030.59438918 19.92 297.332046   8.370581 10.831
 54    89.911 54100.59434226  4.54 297.333325   8.393027  2.267
 54    91.860 54100.59434290  5.15 297.332595   8.389717  2.267
 54    92.701 54100.59434355  5.53 297.331855   8.386417  2.267
 54    97.341 54100.59434419  6.08 297.331115   8.383107  2.267
 54    95.985 54100.59434484  6.21 297.330385   8.379807  2.267
 54    98.829 54100.59434548  6.82 297.329645   8.376497  2.267
 54    96.117 54100.59434612  7.03 297.328905   8.373197  2.267
 54    96.466 54100.59434677  7.01 297.328175   8.369887  2.267
 54   103.842 54100.59434741  7.56 297.327435   8.366587  2.267
 55    90.297 54135.59430440  9.38 297.334979   8.393586  2.302
 55    91.951 54135.59430505  9.96 297.334249   8.390276  2.302
 55    93.207 54135.59430569 10.72 297.333509   8.386976  2.302
 55    93.971 54135.59430634 11.23 297.332769   8.383666  2.302
 55    93.581 54135.59430698 11.66 297.332039   8.380366  2.302
 55    94.709 54135.59430763 12.03 297.331299   8.377056  2.302
 55    95.764 54135.59430827 12.42 297.330559   8.373756  2.302
 55    95.219 54135.59430892 13.45 297.329819   8.370446  2.302
 57    90.414 54205.59430936  4.90 297.333759   8.392106  3.195
 57    91.573 54205.59431001  5.60 297.333019   8.388806  3.195
 57    93.312 54205.59431065  5.63 297.332279   8.385496  3.195
 57    95.772 54205.59431130  6.10 297.331549   8.382196  3.195
 57    96.738 54205.59431194  6.69 297.330809   8.378886  3.195
 57    96.164 54205.59431259  7.14 297.330069   8.375586  3.195
 57   100.252 54205.59431323  6.93 297.329339   8.372276  3.195
 57   101.345 54205.59431388  7.35 297.328595   8.368973  2.409
 58    90.817 54240.59434235  4.85 297.335205   8.393569  2.234
 58    92.574 54240.59434299  5.75 297.334465   8.390269  2.234
 58    93.178 54240.59434364  6.31 297.333725   8.386959  2.234
 58    95.211 54240.59434428  6.30 297.332985   8.383659  2.234
 58    95.730 54240.59434493  6.53 297.332255   8.380349  2.234
 58    94.896 54240.59434557  6.94 297.331515   8.377049  2.234
 58    95.919 54240.59434622  7.50 297.330775   8.373739  2.234
 58   102.757 54240.59434686  7.61 297.330045   8.370439  2.234
 61    12.120 54345.59433839 23.75 297.330547   8.374307 14.248
 61    12.042 54345.59433903 26.56 297.329817   8.370997 14.248
 62    10.535 54380.59430021 26.06 297.330720   8.373385 12.774
 62    10.742 54380.59430086 26.07 297.329980   8.370085 12.774
 63    11.617 54415.59428433 22.17 297.333143   8.389810  8.439
 63     8.252 54415.59428562 17.80 297.331673   8.383200  8.439
 63     8.119 54415.59428627 16.44 297.330933   8.379890  8.439
 63    34.563 54415.59428691 13.54 297.330193   8.376590  8.439
 63    46.524 54415.59428820 13.35 297.328723   8.369980  8.439
 64    90.760 54450.59426432  5.31 297.334946   8.393544  2.350
 64    92.257 54450.59426496  6.12 297.334206   8.390234  2.350
 64    92.959 54450.59426561  6.60 297.333476   8.386934  2.350
 64    94.939 54450.59426625  6.84 297.332736   8.383624  2.350
 64    96.423 54450.59426690  7.02 297.331996   8.380324  2.350
 64    95.293 54450.59426754  7.48 297.331266   8.377014  2.350
 64    99.810 54450.59426819  7.80 297.330526   8.373714  2.350
 64    95.670 54450.59426883  8.64 297.329786   8.370404  2.350
 65     5.849 54485.59428037 16.63 297.334812   8.387370  6.932
 65     6.407 54485.59428101 13.18 297.334072   8.384070  6.932
 65    13.717 54485.59428230 12.01 297.332592   8.377460  6.932
 67     6.442 54555.59428966 20.68 297.334082   8.394633 19.006
 67     5.079 54555.59429031 20.87 297.333342   8.391323 19.006
 67     2.189 54555.59429095 22.80 297.332612   8.388023 19.006
 67     4.004 54555.59429160 23.11 297.331872   8.384713 19.006
 67     2.927 54555.59429224 23.21 297.331136   8.381409 10.489
 67     2.789 54555.59429288 22.91 297.330396   8.378099 10.489
 67     3.094 54555.59429353 22.62 297.329666   8.374799 10.489
 67     3.288 54555.59429417 22.90 297.328926   8.371489 10.489
 67     3.506 54555.59429482 22.52 297.328186   8.368189 10.489
 68     5.440 54590.59427307 19.59 297.334717   8.394862 13.550
 68     5.166 54590.59427372 16.53 297.333987   8.391552 13.550
 68     4.418 54590.59427436 16.81 297.333245   8.388250  6.389
 68     4.462 54590.59427501 17.81 297.332515   8.384940  6.389
 68     4.544 54590.59427565 19.64 297.331775   8.381640  6.389
 68     3.772 54590.59427630 17.76 297.331035   8.378330  6.389
 68     4.192 54590.59427694 17.08 297.330295   8.375030  6.389
 68     3.879 54590.59427759 17.62 297.329565   8.371720  6.389
 68     5.297 54590.59427823 18.06 297.328825   8.368420  6.389
 69    89.470 54625.59428996  4.59 297.334415   8.394916  3.621
 69    91.070 54625.59429061  5.01 297.333675   8.391606  3.621
 69    91.781 54625.59429125  5.60 297.332936   8.388304  2.331
 69    93.692 54625.59429190  5.81 297.332196   8.384994  2.331
 69    95.960 54625.59429254  6.14 297.331466   8.381694  2.331
 69    95.314 54625.59429318  6.60 297.330726   8.378384  2.331
 69    98.496 54625.59429383  6.77 297.329986   8.375084  2.331
 69    96.865 54625.59429447  6.97 297.329256   8.371774  2.331
 69    99.020 54625.59429512  7.30 297.328516   8.368474  2.331
 70     9.579 54660.59429831 24.71 297.332430   8.393222 14.472
 70     9.109 54660.59429895 22.46 297.331690   8.389912 14.472
 70     8.981 54660.59429960 21.38 297.330949   8.386609 10.244
 70     9.489 54660.59430024 19.70 297.330219   8.383299 10.244
 70    10.430 54660.59430089 19.50 297.329479   8.379999 10.244
 70    10.834 54660.59430153 21.48 297.328739   8.376689 10.244
 70    11.335 54660.59430218 22.05 297.327999   8.373389 10.244
 70    11.847 54660.59430282 22.43 297.327269   8.370079 10.244
 70    11.365 54660.59430347 24.05 297.326529   8.366779 10.244
 72    17.212 54730.59425337 24.13 297.335461   8.394780 19.709
 72    14.870 54730.59425401 22.19 297.334731   8.391470 19.709
 72    12.180 54730.59425465 20.63 297.333988   8.388169 11.631
 72    11.242 54730.59425530 19.85 297.333258   8.384859 11.631
 72    11.423 54730.59425594 19.04 297.332518   8.381559 11.631
 72    11.537 54730.59425659 18.60 297.331778   8.378249 11.631
 72    11.889 54730.59425723 18.04 297.331038   8.374949 11.631
 72    11.900 54730.59425788 18.66 297.330308   8.371639 11.631
 72    11.583 54730.59425852 26.23 297.329568   8.368339 11.631
 73     8.857 54765.59425834 17.66 297.330886   8.377878  9.593
 73     9.756 54765.59425899 17.76 297.330146   8.374568  9.593
 73    30.379 54765.59426028 19.96 297.328676   8.367958  9.593
 74    90.912 54800.59424760  6.54 297.333798   8.392129  2.487
 74    91.931 54800.59424825  7.17 297.333068   8.388819  2.487
 74    92.896 54800.59424889  7.66 297.332328   8.385519  2.487
 74    95.358 54800.59424953  8.26 297.331588   8.382209  2.487
 74    93.613 54800.59425018  8.85 297.330848   8.378909  2.487
 74    94.340 54800.59425082  9.18 297.330118   8.375599  2.487
 74    99.686 54800.59425147  8.78 297.329378   8.372299  2.487
 74    96.196 54800.59425211  9.11 297.328638   8.368989  2.487
 75    90.234 54835.59424648 10.14 297.334083   8.393113  2.660
 75    91.035 54835.59424713 10.98 297.333353   8.389813  2.660
 75    92.329 54835.59424777 11.71 297.332613   8.386503  2.660
 75    92.932 54835.59424842 11.79 297.331874   8.383200  2.522
 75    93.371 54835.59424906 12.33 297.331134   8.379890  2.522
 75    94.043 54835.59424971 12.92 297.330404   8.376590  2.522
 75    94.354 54835.59425035 13.24 297.329664   8.373280  2.522
 75    95.254 54835.59425100 13.81 297.328924   8.369980  2.522
 76    91.326 54870.59424545  5.78 297.335067   8.392857  2.356
 76    92.668 54870.59424609  6.01 297.334327   8.389557  2.356
 76    93.275 54870.59424674  6.50 297.333587   8.386247  2.356
 76    95.684 54870.59424738  6.80 297.332847   8.382947  2.356
 76    95.691 54870.59424803  7.18 297.332117   8.379637  2.356
 76    98.112 54870.59424867  7.52 297.331377   8.376337  2.356
 76    96.337 54870.59424932  8.04 297.330637   8.373027  2.356
 76    95.854 54870.59424996  8.25 297.329897   8.369727  2.356
 77     5.798 54905.59425573 17.00 297.331098   8.390669 16.551
 77     4.881 54905.59425637 13.89 297.330358   8.387369 16.551
 77     4.539 54905.59425702 12.42 297.329623   8.384064  6.882
 77     6.557 54905.59425766 11.90 297.328883   8.380764  6.882
 77    12.644 54905.59425895 11.94 297.327413   8.374144  6.882
 77    11.941 54905.59425960 13.23 297.326673   8.370844  6.882
 77    86.195 54905.59426024 15.49 297.325943   8.367534  6.882
 78    90.942 54940.59423665  5.00 297.334256   8.392371  5.554
 78    91.749 54940.59423729  5.88 297.333516   8.389061  5.554
 78    93.304 54940.59423794  6.16 297.332776   8.385761  5.554
 78    95.869 54940.59423858  6.31 297.332046   8.382451  5.554
 78    97.681 54940.59423923  6.73 297.331302   8.379147  2.523
 78    98.188 54940.59423987  7.47 297.330572   8.375837  2.523
 78    97.068 54940.59424051  7.77 297.329832   8.372537  2.523
 78    98.032 54940.59424116  7.80 297.329092   8.369227  2.523
 79    90.488 54975.59426621  5.09 297.333670   8.393258  3.445
 79    91.589 54975.59426685  5.14 297.332929   8.389956  2.362
 79    92.460 54975.59426750  5.90 297.332189   8.386646  2.362
 79    94.767 54975.59426814  6.10 297.331459   8.383346  2.362
 79    96.195 54975.59426879  6.74 297.330719   8.380036  2.362
 79    97.529 54975.59426943  6.61 297.329979   8.376736  2.362
 79    99.017 54975.59427008  7.27 297.329249   8.373426  2.362
 79    95.587 54975.59427072  8.14 297.328509   8.370126  2.362
 79   101.927 54975.59427137  7.41 297.327769   8.366816  2.362
 80    89.750 55010.59427753  5.56 297.333329   8.393228  2.825
 80    90.944 55010.59427817  6.22 297.332599   8.389928  2.825
 80    92.942 55010.59427881  6.47 297.331859   8.386618  2.825
 80    94.773 55010.59427946  6.86 297.331121   8.383316  2.997
 80    95.793 55010.59428010  7.43 297.330381   8.380006  2.997
 80    95.615 55010.59428075  7.71 297.329651   8.376706  2.997
 80    96.474 55010.59428139  8.13 297.328911   8.373396  2.997
 80    94.944 55010.59428204  8.80 297.328171   8.370096  2.997
 80    97.663 55010.59428268  8.52 297.327441   8.366786  2.997
 81     9.575 55045.59427111 23.12 297.331453   8.377377  7.144
 81    10.291 55045.59427175 23.07 297.330713   8.374067  7.144
 81     9.756 55045.59427240 25.40 297.329973   8.370767  7.144
 82    10.460 55080.59424456 18.59 297.331996   8.383546 18.688
 82    10.723 55080.59424521 17.61 297.331256   8.380236 18.688
 82    11.978 55080.59424650 19.13 297.329782   8.373623 10.959
 82    11.777 55080.59424714 22.23 297.329052   8.370323 10.959
 82    11.778 55080.59424779 28.24 297.328312   8.367013 10.959
 83     9.623 55115.59420390 12.84 297.331616   8.377144  8.730
 83     8.408 55115.59420519 16.62 297.330146   8.370534  8.730
 84     6.714 55150.59419966 23.28 297.333325   8.393782 13.111
 84     6.796 55150.59420031 20.52 297.332595   8.390482 13.111
 84     6.163 55150.59420095 20.97 297.331855   8.387172 13.111
 84     5.922 55150.59420160 20.42 297.331115   8.383868  7.905
 84     6.173 55150.59420224 19.86 297.330375   8.380558  7.905
 84     6.141 55150.59420289 20.19 297.329645   8.377258  7.905
 84     6.414 55150.59420353 19.72 297.328905   8.373948  7.905
 84     6.142 55150.59420418 19.87 297.328165   8.370648  7.905
 84     8.791 55150.59420482 19.90 297.327435   8.367338  7.905
 85    89.639 55185.59418489  5.56 297.334721   8.394756  6.677
 85    91.327 55185.59418554  5.82 297.333976   8.391454  2.442
 85    92.410 55185.59418618  6.41 297.333246   8.388144  2.442
 85    94.021 55185.59418683  6.91 297.332506   8.384844  2.442
 85    98.403 55185.59418747  7.08 297.331766   8.381534  2.442
 85    96.437 55185.59418812  7.46 297.331026   8.378234  2.442
 85    98.532 55185.59418876  7.83 297.330296   8.374924  2.442
 85    97.452 55185.59418940  8.11 297.329556   8.371624  2.442
 85    96.480 55185.59419005  8.79 297.328816   8.368314  2.442
 86    90.731 55220.59419851  5.23 297.332764   8.391214  2.547
 86    91.639 55220.59419915  5.94 297.332024   8.387904  2.547
 86    93.945 55220.59419979  6.13 297.331286   8.384603  2.656
 86    95.463 55220.59420044  6.55 297.330546   8.381293  2.656
 86    95.491 55220.59420108  6.80 297.329816   8.377993  2.656
 86    96.223 55220.59420173  7.77 297.329076   8.374683  2.656
 86    97.544 55220.59420237  7.33 297.328336   8.371383  2.656
 86   101.433 55220.59420302  7.87 297.327596   8.368073  2.656
 87    90.988 55255.59418136  5.05 297.335906   8.393921  2.422
 87    92.670 55255.59418201  5.64 297.335176   8.390611  2.422
 87    94.076 55255.59418265  5.90 297.334436   8.387311  2.422
 87    94.989 55255.59418329  6.55 297.333696   8.384001  2.422
 87    95.051 55255.59418394  6.80 297.332956   8.380701  2.422
 87    97.121 55255.59418458  7.83 297.332226   8.377391  2.422
 87   100.970 55255.59418523  7.39 297.331486   8.374091  2.422
 87   102.477 55255.59418587  8.04 297.330746   8.370781  2.422
 88    91.058 55290.59418690  5.21 297.332505   8.390811  2.044
 88    92.078 55290.59418755  5.78 297.331765   8.387501  2.044
 88    96.456 55290.59418819  6.14 297.331035   8.384191  2.044
 88    94.787 55290.59418884  6.68 297.330295   8.380891  2.044
 88    94.855 55290.59418948  7.06 297.329560   8.377586  2.479
 88    96.390 55290.59419013  7.48 297.328820   8.374276  2.479
 88    97.332 55290.59419077  7.66 297.328090   8.370976  2.479
 88   101.175 55290.59419142  7.35 297.327350   8.367666  2.479
 89    90.516 55325.59416714  5.19 297.332054   8.391243  1.905
 89    91.625 55325.59416779  5.55 297.331324   8.387933  1.905
 89    93.606 55325.59416843  5.92 297.330584   8.384630  2.314
 89    94.483 55325.59416908  6.66 297.329844   8.381320  2.314
 89    95.636 55325.59416972  6.82 297.329114   8.378020  2.314
 89    98.026 55325.59417037  6.86 297.328374   8.374710  2.314
 89    97.530 55325.59417101  7.60 297.327634   8.371410  2.314
 89    95.554 55325.59417166  7.61 297.326904   8.368100  2.314
 90     7.611 55360.59416469 22.58 297.333094   8.391638 12.047
 90     7.346 55360.59416533 20.11 297.332354   8.388328 12.047
 90     7.834 55360.59416598 18.77 297.331616   8.385026  9.651
 90     9.077 55360.59416662 16.37 297.330876   8.381716  9.651
 90     9.088 55360.59416727 15.54 297.330146   8.378416  9.651
 90     9.354 55360.59416791 17.27 297.329406   8.375106  9.651
 90     9.599 55360.59416856 19.08 297.328666   8.371806  9.651
 90     9.211 55360.59416920 23.15 297.327936   8.368496  9.651
 91    10.335 55395.59416932 26.75 297.334810   8.394760 16.292
 91    11.164 55395.59416997 24.14 297.334080   8.391450 16.292
 91    11.709 55395.59417061 23.94 297.333336   8.388147 10.057
 91    11.267 55395.59417126 23.77 297.332606   8.384837 10.057
 91    11.594 55395.59417190 21.74 297.331866   8.381537 10.057
 91    12.089 55395.59417255 22.58 297.331126   8.378227 10.057
 91    12.461 55395.59417319 22.79 297.330386   8.374927 10.057
 91    13.061 55395.59417384 23.81 297.329656   8.371617 10.057
 91    13.354 55395.59417448 27.75 297.328916   8.368317 10.057
 92    12.074 55430.59418305 25.19 297.331584   8.373770 12.245
 92    12.179 55430.59418369 28.02 297.330844   8.370460 12.245
 93    10.685 55465.59414094 27.43 297.335317   8.393538 20.178
 93    12.599 55465.59414159 25.43 297.334577   8.390238 20.178
 93    11.472 55465.59414223 24.56 297.333847   8.386928 20.178
 93    11.819 55465.59414288 23.31 297.333107   8.383628 20.178
 93    12.016 55465.59414352 21.89 297.332367   8.380318 20.178
 93    12.687 55465.59414417 22.78 297.331634   8.377015 10.230
 93    12.468 55465.59414481 22.13 297.330894   8.373705 10.230
 93    13.574 55465.59414545 22.83 297.330154   8.370405 10.230
