# NaN NaN NaN ;Mean Elev.(m), Avg Gradient(m/km), RMS Gradient(m/km) - SRTM1     
#   63.799  -4.207   9.572 ;Mean Elev.(m), Avg Gradient(m/km), RMS Gradient(m/km) - ASTER GDEM
#   66.652  -2.789  13.943 ;Mean Elev.(m), Avg Gradient(m/km), RMS Gradient(m/km) - GMTED2010 
  7    80.274 52460.10297148 52.35 292.196081   5.057370 11.326
  7    80.536 52460.10297212 47.30 292.195357   5.060678 14.413
  7    80.605 52460.10297277 49.35 292.194627   5.063978 14.413
  7    80.591 52460.10297341 48.92 292.193897   5.067288 14.413
  7    80.441 52460.10297406 49.85 292.193167   5.070588 14.413
  7    80.573 52460.10297470 49.69 292.192437   5.073898 14.413
  9    79.840 52530.10294613 43.66 292.194008   5.045385 17.576
  9    79.730 52530.10294678 34.35 292.193268   5.048685 17.576
  9    79.438 52530.10294742 29.45 292.192538   5.051995 17.576
  9    79.206 52530.10294807 26.20 292.191808   5.055295 17.576
  9    78.896 52530.10294871 24.49 292.191078   5.058605 17.576
  9    78.351 52530.10294936 27.15 292.190348   5.061905 17.576
  9    79.347 52530.10295000 24.97 292.189618   5.065215 17.576
 10    75.867 52565.10296702 49.66 292.200142   5.061948 28.481
 10    75.941 52565.10296767 51.66 292.199412   5.065258 28.481
 10    75.930 52565.10296831 50.88 292.198682   5.068558 28.481
 10    75.849 52565.10296896 52.95 292.197952   5.071868 28.481
 10    75.910 52565.10296960 50.82 292.197222   5.075168 28.481
 10    75.897 52565.10297024 51.00 292.196482   5.078478 28.481
 10    75.840 52565.10297089 50.56 292.195762   5.081778 28.481
 11    78.604 52600.10298959 51.41 292.190899   5.039941 13.783
 11    77.376 52600.10299024 51.34 292.190159   5.043251 13.783
 11    77.377 52600.10299088 47.92 292.189439   5.046551 13.783
 11    77.401 52600.10299152 50.81 292.188699   5.049860 25.580
 11    77.473 52600.10299217 49.43 292.187979   5.053160 25.580
 11    77.466 52600.10299281 51.16 292.187239   5.056470 25.580
 11    77.387 52600.10299346 52.63 292.186519   5.059770 25.580
 11    77.437 52600.10299410 51.14 292.185789   5.063080 25.580
 12    74.468 52635.10294689 44.60 292.193484   5.042069  9.926
 12    75.217 52635.10294753 49.71 292.192754   5.045379  9.926
 12    75.238 52635.10294818 47.97 292.192026   5.048685 24.819
 12    74.466 52635.10294882 43.79 292.191296   5.051995 24.819
 12    74.294 52635.10294947 40.30 292.190566   5.055295 24.819
 12    74.426 52635.10295011 46.20 292.189836   5.058605 24.819
 12    74.439 52635.10295076 47.99 292.189106   5.061905 24.819
 12    74.339 52635.10295140 45.66 292.188376   5.065215 24.819
 13    72.459 52670.10295815 28.43 292.192667   5.050511  9.240
 13    71.306 52670.10295879 20.13 292.191944   5.053819  8.329
 13    71.108 52670.10295944 23.06 292.191214   5.057119  8.329
 13    71.670 52670.10296008 24.91 292.190484   5.060429  8.329
 13    71.610 52670.10296073 38.22 292.189754   5.063739  8.329
 14    70.698 52705.10294873 28.10 292.195954   5.055223 15.250
 14    70.500 52705.10294938 30.01 292.195224   5.058533 15.250
 14    70.687 52705.10295002 30.55 292.194494   5.061833 15.250
 14    71.091 52705.10295067 29.79 292.193764   5.065143 15.250
 14    71.149 52705.10295131 37.80 292.193024   5.068443 15.250
 14    71.149 52705.10295196 44.43 292.192294   5.071753 15.250
 15    71.656 52740.10298149 45.45 292.194258   5.043658  8.917
 15    71.621 52740.10298214 41.53 292.193518   5.046966 11.027
 15    71.568 52740.10298278 22.97 292.192798   5.050266 11.027
 15    71.035 52740.10298343 21.44 292.192058   5.053576 11.027
 15    71.168 52740.10298407 22.58 292.191338   5.056876 11.027
 15    71.328 52740.10298472 23.29 292.190608   5.060186 11.027
 15    71.686 52740.10298536 23.99 292.189878   5.063496 11.027
 16    77.103 52775.10293176 45.08 292.197502   5.057694 19.191
 16    77.129 52775.10293240 48.11 292.196772   5.060994 19.191
 16    76.979 52775.10293305 46.65 292.196042   5.064304 19.191
 16    77.157 52775.10293369 47.30 292.195312   5.067604 19.191
 16    77.064 52775.10293434 40.47 292.194582   5.070914 19.191
 16    77.053 52775.10293498 47.09 292.193862   5.074224 19.191
 16    76.982 52775.10293563 48.41 292.193132   5.077524 19.191
 17    78.930 52810.10300336 43.53 292.192647   5.042723 11.065
 17    78.917 52810.10300400 44.58 292.191919   5.046030 22.774
 17    78.863 52810.10300465 45.57 292.191189   5.049340 22.774
 17    78.846 52810.10300529 47.42 292.190459   5.052640 22.774
 17    78.727 52810.10300594 49.55 292.189729   5.055950 22.774
 17    78.760 52810.10300658 49.73 292.188999   5.059250 22.774
 17    78.810 52810.10300723 50.97 292.188269   5.062560 22.774
 18    80.438 52845.10305966 46.41 292.194579   5.043778 10.067
 18    80.458 52845.10306030 46.31 292.193851   5.047085 20.467
 18    80.398 52845.10306095 49.01 292.193121   5.050395 20.467
 18    80.322 52845.10306159 47.67 292.192391   5.053695 20.467
 18    80.238 52845.10306224 48.44 292.191661   5.057005 20.467
 18    80.278 52845.10306288 46.69 292.190931   5.060305 20.467
 18    80.374 52845.10306353 45.24 292.190201   5.063615 20.467
 19    80.276 52880.10309691 47.54 292.193697   5.042254 12.752
 19    80.159 52880.10309755 46.03 292.192967   5.045554 12.752
 19    80.142 52880.10309820 51.80 292.192243   5.048861 22.416
 19    80.189 52880.10309884 51.19 292.191513   5.052161 22.416
 19    80.138 52880.10309949 50.92 292.190783   5.055471 22.416
 19    80.026 52880.10310013 52.00 292.190053   5.058771 22.416
 19    80.112 52880.10310078 49.65 292.189323   5.062081 22.416
 19    80.216 52880.10310142 47.28 292.188593   5.065391 22.416
 20    78.604 52915.10305725 47.78 292.197172   5.057444 13.624
 20    78.709 52915.10305789 42.76 292.196452   5.060744 13.624
 20    78.723 52915.10305854 32.39 292.195722   5.064054 13.624
 20    78.757 52915.10305918 31.47 292.194992   5.067364 13.624
 20    78.323 52915.10305983 27.73 292.194262   5.070664 13.624
 20    79.104 52915.10306047 27.32 292.193522   5.073974 13.624
 20    79.200 52915.10306111 28.51 292.192802   5.077274 13.624
 21    77.775 52950.10301708 33.68 292.196650   5.059495  6.770
 21    77.397 52950.10301773 29.13 292.195920   5.062805  6.770
 21    77.217 52950.10301837 29.52 292.195190   5.066105  6.770
 21    76.955 52950.10301902 27.68 292.194460   5.069415  6.770
 21    76.590 52950.10301966 27.53 292.193730   5.072715  6.770
 21    79.173 52950.10302031 27.74 292.193000   5.076025  6.770
 22    75.783 52985.10304129 39.07 292.198316   5.058872 12.259
 22    75.877 52985.10304194 33.80 292.197586   5.062172 12.259
 22    75.348 52985.10304258 24.32 292.196856   5.065482 12.259
 22    75.274 52985.10304323 21.10 292.196126   5.068782 12.259
 22    75.241 52985.10304387 22.05 292.195396   5.072092 12.259
 22    79.164 52985.10304451 20.68 292.194666   5.075402 12.259
 22    75.749 52985.10304516 36.75 292.193936   5.078702 12.259
 23    73.724 53020.10303136 45.04 292.196015   5.054095 14.409
 23    73.837 53020.10303201 50.94 292.195295   5.057395 14.409
 23    73.824 53020.10303265 51.38 292.194555   5.060703 18.709
 23    73.797 53020.10303330 52.38 292.193835   5.064003 18.709
 23    73.747 53020.10303394 52.51 292.193095   5.067313 18.709
 23    73.666 53020.10303459 53.27 292.192375   5.070613 18.709
 24    71.262 53055.10301905 47.58 292.197218   5.058853 23.241
 24    71.270 53055.10301969 43.74 292.196488   5.062163 23.241
 24    70.915 53055.10302034 32.48 292.195758   5.065473 23.241
 24    71.220 53055.10302098 37.47 292.195028   5.068773 23.241
 24    71.175 53055.10302163 42.90 292.194298   5.072083 23.241
 24    71.094 53055.10302227 47.66 292.193568   5.075383 23.241
 24    71.084 53055.10302292 46.56 292.192838   5.078693 23.241
 25    71.468 53090.10305319 45.83 292.188679   5.041567 26.156
 25    71.481 53090.10305383 43.13 292.187949   5.044877 26.156
 25    71.461 53090.10305448 30.39 292.187219   5.048187 26.156
 25    71.408 53090.10305512 27.54 292.186489   5.051487 26.156
 25    71.504 53090.10305577 37.88 292.185752   5.054795 34.825
 25    71.504 53090.10305641 44.49 292.185022   5.058095 34.825
 25    71.423 53090.10305706 39.65 292.184292   5.061405 34.825
 26    74.612 53125.10302526 41.08 292.195386   5.050754  7.450
 26    74.759 53125.10302591 50.62 292.194659   5.054060 19.521
 26    74.612 53125.10302655 51.14 292.193929   5.057370 19.521
 26    74.704 53125.10302720 50.72 292.193199   5.060670 19.521
 26    74.710 53125.10302784 48.33 292.192469   5.063980 19.521
 26    74.679 53125.10302848 48.13 292.191739   5.067280 19.521
 26    74.676 53125.10302913 48.18 292.191009   5.070590 19.521
 27    78.676 53160.10308390 40.60 292.190215   5.038744 12.724
 27    78.514 53160.10308454 40.46 292.189485   5.042054 12.724
 27    78.564 53160.10308519 44.67 292.188755   5.045354 12.724
 27    78.610 53160.10308583 50.70 292.188031   5.048662 25.568
 27    78.622 53160.10308648 47.72 292.187301   5.051962 25.568
 27    78.609 53160.10308712 46.56 292.186571   5.055272 25.568
 27    78.562 53160.10308777 42.98 292.185841   5.058572 25.568
 27    78.504 53160.10308841 45.63 292.185111   5.061882 25.568
 28    80.015 53195.10308292 50.17 292.196314   5.054211 27.970
 28    79.987 53195.10308357 54.57 292.195584   5.057511 27.970
 28    79.904 53195.10308421 51.16 292.194854   5.060821 27.970
 28    79.976 53195.10308486 49.97 292.194124   5.064131 27.970
 28    80.020 53195.10308550 51.72 292.193384   5.067431 27.970
 28    80.043 53195.10308615 52.85 292.192654   5.070741 27.970
 28    80.020 53195.10308679 51.86 292.191924   5.074041 27.970
 29    79.837 53230.10307229 51.52 292.197287   5.061382 22.368
 29    79.801 53230.10307294 51.23 292.196557   5.064692 22.368
 29    79.874 53230.10307358 51.93 292.195827   5.067992 22.368
 29    79.974 53230.10307423 51.11 292.195097   5.071302 22.368
 29    79.996 53230.10307487 50.74 292.194367   5.074612 22.368
 29    80.020 53230.10307552 48.44 292.193637   5.077912 22.368
 30    80.162 53265.10304042 44.32 292.194087   5.046079 14.705
 30    79.102 53265.10304106 46.88 292.193357   5.049379 14.705
 30    79.453 53265.10304171 41.10 292.192627   5.052689 14.705
 30    79.133 53265.10304235 31.47 292.191897   5.055989 14.705
 30    78.859 53265.10304300 28.12 292.191161   5.059299  7.569
 30    78.735 53265.10304364 25.14 292.190431   5.062599  7.569
 32    89.788 53335.10305855 22.70 292.194424   5.049435  4.994
 32    74.900 53335.10305920 25.12 292.193692   5.052744  6.180
 32    74.875 53335.10305984 23.20 292.192962   5.056044  6.180
 32    87.703 53335.10306049 21.72 292.192232   5.059354  6.180
 32    74.002 53335.10306113 22.52 292.191502   5.062654  6.180
 32    85.964 53335.10306178 20.02 292.190772   5.065964  6.180
 33    74.052 53370.10299873 21.48 292.196293   5.054762  9.264
 33    73.908 53370.10299938 19.93 292.195557   5.058071  5.801
 33    73.881 53370.10300002 19.53 292.194827   5.061371  5.801
 33    73.591 53370.10300067 20.77 292.194097   5.064681  5.801
 33    73.140 53370.10300131 21.60 292.193367   5.067981  5.801
 33    72.392 53370.10300196 23.12 292.192637   5.071291  5.801
 33    73.674 53370.10300260 22.22 292.191917   5.074601  5.801
 35    72.178 53440.10301861 45.71 292.195273   5.051577  9.942
 35    72.482 53440.10301926 54.97 292.194537   5.054886 21.413
 35    72.220 53440.10301990 51.04 292.193807   5.058186 21.413
 35    72.297 53440.10302055 48.82 292.193077   5.061496 21.413
 35    72.359 53440.10302119 44.57 292.192347   5.064806 21.413
 35    72.262 53440.10302184 47.26 292.191617   5.068106 21.413
 36    74.676 53475.10307960 39.43 292.191685   5.040262 11.292
 36    74.408 53475.10308025 37.53 292.190955   5.043562 11.292
 36    74.326 53475.10308089 38.68 292.190230   5.046869  9.918
 36    74.274 53475.10308154 31.61 292.189500   5.050179  9.918
 36    73.577 53475.10308218 30.20 292.188770   5.053479  9.918
 36    73.269 53475.10308282 28.99 292.188040   5.056779  9.918
 36    73.575 53475.10308347 26.45 292.187310   5.060089  9.918
 36    73.891 53475.10308411 24.51 292.186580   5.063399  9.918
 37    78.089 53510.10309779 45.50 292.194408   5.048389 10.308
 37    78.837 53510.10309843 52.57 292.193678   5.051689 10.308
 37    78.343 53510.10309908 46.18 292.192954   5.054997 16.917
 37    77.890 53510.10309972 49.02 292.192224   5.058297 16.917
 37    78.079 53510.10310037 47.75 292.191494   5.061607 16.917
 37    78.039 53510.10310101 41.21 292.190764   5.064907 16.917
 38    78.957 53545.10311294 46.37 292.192101   5.040494 11.074
 38    79.956 53545.10311358 46.52 292.191371   5.043804 11.074
 38    78.728 53545.10311423 46.58 292.190651   5.047104 11.074
 38    78.929 53545.10311487 46.70 292.189910   5.050413 14.830
 38    78.854 53545.10311552 46.30 292.189190   5.053713 14.830
 38    78.826 53545.10311616 45.90 292.188450   5.057023 14.830
 38    78.706 53545.10311681 37.21 292.187730   5.060333 14.830
 38    78.517 53545.10311745 34.83 292.186990   5.063633 14.830
 40    79.431 53615.10304432 46.87 292.193547   5.042977 13.811
 40    79.419 53615.10304496 41.24 292.192817   5.046277 13.811
 40    79.226 53615.10304561 38.04 292.192087   5.049587 13.811
 40    78.983 53615.10304625 33.09 292.191357   5.052887 13.811
 40    78.820 53615.10304689 30.09 292.190620   5.056196  8.625
 40    78.535 53615.10304754 28.04 292.189890   5.059496  8.625
 40    78.156 53615.10304818 28.63 292.189160   5.062806  8.625
 41    77.620 53650.10305594 38.32 292.195456   5.052278 18.836
 41    77.439 53650.10305658 30.42 292.194726   5.055588 18.836
 41    76.059 53650.10305723 24.33 292.193996   5.058888 18.836
 41    76.265 53650.10305787 24.40 292.193266   5.062198 18.836
 41    76.233 53650.10305852 31.86 292.192536   5.065508 18.836
 41    76.385 53650.10305916 39.88 292.191806   5.068808 18.836
 42    75.981 53685.10306453 50.55 292.191550   5.041173 16.026
 42    75.997 53685.10306517 47.63 292.190820   5.044483 16.026
 42    75.971 53685.10306582 33.25 292.190090   5.047793 16.026
 42    75.943 53685.10306646 31.89 292.189370   5.051093 16.026
 42    75.526 53685.10306711 29.38 292.188638   5.054401 11.827
 42    75.466 53685.10306775 28.17 292.187908   5.057701 11.827
 42    75.354 53685.10306840 28.08 292.187178   5.061011 11.827
 42    75.664 53685.10306904 29.08 292.186448   5.064311 11.827
 43    75.336 53720.10299381 49.97 292.196570   5.057027 21.674
 43    75.482 53720.10299445 51.95 292.195840   5.060327 21.674
 43    75.482 53720.10299509 50.58 292.195110   5.063637 21.674
 43    75.467 53720.10299574 50.07 292.194380   5.066947 21.674
 43    75.406 53720.10299638 49.82 292.193650   5.070247 21.674
 43    75.403 53720.10299703 50.92 292.192920   5.073557 21.674
 44    73.774 53755.10291894 46.60 292.199238   5.062122 13.517
 44    73.623 53755.10291958 28.41 292.198508   5.065432 13.517
 44    73.493 53755.10292023 25.03 292.197778   5.068732 13.517
 44    72.729 53755.10292087 26.20 292.197048   5.072042 13.517
 44    73.350 53755.10292152 27.25 292.196318   5.075342 13.517
 44    73.582 53755.10292216 36.95 292.195588   5.078652 13.517
 44    73.526 53755.10292281 42.40 292.194858   5.081952 13.517
 45    72.514 53790.10294835 26.84 292.196691   5.060151  9.003
 45    72.237 53790.10294900 23.18 292.195971   5.063451  9.003
 45    71.566 53790.10294964 22.34 292.195231   5.066761  9.003
 45    71.654 53790.10295029 20.55 292.194511   5.070071  9.003
 45    72.460 53790.10295093 17.51 292.193781   5.073371  9.003
 45    72.658 53790.10295158 16.63 292.193041   5.076681  9.003
 46    73.888 53825.10290431 47.18 292.197420   5.058592 12.445
 46    73.946 53825.10290496 50.60 292.196690   5.061892 12.445
 46    73.575 53825.10290560 25.73 292.195950   5.065202 12.445
 46    73.884 53825.10290625 25.41 292.195220   5.068502 12.445
 46    73.681 53825.10290689 22.06 292.194490   5.071812 12.445
 46    73.757 53825.10290754 21.44 292.193760   5.075112 12.445
 46    73.765 53825.10290818 21.75 292.193030   5.078422 12.445
 47    75.418 53860.10299488 45.09 292.192587   5.041243 16.868
 47    75.375 53860.10299553 51.17 292.191857   5.044543 16.868
 47    75.334 53860.10299617 50.01 292.191127   5.047853 16.868
 47    75.354 53860.10299682 41.09 292.190397   5.051163 16.868
 47    75.111 53860.10299746 31.13 292.189667   5.054463 16.868
 47    75.058 53860.10299811 33.74 292.188937   5.057773 16.868
 47    74.959 53860.10299875 32.14 292.188207   5.061073 16.868
 47    74.853 53860.10299940 28.91 292.187481   5.064382 10.798
 48    78.443 53895.10301513 45.05 292.195698   5.053783 23.637
 48    78.498 53895.10301578 47.66 292.194968   5.057083 23.637
 48    78.484 53895.10301642 48.36 292.194238   5.060393 23.637
 48    78.540 53895.10301707 49.62 292.193508   5.063703 23.637
 48    78.467 53895.10301771 52.52 292.192778   5.067003 23.637
 48    78.370 53895.10301835 52.82 292.192048   5.070313 23.637
 50    80.342 53965.10304474 49.55 292.190492   5.039297 29.401
 50    80.215 53965.10304538 51.44 292.189762   5.042597 29.401
 50    80.069 53965.10304603 52.73 292.189032   5.045907 29.401
 50    80.138 53965.10304667 50.72 292.188302   5.049207 29.401
 50    80.150 53965.10304732 49.66 292.187572   5.052517 29.401
 50    79.997 53965.10304796 48.60 292.186842   5.055827 29.401
 50    79.968 53965.10304860 49.75 292.186112   5.059127 29.401
 50    80.028 53965.10304925 51.95 292.185382   5.062437 29.401
 51    78.669 54000.10300316 41.18 292.196010   5.051967 14.117
 51    78.360 54000.10300380 51.52 292.195280   5.055267 14.117
 51    78.488 54000.10300445 50.20 292.194550   5.058577 14.117
 51    78.357 54000.10300509 50.66 292.193817   5.061884 15.895
 51    78.460 54000.10300574 50.83 292.193087   5.065194 15.895
 51    78.477 54000.10300638 49.62 292.192357   5.068494 15.895
 51    78.415 54000.10300703 48.65 292.191627   5.071794 15.895
 52    78.891 54035.10304735 40.15 292.196129   5.053868 12.946
 52    76.994 54035.10304799 41.29 292.195399   5.057178 12.946
 52    76.856 54035.10304863 25.93 292.194669   5.060488 12.946
 52    76.513 54035.10304928 25.44 292.193939   5.063788 12.946
 52    75.721 54035.10304992 27.32 292.193213   5.067097  6.928
 52    75.300 54035.10305057 25.76 292.192483   5.070397  6.928
 52    79.335 54035.10305121 25.75 292.191753   5.073707  6.928
 53    76.869 54070.10304112 51.37 292.195408   5.053998 19.856
 53    76.859 54070.10304176 52.09 292.194678   5.057298 19.856
 53    76.981 54070.10304241 52.57 292.193948   5.060608 19.856
 53    76.938 54070.10304305 53.24 292.193218   5.063908 19.856
 53    77.025 54070.10304370 52.17 292.192495   5.067217 11.884
 53    77.010 54070.10304434 51.24 292.191765   5.070517 11.884
 54    78.475 54105.10299477 25.12 292.194549   5.049515  8.507
 54    74.430 54105.10299542 22.64 292.193819   5.052815  8.507
 54    73.735 54105.10299606 21.73 292.193089   5.056125  8.507
 54    73.476 54105.10299671 22.93 292.192359   5.059435  8.507
 54    73.379 54105.10299735 23.24 292.191629   5.062735  8.507
 54    73.356 54105.10299800 22.87 292.190899   5.066045  8.507
 55    72.220 54140.10297204 37.65 292.194456   5.047011 10.724
 55    71.968 54140.10297269 29.68 292.193726   5.050321 10.724
 55    70.846 54140.10297333 26.58 292.192996   5.053621 10.724
 55    71.123 54140.10297398 22.94 292.192266   5.056931 10.724
 55    71.629 54140.10297462 22.37 292.191536   5.060231 10.724
 55    72.165 54140.10297527 25.76 292.190809   5.063540 11.701
 56    71.183 54175.10297456 48.95 292.194567   5.048507 11.664
 56    71.228 54175.10297521 54.89 292.193837   5.051807 11.664
 56    71.240 54175.10297585 50.61 292.193098   5.055117 18.005
 56    71.243 54175.10297650 44.26 292.192368   5.058417 18.005
 56    71.209 54175.10297714 38.95 292.191638   5.061727 18.005
 56    71.295 54175.10297779 36.96 292.190908   5.065027 18.005
 57    74.925 54210.10297798 50.85 292.193820   5.045822 11.401
 57    74.759 54210.10297862 53.96 292.193094   5.049128 24.418
 57    74.692 54210.10297927 51.80 292.192364   5.052428 24.418
 57    74.614 54210.10297991 53.13 292.191634   5.055738 24.418
 57    74.719 54210.10298055 51.13 292.190904   5.059038 24.418
 57    74.658 54210.10298120 50.99 292.190174   5.062348 24.418
 57    74.720 54210.10298184 48.57 292.189444   5.065658 24.418
 58    77.814 54245.10300923 47.12 292.194976   5.046770  7.678
 58    77.684 54245.10300987 51.36 292.194252   5.050078 17.192
 58    77.876 54245.10301052 50.17 292.193522   5.053378 17.192
 58    77.760 54245.10301116 48.88 292.192792   5.056688 17.192
 58    77.844 54245.10301181 47.14 292.192062   5.059988 17.192
 58    77.823 54245.10301245 48.83 292.191332   5.063298 17.192
 58    77.777 54245.10301309 49.11 292.190602   5.066608 17.192
 59    79.949 54280.10302094 46.41 292.194967   5.047877 11.027
 59    79.880 54280.10302158 50.49 292.194244   5.051186 17.587
 59    79.893 54280.10302223 48.59 292.193514   5.054486 17.587
 59    79.809 54280.10302287 42.54 292.192784   5.057796 17.587
 59    79.917 54280.10302352 39.92 292.192054   5.061096 17.587
 59    79.945 54280.10302416 37.29 292.191324   5.064406 17.587
 59    79.932 54280.10302481 32.35 292.190594   5.067716 17.587
 60    80.149 54315.10302101 51.07 292.195587   5.053714 17.720
 60    80.111 54315.10302165 49.79 292.194867   5.057014 17.720
 60    80.144 54315.10302230 49.03 292.194127   5.060324 17.720
 60    80.047 54315.10302294 47.05 292.193407   5.063624 17.720
 60    80.092 54315.10302359 46.58 292.192667   5.066934 17.720
 60    80.166 54315.10302423 46.54 292.191947   5.070244 17.720
 61    79.287 54350.10298904 45.52 292.195363   5.050007 12.275
 61    79.193 54350.10298969 49.37 292.194633   5.053307 12.275
 61    79.270 54350.10299033 52.45 292.193895   5.056616 18.872
 61    79.120 54350.10299097 50.82 292.193175   5.059916 18.872
 61    79.147 54350.10299162 51.46 292.192435   5.063226 18.872
 61    79.142 54350.10299226 49.54 292.191715   5.066526 18.872
 61    79.146 54350.10299291 48.36 292.190975   5.069836 18.872
 62    78.480 54385.10295907 45.68 292.195186   5.051368 17.645
 62    78.500 54385.10295971 51.24 292.194456   5.054678 17.645
 62    78.409 54385.10296035 50.35 292.193726   5.057978 17.645
 62    78.485 54385.10296100 50.74 292.192996   5.061288 17.645
 62    78.523 54385.10296164 51.62 292.192266   5.064588 17.645
 62    78.493 54385.10296229 50.59 292.191541   5.067896 10.775
 63    76.374 54420.10293829 48.30 292.194775   5.048801 16.106
 63    76.448 54420.10293893 50.97 292.194035   5.052101 16.106
 63    76.450 54420.10293958 43.13 292.193315   5.055411 16.106
 63    76.308 54420.10294022 36.19 292.192575   5.058721 16.106
 63    76.313 54420.10294086 32.32 292.191855   5.062021 16.106
 63    76.240 54420.10294151 28.71 292.191125   5.065331 16.106
 64    74.165 54455.10293043 44.83 292.194960   5.049636 15.437
 64    74.214 54455.10293108 55.53 292.194230   5.052946 15.437
 64    74.291 54455.10293172 51.08 292.193500   5.056246 15.437
 64    74.201 54455.10293237 45.06 292.192770   5.059556 15.437
 64    74.067 54455.10293301 27.68 292.192040   5.062856 15.437
 64    72.700 54455.10293366 25.27 292.191311   5.066164  7.753
 65    72.800 54490.10293951 23.74 292.195073   5.053919  5.533
 65    72.419 54490.10294016 22.27 292.194343   5.057219  5.533
 65    72.142 54490.10294080 20.70 292.193613   5.060529  5.533
 65    71.986 54490.10294145 20.50 292.192883   5.063829  5.533
 65    71.622 54490.10294209 20.07 292.192143   5.067139  5.533
 65    72.545 54490.10294273 18.71 292.191423   5.070449  5.533
 66    72.212 54525.10294412 47.09 292.195243   5.054348 21.399
 66    72.227 54525.10294477 46.28 292.194513   5.057658 21.399
 66    72.208 54525.10294541 44.13 292.193783   5.060968 21.399
 66    72.226 54525.10294606 47.18 292.193053   5.064268 21.399
 66    72.204 54525.10294670 44.60 292.192323   5.067578 21.399
 66    72.206 54525.10294735 43.68 292.191583   5.070878 21.399
 67    71.891 54560.10294744 43.39 292.195060   5.048128 19.365
 67    71.938 54560.10294808 51.91 292.194330   5.051428 19.365
 67    72.017 54560.10294873 47.94 292.193600   5.054738 19.365
 67    72.064 54560.10294937 41.38 292.192880   5.058038 19.365
 67    71.959 54560.10295002 37.60 292.192140   5.061348 19.365
 67    72.004 54560.10295066 35.62 292.191420   5.064658 19.365
 67    72.070 54560.10295131 39.19 292.190680   5.067958 19.365
 68    77.321 54595.10293980 24.16 292.194158   5.049621  6.397
 68    74.416 54595.10294044 24.41 292.193428   5.052921  6.397
 68    74.009 54595.10294108 23.66 292.192698   5.056231  6.397
 68    73.965 54595.10294173 23.21 292.191968   5.059541  6.397
 68    73.745 54595.10294237 23.50 292.191238   5.062841  6.397
 68    73.448 54595.10294302 24.35 292.190498   5.066151  6.397
 69    78.429 54630.10295328 40.16 292.194315   5.047323 12.169
 69    78.135 54630.10295393 38.30 292.193585   5.050633 12.169
 69    78.164 54630.10295457 40.83 292.192855   5.053933 12.169
 69    78.129 54630.10295522 41.54 292.192125   5.057243 12.169
 69    78.170 54630.10295586 41.76 292.191395   5.060553 12.169
 69    78.292 54630.10295650 42.99 292.190655   5.063853 12.169
 70    80.461 54665.10295878 47.70 292.194372   5.042072  9.905
 70    80.426 54665.10295942 48.76 292.193649   5.045380 22.172
 70    80.219 54665.10296007 48.87 292.192919   5.048680 22.172
 70    80.294 54665.10296071 49.28 292.192189   5.051990 22.172
 70    80.204 54665.10296135 51.39 292.191459   5.055300 22.172
 70    80.141 54665.10296200 50.51 292.190729   5.058600 22.172
 70    80.187 54665.10296264 50.43 292.189999   5.061910 22.172
 70    80.224 54665.10296329 47.42 292.189269   5.065210 22.172
 71    80.119 54700.10293141 52.94 292.195972   5.052672 17.128
 71    80.045 54700.10293206 36.13 292.195242   5.055982 17.128
 71    79.668 54700.10293270 28.41 292.194512   5.059282 17.128
 71    79.443 54700.10293335 27.98 292.193782   5.062592 17.128
 71    78.868 54700.10293399 27.94 292.193062   5.065902 17.128
 71    79.659 54700.10293464 27.10 292.192322   5.069202 17.128
 71    80.000 54700.10293528 31.62 292.191592   5.072512 17.128
 72    77.957 54735.10291868 44.75 292.194799   5.046554 14.231
 72    78.024 54735.10291932 51.62 292.194069   5.049864 14.231
 72    77.909 54735.10291997 34.56 292.193339   5.053164 14.231
 72    77.618 54735.10292061 27.52 292.192609   5.056474 14.231
 72    77.374 54735.10292126 25.54 292.191879   5.059784 14.231
 72    77.549 54735.10292190 26.97 292.191149   5.063084 14.231
 72    77.671 54735.10292255 26.78 292.190419   5.066394 14.231
 73    76.868 54770.10291117 47.44 292.195362   5.052620 20.032
 73    76.954 54770.10291182 49.13 292.194632   5.055930 20.032
 73    76.944 54770.10291246 47.67 292.193902   5.059240 20.032
 73    76.964 54770.10291310 46.75 292.193162   5.062540 20.032
 73    76.857 54770.10291375 43.95 292.192442   5.065850 20.032
 73    76.832 54770.10291439 43.86 292.191712   5.069150 20.032
 74    77.222 54805.10291153 49.47 292.194285   5.044453 18.183
 74    77.505 54805.10291218 48.64 292.193555   5.047763 18.183
 74    77.258 54805.10291282 40.76 292.192825   5.051063 18.183
 74    76.957 54805.10291347 31.29 292.192095   5.054373 18.183
 74    76.831 54805.10291411 27.44 292.191365   5.057673 18.183
 74    77.034 54805.10291476 29.44 292.190635   5.060983 18.183
 74    77.211 54805.10291540 35.17 292.189905   5.064283 18.183
 75    74.169 54840.10290626 26.25 292.194765   5.051915  8.602
 75    73.575 54840.10290690 25.14 292.194035   5.055225  8.602
 75    73.350 54840.10290755 23.09 292.193305   5.058535  8.602
 75    73.676 54840.10290819 21.49 292.192575   5.061835  8.602
 75    73.867 54840.10290884 22.66 292.191845   5.065145  8.602
 75    74.092 54840.10290948 23.09 292.191105   5.068445  8.602
 76    73.914 54875.10291248 46.40 292.194574   5.045247 15.383
 76    74.317 54875.10291313 53.56 292.193844   5.048557 15.383
 76    74.026 54875.10291377 43.12 292.193114   5.051857 15.383
 76    73.789 54875.10291442 24.32 292.192384   5.055167 15.383
 76    73.657 54875.10291506 23.44 292.191654   5.058477 15.383
 76    73.467 54875.10291571 22.14 292.190924   5.061777 15.383
 76    73.931 54875.10291635 29.76 292.190194   5.065087 15.383
 77    73.098 54910.10291055 47.53 292.194393   5.046011  8.877
 77    72.876 54910.10291119 53.53 292.193656   5.049319 15.249
 77    73.913 54910.10291184 51.11 292.192926   5.052619 15.249
 77    73.688 54910.10291248 42.58 292.192196   5.055929 15.249
 77    73.417 54910.10291313 32.88 292.191466   5.059229 15.249
 77    72.649 54910.10291377 24.58 292.190736   5.062539 15.249
 77    72.811 54910.10291442 24.18 292.190016   5.065849 15.249
 78    76.246 54945.10290547 36.87 292.193602   5.045405  9.819
 78    76.063 54945.10290612 28.17 292.192872   5.048705  9.819
 78    74.121 54945.10290676 26.83 292.192142   5.052015  9.819
 78    73.982 54945.10290740 27.31 292.191412   5.055315  9.819
 78    73.802 54945.10290805 29.32 292.190682   5.058625  9.819
 78    74.459 54945.10290869 28.74 292.189952   5.061925  9.819
 78    74.600 54945.10290934 29.58 292.189222   5.065235  9.819
 79    75.644 54980.10293231 47.21 292.194211   5.045566 19.674
 79    76.613 54980.10293296 48.80 292.193481   5.048876 19.674
 79    75.743 54980.10293360 49.04 292.192751   5.052176 19.674
 79    75.636 54980.10293424 49.35 292.192021   5.055486 19.674
 79    75.763 54980.10293489 46.87 292.191291   5.058796 19.674
 79    75.776 54980.10293553 48.70 292.190561   5.062096 19.674
 79    75.774 54980.10293618 46.96 292.189821   5.065406 19.674
 80    78.556 55015.10293527 47.58 292.194865   5.047626 23.693
 80    78.490 55015.10293591 53.21 292.194135   5.050926 23.693
 80    78.566 55015.10293656 51.80 292.193405   5.054236 23.693
 80    78.495 55015.10293720 50.97 292.192675   5.057536 23.693
 80    78.523 55015.10293785 51.54 292.191945   5.060846 23.693
 80    78.550 55015.10293849 53.12 292.191215   5.064156 23.693
 80    78.547 55015.10293914 51.35 292.190475   5.067456 23.693
 81    79.602 55050.10293035 51.32 292.194794   5.052773 20.980
 81    79.721 55050.10293100 46.29 292.194064   5.056073 20.980
 81    79.547 55050.10293164 41.31 292.193334   5.059383 20.980
 81    79.554 55050.10293229 39.58 292.192604   5.062693 20.980
 81    79.555 55050.10293293 38.36 292.191874   5.065993 20.980
 81    79.562 55050.10293358 30.16 292.191144   5.069303 20.980
 82    78.500 55085.10289671 47.59 292.195153   5.048692  7.934
 82    78.724 55085.10289735 50.62 292.194417   5.052002 18.875
 82    78.527 55085.10289800 48.92 292.193687   5.055302 18.875
 82    78.426 55085.10289864 49.45 292.192957   5.058612 18.875
 82    78.545 55085.10289929 48.95 292.192227   5.061912 18.875
 82    78.425 55085.10289993 49.38 292.191497   5.065222 18.875
 82    78.468 55085.10290058 48.60 292.190767   5.068532 18.875
 83    76.556 55120.10286262 42.85 292.195479   5.051405 12.428
 83    76.658 55120.10286326 43.17 292.194749   5.054715 12.428
 83    76.579 55120.10286390 28.80 292.194019   5.058015 12.428
 83    76.442 55120.10286455 25.97 292.193289   5.061325 12.428
 83    76.462 55120.10286519 27.09 292.192559   5.064625 12.428
 83    76.449 55120.10286584 28.26 292.191829   5.067935 12.428
 84    74.516 55155.10285522 45.12 292.194749   5.046245  8.121
 84    74.394 55155.10285586 52.79 292.194010   5.049553 21.812
 84    74.417 55155.10285651 52.16 292.193290   5.052853 21.812
 84    74.375 55155.10285715 51.44 292.192550   5.056163 21.812
 84    74.819 55155.10285779 49.84 292.191830   5.059463 21.812
 84    74.497 55155.10285844 48.51 292.191090   5.062773 21.812
 84    74.469 55155.10285908 49.48 292.190370   5.066083 21.812
 85    72.772 55190.10285134 44.94 292.194112   5.046885 21.494
 85    72.686 55190.10285198 48.14 292.193382   5.050195 21.494
 85    72.759 55190.10285262 45.07 292.192652   5.053495 21.494
 85    72.620 55190.10285327 44.68 292.191922   5.056805 21.494
 85    72.615 55190.10285391 48.67 292.191192   5.060115 21.494
 85    72.661 55190.10285456 50.06 292.190462   5.063415 21.494
 86    71.713 55225.10285605 34.83 292.194365   5.049319 13.015
 86    71.124 55225.10285669 25.75 292.193635   5.052619 13.015
 86    69.878 55225.10285734 26.50 292.192905   5.055929 13.015
 86    70.740 55225.10285798 23.87 292.192185   5.059229 13.015
 86    71.451 55225.10285863 25.86 292.191445   5.062539 13.015
 86    71.807 55225.10285927 33.75 292.190725   5.065849 13.015
 87    71.452 55260.10284752 46.23 292.195000   5.051677 15.731
 87    72.072 55260.10284816 49.26 292.194270   5.054987 15.731
 87    72.193 55260.10284881 32.84 292.193540   5.058287 15.731
 87    70.879 55260.10284945 27.63 292.192810   5.061597 15.731
 87    70.987 55260.10285010 27.45 292.192080   5.064897 15.731
 87    71.666 55260.10285074 32.28 292.191350   5.068207 15.731
 88    71.976 55295.10284215 39.82 292.194943   5.049768 18.395
 88    72.134 55295.10284280 45.44 292.194213   5.053068 18.395
 88    72.144 55295.10284344 29.91 292.193483   5.056378 18.395
 88    71.939 55295.10284409 32.84 292.192753   5.059678 18.395
 88    72.050 55295.10284473 42.32 292.192023   5.062988 18.395
 88    72.072 55295.10284538 49.81 292.191293   5.066298 18.395
 89    77.909 55330.10282868 43.12 292.193606   5.044388 16.548
 89    77.788 55330.10282932 40.63 292.192876   5.047688 16.548
 89    77.779 55330.10282997 41.24 292.192146   5.050998 16.548
 89    77.790 55330.10283061 44.67 292.191416   5.054298 16.548
 89    77.664 55330.10283125 44.53 292.190686   5.057608 16.548
 89    77.750 55330.10283190 46.32 292.189956   5.060908 16.548
 89    77.710 55330.10283254 44.09 292.189226   5.064218 16.548
 90    78.838 55365.10282322 41.79 292.195049   5.050463 16.655
 90    78.990 55365.10282386 43.90 292.194319   5.053773 16.655
 90    78.918 55365.10282451 44.58 292.193589   5.057073 16.655
 90    78.773 55365.10282515 45.99 292.192859   5.060383 16.655
 90    78.904 55365.10282580 46.94 292.192139   5.063693 16.655
 90    78.963 55365.10282644 48.91 292.191399   5.066993 16.655
 91    79.586 55400.10283413 39.94 292.194383   5.048119 16.052
 91    79.710 55400.10283478 42.34 292.193653   5.051429 16.052
 91    79.604 55400.10283542 42.20 292.192923   5.054729 16.052
 91    79.632 55400.10283607 41.45 292.192193   5.058039 16.052
 91    79.733 55400.10283671 40.34 292.191463   5.061349 16.052
 91    79.660 55400.10283736 43.50 292.190733   5.064649 16.052
 92    80.098 55435.10284064 52.23 292.195727   5.053321 23.506
 92    80.020 55435.10284128 50.71 292.194997   5.056621 23.506
 92    79.980 55435.10284193 47.70 292.194267   5.059931 23.506
 92    80.032 55435.10284257 41.54 292.193537   5.063241 23.506
 92    79.979 55435.10284322 39.96 292.192797   5.066541 23.506
 92    79.712 55435.10284386 36.31 292.192067   5.069851 23.506
 93    78.754 55470.10279441 25.97 292.195118   5.053976 11.233
 93    77.930 55470.10279505 21.83 292.194388   5.057286 11.233
 93    77.015 55470.10279570 21.39 292.193658   5.060586 11.233
 93    76.882 55470.10279634 22.01 292.192928   5.063896 11.233
 93    76.241 55470.10279699 22.19 292.192208   5.067206 11.233
 93    75.726 55470.10279763 23.42 292.191468   5.070506 11.233
