-213631.921     8.370     0.00    2.23
-213255.488     8.003    -0.97    2.33
-212879.060     7.689    -0.84    2.46
-212502.635     7.122    -1.51    2.28
-212126.215     6.660    -1.23    2.45
-211749.799     6.496    -0.44    2.31
-211373.387     7.276     2.07    2.36
-210996.979     7.885     1.62    2.31
-210620.575     8.285     1.06    2.36
-210244.175     8.994     1.88    2.57
-209867.779     9.035     0.11    2.87
-209491.387     9.851     2.17    3.58
-209114.999     9.770    -0.22    4.25
-208738.615     8.819    -2.53    4.91
-208362.236     7.635    -3.15    4.86
-207985.860     6.094    -4.09    3.76
-207609.489     4.952    -3.04    2.99
-207233.121     5.045     0.25    2.76
-206856.758     6.240     3.18    3.61
-206480.398     7.766     4.06    3.23
-206104.043     8.045     0.74    3.20
-205727.691     8.712     1.77    3.34
-205351.344     8.329    -1.02    3.72
-204975.001     7.840    -1.30    3.77
-204598.662     7.554    -0.76    3.17
-204222.326     7.019    -1.42    2.84
-203845.995     7.060     0.11    3.15
-203469.668     6.692    -0.98    2.72
-203093.345     7.527     2.22    3.59
-202717.026     8.256     1.94    4.04
-202340.711     8.398     0.38    3.96
-201964.400     8.532     0.36    4.21
-201588.093     8.496    -0.10    3.78
-201211.790     8.952     1.21    4.57
-200835.491     8.404    -1.46    4.61
-200459.196     8.121    -0.75    4.17
-200082.905     7.891    -0.61    3.13
-199706.618     8.293     1.07    2.71
-199330.335     8.481     0.50    2.63
-198954.056     8.424    -0.15    3.12
-198577.781     8.558     0.36    3.16
-198201.510     8.581     0.06    2.72
-197825.243     8.840     0.69    2.61
-197448.981     8.960     0.32    2.35
-197072.722     8.524    -1.16    2.29
-196696.467     8.337    -0.49    2.56
-196320.216     8.310    -0.07    2.70
-195943.969     8.770     1.22    2.64
-195567.726     9.202     1.15    2.71
-195191.487     9.385     0.48    2.71
-194815.252     9.485     0.27    2.29
-194439.021     9.378    -0.28    2.45
-194062.794     9.797     1.11    2.61
-193686.571     9.891     0.25    2.47
-193310.352     9.477    -1.10    2.99
-192934.137     8.583    -2.37    3.24
-192557.926     7.082    -3.99    3.13
-192181.719     6.147    -2.48    2.30
-191805.516     5.959    -0.50    2.06
-191429.317     6.660     1.86    2.17
-191053.122     7.035     1.00    3.07
-190676.930     7.746     1.89    3.26
-190300.743     8.013     0.71    3.54
-189924.560     7.824    -0.50    3.60
-189548.381     7.689    -0.36    3.73
-189172.205     6.716    -2.59    3.43
-188796.034     6.406    -0.82    2.99
-188419.866     6.035    -0.99    2.77
-188043.703     4.898    -3.02    1.48
-187667.543     5.067     0.45    2.06
-187291.388     5.122     0.15    2.75
-186915.236     5.582     1.22    2.68
-186539.089     5.161    -1.12    2.80
-186162.945     4.687    -1.26    2.43
-185786.805     3.686    -2.66    2.04
-185410.669     3.121    -1.50    1.56
-185034.537     3.319     0.53    1.61
-184658.409     3.060    -0.69    1.50
-184282.285     3.385     0.86    1.42
-183906.165     3.175    -0.56    1.46
-183530.049     3.094    -0.22    1.28
-183153.937     3.121     0.07    1.41
-182777.829     4.527     3.74    3.38
-182401.724     6.406     5.00    4.72
-182025.624     6.885     1.27    4.81
-181649.527     7.450     1.50    4.71
-181273.435     6.445    -2.67    4.03
-180897.346     5.147    -3.45    2.04
-180521.261     5.161     0.04    1.64
-180145.180     4.556    -1.61    2.08
-179769.103     4.635     0.21    2.16
-179393.030     4.481    -0.41    2.21
-179016.961     4.986     1.34    2.50
-178640.896     5.898     2.42    2.68
-178264.835     6.485     1.56    2.91
-177888.777     6.329    -0.41    3.28
-177512.724     5.851    -1.27    3.11
-177136.674     5.391    -1.22    3.20
-176760.629     4.716    -1.80    2.59
-176384.587     4.418    -0.79    2.36
-176008.549     3.635    -2.08    2.44
-175632.515     3.785     0.40    2.49
-175256.485     3.898     0.30    2.66
-174880.459     4.581     1.82    2.55
-174504.437     4.814     0.62    2.04
-174128.418     4.424    -1.04    1.66
-173752.404     3.968    -1.21    1.87
-173376.393     4.056     0.23    1.83
-173000.386     4.455     1.06    1.86
-172624.383     4.500     0.12    2.11
-172248.384     4.582     0.22    1.92
-171872.389     4.060    -1.39    1.96
-171496.398     3.357    -1.87    1.68
-171120.411     3.040    -0.84    1.64
-170744.427     2.743    -0.79    1.90
-170368.447     2.256    -1.29    2.30
-169992.472     2.067    -0.50    2.41
-169616.500     2.435     0.98    2.18
-169240.532     2.785     0.93    2.17
-168864.568     3.108     0.86    2.10
-168488.607     3.310     0.54    1.90
-168112.651     2.712    -1.59    1.97
-167736.698     1.766    -2.51    1.34
-167360.749     1.609    -0.42    1.40
-166984.804     1.029    -1.54    1.50
-166608.863     0.942    -0.23    1.61
-166232.926     0.797    -0.39    1.61
-165856.993     0.583    -0.57    1.28
-165481.063     0.710     0.34    1.19
-165105.138     0.912     0.54    1.19
-164729.216     1.121     0.56    1.50
-164353.298     1.689     1.51    1.75
-163977.384     1.662    -0.07    1.76
-163601.474     1.905     0.65    1.76
-163225.567     2.149     0.65    1.96
-162849.664     1.910    -0.64    2.17
-162473.766     2.319     1.09    2.18
-162097.871     2.581     0.70    1.96
-161721.980     2.686     0.28    1.90
-161346.092     2.924     0.63    1.74
-160970.209     3.096     0.46    1.57
-160594.329     3.214     0.31    1.59
-160218.453     3.224     0.03    1.45
-159842.581     3.283     0.16    1.38
-159466.713     2.789    -1.32    1.61
-159090.849     2.535    -0.68    1.55
-158714.988     2.607     0.19    1.75
-158339.131     3.229     1.66    1.98
-157963.278     3.581     0.93    2.01
-157587.429     3.283    -0.79    2.20
-157211.584     2.554    -1.94    2.37
-156835.742     1.578    -2.60    2.00
-156459.905     0.785    -2.11    1.66
-156084.071     0.845     0.16    1.74
-155708.240     0.770    -0.20    1.70
-155332.414     0.994     0.60    1.86
-154956.592     1.819     2.20    2.29
-154580.773     2.942     2.99    2.20
-154204.958     3.714     2.05    1.70
-153829.147     3.942     0.61    1.42
-153453.339     3.959     0.04    1.65
-153077.536     4.250     0.77    1.95
-152701.736     4.485     0.62    2.46
-152325.940     5.024     1.43    2.62
-151950.148     4.608    -1.11    2.62
-151574.359     3.689    -2.45    2.24
-151198.575     3.121    -1.51    1.99
-150822.794     3.003    -0.31    1.75
-150447.016     3.006     0.01    1.75
-150071.243     2.760    -0.66    2.00
-149695.474     2.161    -1.59    2.40
-149319.708     1.743    -1.11    2.48
-148943.946     1.404    -0.90    2.12
-148568.187     1.898     1.31    2.40
-148192.433     2.378     1.28    1.97
-147816.682     2.793     1.10    2.26
-147440.935     2.455    -0.90    2.00
-147065.192     1.878    -1.54    1.77
-146689.277     2.071     0.51    1.59
-146312.793     1.985    -0.23    1.25
-145936.313     2.301     0.84    1.26
-145559.837     2.473     0.45    1.76
-145183.365     2.500     0.07    2.10
-144806.896     2.337    -0.43    1.96
-144430.431     2.661     0.86    2.10
-144053.970     2.863     0.54    1.97
-143677.513     3.610     1.98    1.80
-143301.059     3.293    -0.84    1.71
-142924.610     2.824    -1.25    1.88
-142548.163     2.609    -0.57    1.94
-142171.721     2.345    -0.70    1.83
-141795.283     2.532     0.50    1.55
-141418.848     2.240    -0.78    1.37
-141042.417     2.147    -0.25    1.32
-140665.989     1.932    -0.57    1.29
-140289.566     1.583    -0.93    1.28
-139913.146     1.435    -0.40    1.24
-139536.730     1.329    -0.28    1.04
-139160.317     1.500     0.45    1.38
-138783.909     2.013     1.36    1.71
-138407.504     2.743     1.94    2.11
-138031.103     3.527     2.08    2.37
-137654.705     4.663     3.02    3.38
-137278.311     4.935     0.72    3.94
-136901.921     4.301    -1.68    4.14
-136525.535     3.175    -2.99    3.96
-136149.153     1.865    -3.48    1.99
-135772.774     1.500    -0.97    1.42
-135396.399     1.635     0.36    1.59
-135020.027     1.714     0.21    1.57
-134643.660     2.199     1.29    2.21
-134267.296     2.040    -0.42    2.39
-133890.935     2.019    -0.06    2.38
-133514.579     1.830    -0.50    2.30
-133138.226     1.274    -1.48    1.62
-132761.877     0.994    -0.74    1.51
-132385.531     0.924    -0.18    1.33
-132009.189     0.689    -0.63    1.51
-131632.851     2.608     5.10    3.40
-131256.517     4.492     5.01    5.26
-130880.186     7.635     8.35    5.16
-130503.859     8.096     1.23    5.30
-130127.536     7.067    -2.73    5.80
-129751.217     4.660    -6.40    4.50
-129374.901     2.690    -5.24    2.75
-128998.588     2.455    -0.62    1.96
-128622.280     3.327     2.32    1.96
-128245.975     4.187     2.29    2.02
-127869.674     4.770     1.55    1.48
-127493.376     5.071     0.80    1.47
-127117.083     5.513     1.18    1.45
-126740.793     5.445    -0.18    1.82
-126364.506     5.378    -0.18    2.01
-125988.223     4.766    -1.63    2.44
-125611.944     4.148    -1.64    2.46
-125235.669     4.337     0.50    1.97
-124859.397     3.920    -1.11    2.33
-124483.129     4.147     0.60    2.33
-124106.864     3.510    -1.70    2.50
-123730.604     3.229    -0.75    2.37
-123354.347     3.558     0.87    2.60
-122978.093     4.024     1.24    2.62
-122601.843     4.968     2.51    2.27
-122225.597     5.071     0.27    2.19
-121849.355     5.240     0.45    2.51
-121473.116     5.108    -0.35    2.21
-121096.880     5.071    -0.10    2.00
-120720.649     4.835    -0.63    1.83
-120344.421     4.959     0.33    2.21
-119968.197     5.301     0.91    2.37
-119591.976     5.319     0.05    2.12
-119215.759     5.635     0.84    2.07
-118839.546     5.256    -1.01    2.46
-118463.336     4.690    -1.50    2.54
-118087.130     3.532    -3.08    2.95
-117710.927     2.735    -2.12    2.33
-117334.729     3.013     0.74    2.85
-116958.533     3.712     1.86    2.86
-116582.342     4.718     2.68    2.83
-116206.154     4.891     0.46    2.84
-115829.970     5.071     0.48    2.36
-115453.789     4.793    -0.74    2.40
-115077.612     4.819     0.07    1.77
-114701.438     5.345     1.40    1.64
-114325.269     6.160     2.17    1.68
-113949.102     7.121     2.56    1.85
-113572.940     7.635     1.37    1.81
-113196.781     8.353     1.91    1.99
-112820.625     8.418     0.18    1.89
-112444.474     9.040     1.65    1.76
-112068.325     9.746     1.88    2.09
-111692.181     9.917     0.45    1.81
-111316.040    10.609     1.84    2.10
-110939.902    10.959     0.93    2.30
-110563.769    11.609     1.73    1.97
-110187.638    12.162     1.47    1.56
-109811.512    11.950    -0.56    1.40
-109435.389    12.019     0.18    1.68
-109059.269    11.793    -0.60    1.72
-108683.154    12.214     1.12    1.72
-108307.041    12.108    -0.28    1.77
-107930.933    11.860    -0.66    1.62
-107554.828    12.202     0.91    1.64
-107178.726    11.860    -0.91    1.78
-106802.628    11.635    -0.60    1.81
-106426.534    11.716     0.22    1.96
-106050.443    11.554    -0.43    2.11
-105674.356    12.040     1.29    2.37
-105298.273    12.660     1.65    2.41
-104922.193    13.301     1.70    2.30
-104546.116    12.986    -0.84    2.36
-104170.043    13.285     0.79    2.53
-103793.974    13.161    -0.33    2.66
-103417.908    12.162    -2.66    2.76
-103041.846    11.686    -1.27    2.87
-102665.787    11.135    -1.47    2.70
-102289.732    10.687    -1.19    2.45
-101913.681    10.687     0.00    2.31
-101537.633    10.960     0.72    2.29
-101161.588    10.851    -0.29    2.32
-100785.548    10.235    -1.64    2.34
-100409.510     9.686    -1.46    2.44
-100033.476     9.229    -1.21    2.62
 -99657.446     9.770     1.44    3.20
 -99281.420    10.581     2.16    3.98
 -98905.396    11.378     2.12    3.76
 -98529.377    11.660     0.75    4.00
 -98153.361    11.551    -0.29    3.80
 -97777.348    10.010    -4.10    4.50
 -97401.339     9.529    -1.28    4.56
 -97025.334     9.440    -0.24    3.93
 -96649.332     9.147    -0.78    3.22
 -96273.334     9.345     0.53    3.61
 -95897.339     9.135    -0.56    4.35
 -95521.347     8.819    -0.84    4.88
 -95145.360     8.860     0.11    4.98
 -94769.375     7.662    -3.19    4.95
 -94393.395     7.560    -0.27    4.60
 -94017.417     8.583     2.72    3.93
 -93641.444     8.094    -1.30    3.06
 -93265.473     7.391    -1.87    1.91
 -92889.507     6.851    -1.44    1.64
 -92513.544     6.968     0.31    1.87
 -92137.584     7.327     0.95    2.79
 -91761.628     8.051     1.93    2.68
 -91385.675     8.260     0.55    2.73
 -91009.726     8.714     1.21    2.73
 -90633.780     8.412    -0.80    2.33
 -90257.838     9.082     1.78    2.45
 -89881.900     9.608     1.40    2.78
 -89505.964    10.558     2.53    2.91
 -89130.033    11.319     2.02    3.29
 -88754.105    12.285     2.57    3.45
 -88378.180    12.851     1.51    3.67
 -88002.259    12.060    -2.10    3.99
 -87626.341    11.532    -1.40    3.68
 -87250.427    10.797    -1.96    3.30
 -86874.516     9.689    -2.95    2.89
 -86498.609     9.581    -0.29    3.05
 -86122.705     9.019    -1.49    2.58
 -85746.805     9.019     0.00    2.51
 -85370.908     8.690    -0.88    2.12
 -84995.015     9.535     2.25    2.65
 -84619.125    10.424     2.37    2.69
 -84243.239    11.579     3.07    3.25
 -83867.356    11.740     0.43    3.08
 -83491.476    11.319    -1.12    3.25
 -83115.601    10.353    -2.57    2.75
 -82739.728     9.766    -1.56    2.93
 -82363.859     9.610    -0.42    2.95
 -81987.993     9.229    -1.01    3.17
 -81612.131     9.485     0.68    3.17
 -81236.273     9.712     0.60    3.20
 -80860.418     9.801     0.24    3.18
 -80484.566     9.878     0.20    2.69
 -80108.718    10.040     0.43    2.43
 -79732.873     9.819    -0.59    2.56
 -79357.031    10.810     2.64    3.19
 -78981.193    10.878     0.18    3.88
 -78605.359    10.810    -0.18    3.69
 -78229.528    10.714    -0.26    3.40
 -77853.700     9.986    -1.94    2.69
 -77477.876    10.214     0.61    2.82
 -77102.055    10.398     0.49    2.63
 -76726.238    10.424     0.07    2.72
 -76350.424    10.556     0.35    2.23
 -75974.614    11.160     1.61    2.49
 -75598.807    11.094    -0.17    2.86
 -75223.003    11.160     0.17    2.98
 -74847.203    10.942    -0.58    2.99
 -74471.407    10.218    -1.93    3.07
 -74095.613    10.445     0.61    2.97
 -73719.823    10.496     0.13    3.43
 -73344.037    10.477    -0.05    3.33
 -72968.254    10.760     0.75    4.03
 -72592.474    12.635     4.99    7.20
 -72216.698    16.960    11.51   12.85
 -71840.926    22.056    13.56   17.50
 -71464.781    25.950    10.35   19.68
 -71088.338    27.450     3.98   18.92
 -70711.898    26.763    -1.83   17.02
 -70335.462    22.122   -12.33   12.69
 -69959.029    18.635    -9.26    7.10
 -69582.599    17.260    -3.65    6.30
 -69206.173    15.121    -5.68    2.95
 -68829.750    15.810     1.83    3.46
 -68453.331    16.558     1.99    4.06
 -68076.915    17.301     1.98    4.04
 -67700.502    17.473     0.45    3.73
 -67324.093    17.932     1.22    3.64
 -66947.688    18.372     1.17    4.29
 -66571.285    18.985     1.63    4.42
 -66194.886    19.256     0.72    4.24
 -65818.491    19.685     1.14    4.27
 -65442.099    20.135     1.20    4.62
 -65065.710    20.689     1.47    4.64
 -64689.325    19.430    -3.35    4.48
 -64312.943    18.891    -1.43    4.28
 -63936.564    17.506    -3.68    3.39
 -63560.189    16.924    -1.55    2.40
 -63183.817    17.481     1.48    2.87
 -62807.449    18.716     3.28    2.97
 -62431.084    19.760     2.77    2.77
 -62054.722    21.060     3.45    2.95
 -61678.364    21.996     2.49    3.16
 -61302.009    22.500     1.34    3.13
 -60925.658    22.554     0.14    2.51
 -60549.310    22.878     0.86    2.40
 -60172.965    23.147     0.72    2.81
 -59796.624    23.329     0.48    2.78
 -59420.286    23.760     1.14    2.71
 -59043.951    23.766     0.02    2.57
 -58667.620    23.013    -2.00    2.44
 -58291.292    23.224     0.56    2.69
 -57914.967    22.714    -1.36    2.40
 -57538.646    22.398    -0.84    2.75
 -57162.328    21.872    -1.40    2.61
 -56786.014    21.558    -0.83    2.73
 -56409.702    21.527    -0.08    2.86
 -56033.395    20.814    -1.89    3.22
 -55657.090    20.935     0.32    3.37
 -55280.789    19.996    -2.50    3.22
 -54904.491    19.635    -0.96    2.55
 -54528.197    18.608    -2.73    2.24
 -54151.906    17.797    -2.15    2.13
 -53775.618    17.013    -2.08    2.48
 -53399.334    16.435    -1.54    2.81
 -53023.053    15.560    -2.33    3.07
 -52646.775    14.319    -3.30    3.56
 -52270.501    12.770    -4.12    4.53
 -51894.230    11.301    -3.90    4.88
 -51517.962    10.582    -1.91    4.64
 -51141.698     9.529    -2.80    4.61
 -50765.437     9.345    -0.49    3.65
 -50389.179     9.660     0.84    3.27
 -50012.925     8.473    -3.16    3.27
 -49636.674     7.840    -1.68    3.89
 -49260.426     7.985     0.39    3.77
 -48884.181     7.520    -1.23    3.23
 -48507.940     7.121    -1.06    3.81
 -48131.703     7.229     0.29    3.93
 -47755.468     7.500     0.72    3.98
 -47379.237     8.364     2.30    3.71
 -47003.009     9.190     2.20    3.84
 -46626.785     9.635     1.18    3.75
 -46250.563    10.240     1.61    2.72
 -45874.345    10.418     0.47    3.13
 -45498.131     9.506    -2.42    3.50
 -45121.919     9.793     0.76    3.63
 -44745.711    10.147     0.94    3.76
 -44369.507    11.635     3.95    3.86
 -43993.305    13.660     5.38    4.35
 -43617.107    15.229     4.17    4.32
 -43240.912    17.056     4.86    2.93
 -42864.720    18.410     3.60    2.06
 -42488.532    18.549     0.37    1.92
 -42112.347    18.766     0.58    1.96
 -41736.165    18.986     0.58    2.04
 -41359.987    18.797    -0.50    1.91
 -40983.812    18.743    -0.14    1.78
 -40607.640    18.385    -0.95    1.90
 -40231.471    18.460     0.20    1.87
 -39855.306    18.266    -0.51    1.65
 -39479.144    18.229    -0.10    1.62
 -39102.985    18.301     0.19    1.83
 -38726.830    18.135    -0.44    1.66
 -38350.677    17.840    -0.78    2.05
 -37974.528    17.529    -0.83    2.23
 -37598.383    17.327    -0.54    2.23
 -37222.240    17.051    -0.73    2.20
 -36846.101    16.898    -0.41    1.84
 -36469.965    16.610    -0.77    1.93
 -36093.833    16.349    -0.69    2.28
 -35717.703    16.789     1.17    2.60
 -35341.577    18.473     4.48    3.87
 -34965.454    18.824     0.93    4.06
 -34589.334    18.770    -0.14    4.09
 -34213.218    18.329    -1.17    4.36
 -33837.105    16.686    -4.37    4.10
 -33460.995    15.460    -3.26    3.32
 -33084.888    14.924    -1.42    3.47
 -32708.785    14.891    -0.09    3.29
 -32332.685    15.404     1.36    3.07
 -31956.588    14.199    -3.20    3.70
 -31580.494    13.851    -0.93    3.53
 -31204.403    13.173    -1.80    3.14
 -30828.316    13.357     0.49    2.26
 -30452.232    13.319    -0.10    3.63
 -30076.151    12.968    -0.93    3.99
 -29700.074    12.320    -1.72    4.42
 -29323.999    14.378     5.47   10.34
 -28947.928    17.905     9.38   18.38
 -28571.860    18.094     0.50   18.44
 -28195.796    16.743    -3.59   16.44
 -27819.734    14.079    -7.08    9.37
 -27443.676    13.199    -2.34    3.86
 -27067.621    16.785     9.54    9.01
 -26691.569    22.797    15.99   17.40
 -26315.521    23.235     1.16   15.94
 -25939.475    22.865    -0.98   14.43
 -25563.433    21.276    -4.23    7.36
 -25187.394    23.240     5.22    8.91
 -24811.358    23.609     0.98    8.63
 -24435.326    24.635     2.73    8.57
 -24059.296    23.477    -3.08    8.09
 -23683.270    21.301    -5.79    2.70
 -23307.247    21.692     1.04    2.53
 -22931.227    21.506    -0.49    2.44
 -22555.211    21.770     0.70    2.29
 -22179.198    22.121     0.93    2.34
 -21803.187    23.527     3.74    4.01
 -21427.180    25.107     4.20    5.22
 -21051.176    24.019    -2.89    5.02
 -20675.176    23.025    -2.64    4.85
 -20299.178    22.337    -1.83    4.11
 -19923.184    23.410     2.85    5.46
 -19547.193    24.687     3.40    6.04
 -19171.205    25.327     1.70    6.97
 -18795.220    27.108     4.74   16.69
 -18419.239    23.942    -8.42    7.73
 -18043.260    21.797    -5.71    2.65
 -17667.285    21.029    -2.04    2.55
 -17291.313    20.071    -2.55    2.23
 -16915.344    19.606    -1.24    2.08
 -16539.379    19.045    -1.49    2.07
 -16163.416    18.187    -2.28    2.44
 -15787.457    17.608    -1.54    3.21
 -15411.500    16.608    -2.66    3.18
 -15035.547    15.579    -2.74    2.63
 -14659.597    16.071     1.31    2.83
 -14283.651    16.001    -0.19    2.86
 -13907.707    16.229     0.61    2.57
 -13531.767    16.224    -0.01    3.08
 -13155.829    15.529    -1.85    3.38
 -12779.895    13.994    -4.09    3.55
 -12403.964    12.013    -5.27    3.53
 -12028.036    11.122    -2.37    2.55
 -11652.111    10.635    -1.30    2.44
 -11276.190    10.013    -1.65    2.89
 -10900.271     8.108    -5.07    4.25
 -10524.356     4.978    -8.33    4.57
 -10148.444     3.891    -2.89    4.51
  -9772.535     3.096    -2.11    4.09
  -9396.629     2.829    -0.71    3.54
  -9020.726     4.310     3.94    4.03
  -8644.826     4.940     1.68    4.49
  -8268.930     4.450    -1.30    4.99
  -7893.037     3.903    -1.46    5.38
  -7517.146     2.689    -3.23    5.19
  -7141.259     1.891    -2.12    5.31
  -6765.375     0.714    -3.13    3.54
  -6389.494     0.917     0.54    4.33
  -6013.616     2.986     5.51    7.05
  -5637.742     5.335     6.25    8.55
  -5261.870     7.202     4.97    9.17
  -4886.002     9.310     5.61    9.43
  -4510.136    10.959     4.39   10.15
  -4134.274    11.958     2.66   10.56
  -3758.415    11.378    -1.54    9.81
  -3382.559    10.173    -3.21    9.03
  -3006.706     8.391    -4.74    8.27
  -2630.856     7.851    -1.44    7.25
  -2255.009     8.551     1.86    7.28
  -1879.166     7.740    -2.16    5.85
  -1503.325     6.865    -2.33    5.40
  -1127.488     5.635    -3.27    5.54
   -751.653     3.609    -5.39    5.92
   -375.822     2.108    -3.99    5.61
      0.006    -0.083    -5.83    1.47
    375.831    -0.365    -0.75    0.00
    751.653     0.635     2.66    4.19
   1127.472     3.067     6.47    6.66
   1503.288     5.878     7.48    7.20
   1879.101     7.905     5.39    6.59
   2254.911     9.988     5.54    5.09
   2630.717     8.942    -2.78    5.42
   3006.521     7.583    -3.62    6.23
   3382.321     8.329     1.98    7.13
   3758.660    10.398     5.50    8.24
   4135.073    12.968     6.83    8.25
   4511.483    16.714     9.95    5.72
   4887.890    16.327    -1.03    5.23
   5264.294    14.770    -4.14    5.96
   5640.695    12.353    -6.42    5.46
   6017.093    12.161    -0.51    4.64
   6393.488    14.301     5.69    4.85
   6769.880    17.283     7.92    4.62
   7146.268    18.660     3.66    4.17
   7522.654    20.450     4.76    4.38
   7899.036    22.013     4.15    4.21
   8275.416    23.932     5.10    3.89
   8651.792    26.107     5.78    3.47
   9028.166    27.327     3.24    3.29
   9404.536    28.968     4.36    2.72
   9780.903    29.940     2.58    2.19
  10157.267    30.424     1.29    2.44
  10533.628    30.932     1.35    2.53
  10909.987    31.424     1.31    2.42
  11286.342    31.160    -0.70    2.74
  11662.694    31.689     1.41    2.87
  12039.043    31.740     0.14    2.97
  12415.389    30.924    -2.17    3.15
  12791.731    30.122    -2.13    3.26
  13168.071    29.067    -2.80    3.32
  13544.408    28.535    -1.41    3.38
  13920.742    27.740    -2.11    4.21
  14297.073    25.301    -6.48    4.71
  14673.400    23.554    -4.64    4.79
  15049.725    21.107    -6.50    5.15
  15426.047    19.071    -5.41    4.43
  15802.365    18.660    -1.09    4.49
  16178.681    18.320    -0.90    4.84
  16554.994    18.045    -0.73    5.55
  16931.303    17.473    -1.52    5.20
  17307.610    16.040    -3.81    4.99
  17683.913    15.404    -1.69    4.75
  18060.214    14.872    -1.41    4.23
  18436.511    15.250     1.01    3.92
  18812.806    15.450     0.53    3.97
  19189.097    16.199     1.99    3.59
  19565.386    16.283     0.22    4.20
  19941.671    16.025    -0.69    4.64
  20317.954    16.276     0.67    5.50
  20694.233    16.301     0.07    5.78
  21070.510    15.013    -3.42    6.63
  21446.783    12.418    -6.90    8.69
  21823.054    10.372    -5.44    8.37
  22199.321     6.968    -9.05    7.97
  22575.586     3.271    -9.83    6.30
  22951.847     1.301    -5.23    4.23
  23328.106    -0.102    -3.73    1.00
  23704.361    -0.282    -0.48    0.77
  24080.614    -0.365    -0.22    0.40
  24456.863    -0.365     0.00    0.00
  24833.110    -0.365     0.00    0.00
  25209.354    -0.288     0.20    0.48
  25585.594     0.583     2.32    3.84
  25961.832     1.793     3.21    6.23
  26338.067     4.327     6.74    9.07
  26714.298     5.891     4.16   10.36
  27090.527     7.329     3.82   10.86
  27466.753    11.040     9.86   11.90
  27842.976    14.608     9.48   11.57
  28219.195    16.770     5.75   10.90
  28595.412    19.968     8.50    9.07
  28971.626    23.164     8.50    3.90
  29347.837    23.910     1.98    2.33
  29724.045    23.214    -1.85    2.71
  30100.250    22.357    -2.28    3.05
  30476.452    20.942    -3.76    3.11
  30852.651    20.851    -0.24    3.21
  31228.847    22.019     3.11    2.97
  31605.041    22.845     2.20    2.84
  31981.231    23.609     2.03    2.50
  32357.418    23.094    -1.37    3.70
  32733.603    22.558    -1.43    4.23
  33109.784    20.560    -5.31    5.20
  33485.963    18.162    -6.37    5.37
  33862.138    16.500    -4.42    5.10
  34238.311    15.067    -3.81    4.54
  34614.480    13.986    -2.87    5.00
  34990.647    12.256    -4.60    3.93
  35366.811    11.092    -3.10    2.87
  35742.972    11.160     0.18    2.58
  36119.130    11.968     2.15    2.33
  36495.285    12.500     1.41    2.84
  36871.437    14.173     4.45    3.88
  37247.586    15.424     3.33    4.78
  37623.732    17.872     6.51    5.41
  37999.876    20.056     5.81    5.74
  38376.016    22.353     6.11    5.02
  38752.154    25.770     9.08    5.64
  39128.288    28.477     7.20    5.31
  39504.420    30.310     4.87    4.68
  39880.549    32.178     4.97    3.49
  40256.674    34.337     5.74    3.19
  40632.797    35.986     4.38    3.41
  41008.917    36.608     1.65    3.39
  41385.034    38.202     4.24   10.29
  41761.149    40.190     5.29   14.34
  42137.260    38.110    -5.53   14.12
  42513.368    36.917    -3.17   12.96
  42889.474    33.040   -10.31    7.26
  43265.577    32.019    -2.71    7.92
  43641.676    32.398     1.01    9.37
  44017.773    36.793    11.69   13.31
  44393.867    40.766    10.57   13.20
  44769.958    44.019     8.65   11.37
  45146.046    45.310     3.43   11.39
  45522.132    43.266    -5.44    9.66
  45898.214    43.785     1.38   12.39
  46274.294    40.635    -8.38    5.71
  46650.370    41.003     0.98    7.92
  47026.444    53.743    33.88   30.86
  47402.515    77.202    62.38   52.96
  47778.583   109.229    85.16   56.58
  48154.648   120.912    31.07   50.95
  48530.710   106.110   -39.36   57.85
  48906.770    81.430   -65.63   47.03
  49282.826    64.932   -43.87   24.32
  49658.880    62.045    -7.68   19.21
  50034.931    63.687     4.37   21.42
  50410.979    59.506   -11.12   20.75
  50787.024    54.819   -12.47   19.66
  51163.066    51.378    -9.15   18.54
  51539.105    47.107   -11.36   13.92
  51915.142    43.240   -10.28   11.52
  52291.175    40.327    -7.75    5.42
  52667.206    40.635     0.82    7.69
  53043.234    39.224    -3.75    7.33
  53419.259    36.418    -7.46    4.45
  53795.282    36.364    -0.14    6.99
  54171.301    38.067     4.53   10.24
  54547.318    46.246    21.75   24.18
  54923.331    49.506     8.67   31.45
  55299.342    51.147     4.36   36.30
  55675.350    48.398    -7.31   29.00
  56051.355    47.735    -1.76   25.05
  56427.358    51.558    10.17   30.86
  56803.357    51.045    -1.36   34.27
  57179.354    50.740    -0.81   38.01
  57555.348    42.481   -21.97   32.62
  57931.339    30.135   -32.84    8.01
  58307.327    27.450    -7.14    5.50
  58683.313    27.122    -0.87    4.53
  59059.295    30.035     7.75    5.70
  59435.275    31.891     4.94    4.94
  59811.252    34.418     6.72    6.22
  60187.226    35.878     3.88   13.10
  60563.198    32.500    -8.99    5.59
  60939.166    32.912     1.10    5.28
  61315.132    35.019     5.60    8.75
  61691.095    35.610     1.57    8.62
  62067.055    35.364    -0.65    9.30
  62443.012    30.485   -12.98   11.30
  62818.966    25.372   -13.60    9.38
  63194.918    20.019   -14.24    9.10
  63570.867    16.108   -10.40    7.25
  63946.813    16.891     2.08    7.43
  64322.756    19.932     8.09    8.15
  64698.697    23.608     9.78    6.99
  65074.634    27.506    10.37    5.16
  65450.569    29.435     5.13    4.79
  65826.501    30.173     1.96    5.49
  66202.431    30.529     0.95    7.20
  66578.357    27.912    -6.96    9.81
  66954.281    21.932   -15.91   10.74
  67330.202    16.024   -15.72    7.55
  67706.120    13.319    -7.19    4.63
  68082.035    14.488     3.11    6.27
  68457.948    17.473     7.94    8.18
  68833.858    17.814     0.91    7.83
  69209.765    20.108     6.10    9.08
  69585.669    18.994    -2.97    9.11
  69961.571    16.581    -6.42    8.01
  70337.469    15.301    -3.40    6.33
  70713.365    15.175    -0.34    6.37
  71089.259    15.148    -0.07    6.76
  71465.149    15.337     0.50    6.89
  71841.037    15.252    -0.23    6.93
  72216.922    14.968    -0.76    6.85
  72592.804    14.558    -1.09    6.05
  72968.683    13.256    -3.46    4.69
  73344.560    13.310     0.14    4.70
  73720.434    12.635    -1.80    2.73
  74096.305    14.556     5.11    8.45
  74472.173    19.532    13.24   12.27
  74848.039    26.635    18.90   14.87
  75223.902    46.840    53.76   37.96
  75599.762    63.556    44.47   39.04
  75975.619    69.687    16.31   38.46
  76351.474    67.202    -6.61   40.92
  76727.326    53.410   -36.70   33.60
  77103.175    39.770   -36.29   16.06
  77479.022    37.256    -6.69    9.03
  77854.865    39.013     4.67    9.52
  78230.706    39.988     2.59    9.08
  78606.654    40.660     1.79    5.23
  78983.030    40.404    -0.68    4.09
  79359.403    42.857     6.52    7.60
  79735.773    47.477    12.27   10.17
  80112.141    53.635    16.36   16.30
  80488.505    62.977    24.82   26.74
  80864.868    77.360    38.21   45.36
  81241.227    83.986    17.61   51.26
  81617.583    78.608   -14.29   49.08
  81993.937    69.372   -24.54   37.78
  82370.288    60.071   -24.71   15.46
  82746.637    60.391     0.85   13.58
  83122.983    65.360    13.20   18.65
  83499.326    63.214    -5.70   11.73
  83875.666    61.932    -3.41    9.32
  84252.003    61.770    -0.43    9.67
  84628.338    71.107    24.81   26.24
  85004.671    77.378    16.66   32.79
  85381.000    78.173     2.11   33.53
  85757.327    78.024    -0.40   33.81
  86133.651    73.740   -11.38   24.31
  86509.972    78.905    13.72   22.30
  86886.291    88.500    25.50   26.22
  87262.607    95.110    17.57   22.65
  87638.920    98.418     8.79   20.98
  88015.230   105.319    18.34   24.33
  88391.538   115.029    25.80   24.27
  88767.843   119.506    11.90   23.21
  89144.146   128.256    23.25   22.41
  89520.446   142.805    38.66   23.68
  89896.743   153.404    28.16   21.12
  90273.037   156.440     8.07   16.96
  90649.329   154.364    -5.52   19.18
  91025.618   145.337   -23.99   19.38
  91401.904   139.977   -14.25   19.41
  91778.188   142.301     6.18   22.50
  92154.469   146.806    11.97   22.12
  92530.747   150.404     9.56   25.37
  92907.023   145.977   -11.77   30.44
  93283.296   127.274   -49.71   33.57
  93659.566   108.353   -50.28   21.78
  94035.834   105.003    -8.90   19.32
  94412.099   105.404     1.07   18.23
  94788.361   104.917    -1.29   18.61
  95164.621   101.035   -10.32   18.12
  95540.878    95.187   -15.54   14.24
  95917.132    92.583    -6.92   12.18
  96293.384    92.301    -0.75   12.33
  96669.633    94.329     5.39   15.01
  97045.879    91.175    -8.38   12.41
  97422.123    88.337    -7.54   11.81
  97798.364    86.310    -5.39    7.93
  98174.602    85.840    -1.25    8.70
  98550.838    84.892    -2.52    9.01
  98927.071    84.360    -1.41    8.99
  99303.302    85.056     1.85   10.31
  99679.529    86.774     4.57   12.66
 100055.755    87.686     2.43   12.88
 100431.977    85.872    -4.82   12.30
 100808.197    86.378     1.35   11.69
 101184.414    84.424    -5.19   10.15
 101560.629    82.250    -5.78    9.93
 101936.841    79.932    -6.16   11.20
 102313.050    73.424   -17.30   10.47
 102689.257    69.735    -9.81    8.15
 103065.461    66.329    -9.05    5.68
 103441.663    73.986    20.35   22.76
 103817.862    95.256    56.54   46.09
 104194.058   107.121    31.54   47.01
 104570.252   113.608    17.24   43.57
 104946.443   114.263     1.74   43.24
 105322.631   111.310    -7.85   43.02
 105698.817   117.345    16.04   44.13
 106075.000   124.202    18.23   44.54
 106451.181   118.558   -15.00   46.19
 106827.359    95.293   -61.84   40.97
 107203.534    71.714   -62.68   18.89
 107579.707    62.661   -24.06    9.62
 107955.877    61.327    -3.55    5.74
 108332.044    61.662     0.89    5.09
 108708.209    63.556     5.03    3.69
 109084.372    62.010    -4.11    5.25
 109460.531    60.206    -4.79    7.43
 109836.689    60.770     1.50    9.60
 110212.843    63.121     6.25   12.37
 110588.995    69.851    17.89   14.03
 110965.145    78.175    22.13   21.04
 111341.291    92.801    38.88   28.92
 111717.436   107.710    39.63   32.12
 112093.577   112.608    13.02   33.19
 112469.716   110.986    -4.31   34.34
 112845.853   107.968    -8.02   33.54
 113221.987   102.240   -15.23   27.60
 113598.118    96.173   -16.13   16.17
 113974.247    92.040   -10.99   14.84
 114350.373    88.404    -9.67   14.83
 114726.496    86.246    -5.74   12.09
 115102.617    85.345    -2.39   10.33
 115478.736    86.135     2.10    8.85
 115854.852    87.517     3.68    7.20
 116230.965    89.301     4.74    8.05
 116607.076    93.148    10.23    9.53
 116983.184    93.959     2.16    9.76
 117359.290    90.527    -9.13    9.06
 117735.393    87.524    -7.98    9.41
 118111.493    84.558    -7.89    8.87
 118487.591    82.019    -6.75    9.04
 118863.687    80.766    -3.33    9.37
 119239.780    78.735    -5.40    7.44
 119615.870    78.045    -1.83    8.67
 119991.958    77.199    -2.25    7.65
 120368.043    79.689     6.62   13.25
 120744.126    86.635    18.47   19.41
 121120.206    94.885    21.94   22.84
 121496.283    96.082     3.18   21.56
 121872.358    89.994   -16.19   17.81
 122248.431    86.453    -9.41    8.91
 122624.501    91.045    12.21   12.33
 123000.568    96.793    15.28   14.24
 123376.633    98.968     5.78   14.79
 123752.696    94.770   -11.16   18.22
 124128.755    88.857   -15.72   18.93
 124504.813    82.240   -17.60   17.02
 124880.868    79.196    -8.10   12.24
 125256.920    77.445    -4.65    9.68
 125632.970    79.917     6.57   12.82
 126009.017    87.763    20.86   27.79
 126385.062    88.506     1.98   35.40
 126761.104    87.229    -3.40   42.22
 127137.143    80.814   -17.06   39.87
 127513.181    72.500   -22.11   31.73
 127889.215    66.797   -15.17   28.55
 128265.247    62.932   -10.28   24.73
 128641.277    55.135   -20.74   14.29
 129017.304    54.814    -0.85   11.95
 129393.329    61.455    17.66   13.82
 129769.351    69.824    22.26   12.23
 130145.371    74.770    13.15    9.23
 130521.388    83.357    22.84   15.31
 130897.402    90.556    19.14   15.67
 131273.414    95.610    13.44   14.82
 131649.424   100.689    13.51   18.49
 132025.431   115.250    38.73   32.25
 132401.436   128.135    34.27   33.08
 132777.438   134.556    17.08   29.65
 133153.438   129.851   -12.51   33.92
 133529.435   115.485   -38.21   37.52
 133905.430   104.500   -29.22   41.18
 134281.422   100.824    -9.78   40.06
 134657.412   104.878    10.78   39.31
 135033.399   109.806    13.11   37.05
 135409.384   108.147    -4.41   34.67
 135785.366    96.045   -32.19   37.38
 136161.346    89.774   -16.68   31.49
 136537.323    84.740   -13.39   28.28
 136913.298    91.190    17.16   31.40
 137289.271    98.029    18.19   38.98
 137665.241   100.712     7.13   46.45
 138041.208    96.500   -11.20   47.99
 138417.173    84.714   -31.35   40.57
 138793.136    75.450   -24.64   27.25
 139169.096    69.199   -16.63   10.50
 139545.054    67.418    -4.74    5.36
 139921.009    67.410    -0.02    4.60
 140296.962    66.994    -1.11    4.67
 140672.912    66.337    -1.75    3.80
 141048.860    67.013     1.80    4.14
 141424.805    68.857     4.90    3.98
 141800.748    69.686     2.21    3.11
 142176.689    70.455     2.05    2.72
 142552.627    70.218    -0.63    2.58
 142928.563    70.187    -0.08    2.29
 143304.496    70.774     1.56    2.10
 143680.426    70.503    -0.72    2.06
 144056.355    71.019     1.37    2.02
 144432.281    71.554     1.42    2.22
 144808.204    71.950     1.06    2.62
 145184.125    72.529     1.54    2.51
 145560.044    73.060     1.41    2.27
 145935.960    73.445     1.03    2.48
 146311.874    73.010    -1.16    3.87
 146687.785    71.147    -4.95    4.91
 147063.694    68.418    -7.26    4.67
 147439.600    65.310    -8.27    3.26
 147815.504    62.581    -7.26    2.20
 148191.406    59.737    -7.56    5.17
 148567.305    57.455    -6.07    5.41
 148943.202    55.912    -4.10    5.44
 149319.096    54.435    -3.93    5.45
 149694.988    54.581     0.39    5.34
 150070.878    55.824     3.31    5.80
 150446.765    58.319     6.64    5.47
 150822.650    60.793     6.58    3.00
 151198.532    61.345     1.47    2.24
 151574.412    62.293     2.52    2.84
 151950.290    64.085     4.77    3.43
 152326.165    66.013     5.13    3.34
 152702.038    68.135     5.64    3.00
 153077.908    69.532     3.72    3.05
 153453.776    68.718    -2.17    3.76
 153829.899    67.662    -2.81    4.88
 154206.247    68.801     3.03    6.78
 154582.593    70.845     5.43    7.10
 154958.936    73.335     6.61    7.02
 155335.277    73.743     1.08    6.69
 155711.615    71.310    -6.47    5.84
 156087.951    70.686    -1.66    4.78
 156464.284    69.661    -2.72    3.87
 156840.616    67.977    -4.48    5.02
 157216.944    65.635    -6.22    5.62
 157593.271    63.372    -6.01    4.93
 157969.595    62.024    -3.58    4.92
 158345.916    60.994    -2.74    5.96
 158722.236    59.500    -3.97    5.96
 159098.552    57.985    -4.03    8.33
 159474.867    58.199     0.57   10.10
 159851.179    56.863    -3.55   12.20
 160227.489    58.743     4.99   12.56
 160603.796    60.040     3.45   11.64
 160980.101    61.082     2.77    9.99
 161356.404    61.660     1.54    9.07
 161732.704    62.364     1.87    8.60
 162109.002    63.415     2.79    8.08
 162485.298    65.301     5.01    7.16
 162861.591    64.932    -0.98    5.63
 163237.882    64.108    -2.19    5.46
 163614.170    66.003     5.04    5.75
 163990.457    67.968     5.22    5.56
 164366.740    81.940    37.13   30.05
 164743.022    87.122    13.77   35.22
 165119.301    81.746   -14.29   37.64
 165495.578    71.840   -26.33   31.62
 165871.852    58.635   -35.09   13.73
 166248.124    55.546    -8.21    4.64
 166624.394    56.851     3.47    3.18
 167000.662    58.364     4.02    2.01
 167376.927    59.082     1.91    1.39
 167753.189    59.424     0.91    1.40
 168129.450    59.797     0.99    1.26
 168505.708    60.010     0.57    1.64
 168881.964    59.763    -0.66    1.92
 169258.217    59.582    -0.48    2.07
 169634.468    59.450    -0.35    2.09
 170010.717    59.687     0.63    2.10
 170386.964    59.635    -0.14    1.75
 170763.208    60.229     1.58    1.61
 171139.449    60.378     0.40    1.27
 171515.689    60.357    -0.06    1.75
 171891.926    61.455     2.92    2.79
 172268.161    62.814     3.61    4.01
 172644.394    63.322     1.35    4.41
 173020.624    64.173     2.26    5.46
 173396.852    65.959     4.75    7.44
 173773.078    64.905    -2.80    8.66
 174149.301    61.135   -10.02   12.13
 174525.522    59.746    -3.69   13.09
 174901.741    59.455    -0.77   12.17
 175277.957    60.045     1.57   10.48
 175654.171    63.364     8.82   12.45
 176030.383    67.763    11.69   12.25
 176406.593    69.532     4.70   12.82
 176782.800    67.840    -4.50   12.65
 177159.005    64.959    -7.66   10.10
 177535.207    61.173   -10.06    9.56
 177911.408    57.391   -10.05    8.38
 178287.606    56.108    -3.41    7.71
 178663.802    57.214     2.94    7.47
 179039.995    57.166    -0.13    6.06
 179416.187    57.327     0.43    5.88
 179792.376    59.319     5.29    6.18
 180168.562    59.635     0.84    6.23
 180544.747    60.199     1.50    5.82
 180920.929    62.301     5.59    6.05
 181297.109    70.071    20.65   19.95
 181673.286    69.319    -2.00   20.56
 182049.462    64.175   -13.67   23.90
 182425.635    55.660   -22.63   25.70
 182801.806    43.199   -33.13    8.52
 183177.974    42.686    -1.36    8.60
 183554.140    45.412     7.25    9.59
 183930.304    49.968    12.11    9.38
 184306.466    55.337    14.27    6.42
 184682.626    57.214     4.99    4.21
 185058.783    57.473     0.69    4.11
 185434.938    57.029    -1.18    3.87
 185811.091    57.455     1.13    4.27
 186187.241    59.108     4.39    4.17
 186563.389    60.385     3.39    3.84
 186939.535    61.609     3.25    2.54
 187315.679    61.801     0.51    2.51
 187691.821    61.865     0.17    2.10
 188067.960    62.224     0.95    2.41
 188444.097    61.878    -0.92    2.79
 188820.232    61.056    -2.19    3.96
 189196.364    60.327    -1.94    4.87
 189572.495    58.335    -5.30    5.89
 189948.623    57.310    -2.72    6.32
 190324.749    56.404    -2.41    6.10
 190700.872    57.108     1.87    5.84
 191076.994    58.885     4.72    5.29
 191453.113    60.986     5.59    5.81
 191829.230    63.107     5.64    4.50
 192205.345    64.147     2.77    4.10
 192581.457    65.327     3.14    3.54
 192957.567    66.162     2.22    2.52
 193333.676    66.404     0.64    3.30
 193709.781    65.912    -1.31    4.48
 194085.885    64.924    -2.63    5.10
 194461.987    63.378    -4.11    5.05
 194838.086    61.872    -4.01    5.56
 195214.183    62.345     1.26    6.67
 195590.278    63.161     2.17    6.66
 195966.370    64.960     4.78    6.06
 196342.461    66.337     3.66    4.98
 196718.549    66.310    -0.07    4.26
 197094.635    64.276    -5.41    6.39
 197470.719    61.274    -7.98    7.35
 197846.800    57.283   -10.61    7.49
 198222.880    53.885    -9.04    5.23
 198598.957    52.661    -3.25    3.47
 198975.032    53.210     1.46    3.78
 199351.105    52.579    -1.68    2.48
 199727.176    53.960     3.67    4.14
 200103.244    57.040     8.19    6.19
 200479.310    60.766     9.91    6.86
 200855.374    64.161     9.03    4.94
 201231.436    62.865    -3.44    6.26
 201607.496    59.740    -8.31    8.36
 201983.554    57.500    -5.96    8.17
 202359.609    54.560    -7.82    7.06
 202735.662    54.912     0.94    6.64
 203111.713    55.585     1.79    5.87
 203487.762    56.266     1.81    5.97
 203863.809    57.329     2.83    5.84
 204239.854    56.337    -2.64    5.50
 204615.896    55.412    -2.46    4.30
 204991.936    56.199     2.09    5.12
 205367.974    58.583     6.34    6.66
 205744.010    61.500     7.75    7.07
 206120.044    63.935     6.48    6.40
 206496.076    66.404     6.57    6.64
 206872.105    68.424     5.37    7.00
 207248.132    71.240     7.49    6.95
 207624.157    73.686     6.50    5.45
 208000.180    76.450     7.35    3.00
 208376.201    77.274     2.19    1.69
 208752.220    77.301     0.07    1.56
 209128.236    76.274    -2.73    3.86
 209504.251    73.686    -6.88    6.22
 209880.263    70.045    -9.68    7.04
 210256.273    67.006    -8.08    6.39
 210632.281    65.527    -3.93    5.05
 211008.287    66.496     2.58    6.39
 211384.291    69.977     9.26    7.51
 211760.292    72.891     7.75    7.20
 212136.292    76.878    10.60    5.49
 212512.289    79.045     5.76    3.54
 212888.284    78.942    -0.27    3.51
 213264.277    78.845    -0.26    3.21
 213640.268    78.310    -1.42    3.40
 214016.257    78.378     0.18    3.91
 214392.244    79.108     1.94    4.04
 214768.228    80.079     2.58    3.01
 215144.211    80.430     0.93    2.38
 215520.191    80.274    -0.41    2.02
 215896.170    80.398     0.33    2.56
 216272.146    79.865    -1.42    3.83
 216648.120    78.978    -2.36    3.84
 217024.092    78.635    -0.91    3.95
 217400.061    79.581     2.52    3.03
 217776.029    80.121     1.44    3.30
 218151.995    81.635     4.03    2.86
 218527.958    82.412     2.07    2.03
 218903.920    80.404    -5.34    5.80
 219279.879    76.558   -10.23    7.56
 219655.836    74.096    -6.55    7.73
 220031.791    72.878    -3.24    7.23
 220407.744    74.147     3.38    7.61
 220783.695    75.529     3.68    7.38
 221159.644    76.635     2.94    7.06
 221535.591    74.932    -4.53    7.56
 221911.535    72.689    -5.97    6.88
 222287.478    70.345    -6.23    6.16
 222663.418    69.327    -2.71    5.85
 223039.357    70.166     2.23    6.00
 223415.293    73.003     7.55    6.80
 223791.227    75.878     7.65    6.68
 224167.160    77.770     5.03    6.17
 224543.090    74.378    -9.02    6.97
 224919.018    74.121    -0.68    6.81
 225294.944    74.917     2.12    7.42
 225670.868    77.660     7.30    7.67
 226046.789    81.173     9.34    5.32
 226422.709    80.689    -1.29    6.02
 226798.627    75.199   -14.60    9.34
 227174.542    71.609    -9.55    8.58
 227550.456    67.412   -11.16    6.45
 227926.368    67.229    -0.49    5.67
 228302.277    66.797    -1.15    6.44
 228678.184    63.716    -8.20    8.99
 229054.440    58.481   -13.91   10.54
 229430.747    53.180   -14.09    7.97
 229807.052    53.735     1.47    8.70
 230183.355    58.214    11.90   10.17
 230559.655    63.857    15.00    8.08
 230935.954    67.481     9.63    4.21
 231312.250    67.256    -0.60    3.61
 231688.545    65.660    -4.24    4.66
 232064.838    65.345    -0.84    4.93
 232441.128    64.840    -1.34    4.58
 232817.416    64.986     0.39    4.21
 233193.703    66.029     2.77    3.13
 233569.987    66.410     1.01    2.64
 233946.269    66.718     0.82    2.47
 234322.550    67.581     2.29    2.59
 234698.828    67.716     0.36    2.37
 235075.104    67.689    -0.07    2.19
 235451.378    67.175    -1.36    1.99
 235827.650    67.235     0.16    1.65
 236203.920    66.960    -0.73    1.86
 236580.188    66.712    -0.66    2.03
 236956.455    66.581    -0.35    1.81
 237332.719    65.891    -1.83    2.12
 237708.981    64.293    -4.25    3.02
 238085.241    63.029    -3.36    3.76
 238461.499    60.766    -6.01    4.02
 238837.755    59.942    -2.19    4.07
 239214.009    59.797    -0.39    4.72
 239590.261    60.056     0.69    4.42
 239966.510    60.828     2.05    4.31
