-117353.282  1309.473     0.00   53.07
-116977.238  1332.590    61.47   42.55
-116601.196  1356.937    64.75   32.33
-116225.157  1382.203    67.19   22.78
-115849.120  1384.373     5.77   18.79
-115473.086  1381.806    -6.83   20.99
-115097.054  1389.573    20.66   24.61
-114721.025  1385.015   -12.12   25.79
-114344.998  1388.990    10.57   33.83
-113968.974  1386.716    -6.05   38.21
-113592.952  1357.671   -77.24   54.85
-113216.933  1326.644   -82.52   60.77
-112840.917  1290.624   -95.80   60.87
-112464.902  1234.887  -148.23   55.74
-112088.891  1199.563   -93.95   64.50
-111712.882  1147.124  -139.46   79.25
-111336.875  1104.440  -113.52   79.11
-110960.871  1093.169   -29.98   64.77
-110584.869  1118.644    67.75   74.71
-110208.870  1168.837   133.50   80.21
-109832.873  1222.413   142.49   61.98
-109456.879  1271.915   131.66   46.17
-109080.887  1303.346    83.60   53.93
-108704.898  1350.331   124.97   63.14
-108328.912  1393.605   115.10   64.63
-107952.927  1419.682    69.36   51.98
-107576.946  1414.087   -14.88   55.97
-107200.966  1374.124  -106.29   68.31
-106824.989  1333.644  -107.67   52.85
-106449.015  1320.130   -35.94   39.08
-106073.043  1317.887    -5.97   40.71
-105697.074  1313.482   -11.72   46.02
-105321.107  1286.015   -73.06   60.69
-104945.143  1249.413   -97.36   56.04
-104569.181  1192.812  -150.55   79.24
-104193.221  1131.103  -164.14   82.21
-103817.264  1095.302   -95.23   76.78
-103441.309  1087.836   -19.86   70.61
-103065.357  1109.748    58.29   78.47
-102689.408  1147.725   101.02   64.89
-102313.460  1164.536    44.72   44.04
-101937.516  1179.624    40.13   42.70
-101561.573  1189.656    26.69   36.15
-101185.633  1193.915    11.33   39.21
-100809.696  1227.682    89.82   56.85
-100433.761  1255.834    74.89   58.72
-100057.829  1263.720    20.98   53.00
 -99681.899  1261.066    -7.06   49.62
 -99305.971  1255.425   -15.01   44.59
 -98930.046  1241.220   -37.79   56.11
 -98554.123  1235.676   -14.75   64.50
 -98178.203  1191.487  -117.55   78.62
 -97802.285  1133.400  -154.52   74.14
 -97426.369  1068.187  -173.48   95.83
 -97050.456   969.374  -262.87  135.74
 -96674.546   865.581  -276.11  150.82
 -96298.638   774.968  -241.06  135.65
 -95922.732   736.833  -101.45  112.10
 -95546.829   765.509    76.29  169.85
 -95170.928   817.169   137.43  184.47
 -94795.029   891.373   197.41  163.33
 -94419.017   990.118   262.61  169.28
 -94042.646  1060.755   187.68  147.03
 -93666.279  1098.833   101.17  130.24
 -93289.913  1102.733    10.36  137.20
 -92913.550  1097.246   -14.58  114.49
 -92537.189  1101.597    11.56   86.40
 -92160.831  1112.563    29.14   59.65
 -91784.475  1096.887   -41.65   71.96
 -91408.122  1046.076  -135.01  111.13
 -91031.771   961.784  -223.97  161.36
 -90655.422   837.937  -329.08  188.57
 -90279.076   742.258  -254.23  154.15
 -89902.732   735.617   -17.65  143.72
 -89526.391   823.238   232.83  184.85
 -89150.052   942.400   316.64  171.70
 -88773.715  1073.913   349.46  145.56
 -88397.381  1157.804   222.92   91.61
 -88021.049  1201.287   115.55   63.61
 -87644.720  1234.220    87.51   45.78
 -87268.393  1245.563    30.14   45.35
 -86892.068  1243.297    -6.02   76.63
 -86515.746  1230.124   -35.01  107.16
 -86139.426  1204.992   -66.78  114.19
 -85763.109  1169.725   -93.72  110.13
 -85386.793  1146.759   -61.03   79.95
 -85010.481  1118.581   -74.88   65.72
 -84634.170  1066.246  -139.08   86.39
 -84257.863   982.437  -222.72  115.30
 -83881.557   890.740  -243.68  111.08
 -83505.254   845.644  -119.84   80.34
 -83128.953   858.428    33.97   86.85
 -82752.655   913.211   145.59   94.89
 -82376.359   955.400   112.12   62.51
 -82000.065   934.581   -55.33   84.00
 -81623.774   868.990  -174.31  103.02
 -81247.485   822.374  -123.88   78.83
 -80871.198   795.045   -72.63   85.90
 -80494.914   791.940    -8.25  106.70
 -80118.632   747.143  -119.05  130.64
 -79742.352   659.195  -233.74  168.15
 -79366.075   541.563  -312.62  162.69
 -78989.801   430.246  -295.84  139.73
 -78613.528   324.220  -281.78  112.78
 -78237.258   245.545  -209.10  104.92
 -77860.990   175.836  -185.27  100.80
 -77484.725   117.731  -154.43   80.86
 -77108.462    80.297   -99.49   53.45
 -76732.201    54.590   -68.32   22.94
 -76355.943    43.276   -30.07   17.53
 -75979.687    36.698   -17.48    8.61
 -75603.433    37.276     1.54   13.04
 -75227.182    44.597    19.46   27.38
 -74850.933    57.118    33.28   40.88
 -74474.686    70.022    34.30   52.71
 -74098.442    77.682    20.36   49.79
 -73722.200   105.631    74.28   69.62
 -73345.960   179.605   196.62  118.94
 -72969.723   255.860   202.68  111.32
 -72593.488   317.579   164.05   85.61
 -72217.255   372.968   147.22   47.30
 -71841.025   404.157    82.90   61.38
 -71464.797   444.887   108.26   84.77
 -71088.571   476.731    84.64   94.68
 -70712.347   519.349   113.28   99.65
 -70336.126   576.334   151.47   99.76
 -69959.908   643.049   177.33  116.06
 -69583.691   721.482   208.48   97.34
 -69207.477   777.526   148.97   66.15
 -68831.265   821.361   116.52   76.35
 -68455.056   827.836    17.21   72.64
 -68078.848   779.292  -129.03  114.25
 -67702.643   704.707  -198.26  149.47
 -67326.441   636.966  -180.07  140.20
 -66950.240   649.861    34.28  148.46
 -66574.042   705.211   147.13  156.25
 -66197.847   756.062   135.17  127.04
 -65821.653   800.049   116.93   67.36
 -65445.462   855.238   146.71   75.18
 -65069.273   928.590   194.99  116.19
 -64693.087   997.144   182.24  111.85
 -64316.902  1049.143   138.23   82.10
 -63940.720  1074.477    67.34   60.88
 -63564.541  1069.443   -13.38   64.60
 -63188.363  1044.097   -67.38   77.86
 -62812.188  1019.165   -66.28   82.13
 -62436.015   970.361  -129.74   79.14
 -62059.845   926.987  -115.30   70.96
 -61683.676   895.455   -83.83   44.05
 -61307.510   888.203   -19.28   25.87
 -60931.346   910.913    60.37   51.01
 -60555.185   970.528   158.48   84.75
 -60179.026  1023.157   139.91   69.56
 -59802.869  1058.737    94.59   53.09
 -59426.714  1091.066    85.95   54.18
 -59050.562  1095.536    11.88   71.83
 -58674.411  1081.400   -37.58   89.72
 -58298.264  1056.265   -66.82   94.13
 -57922.118  1013.938  -112.53   99.64
 -57545.975   965.169  -129.66   85.11
 -57169.833   925.116  -106.49   93.81
 -56793.694   860.597  -171.53   78.91
 -56417.558   835.590   -66.49   78.10
 -56041.423   822.276   -35.40   93.29
 -55665.291   816.784   -14.60  110.69
 -55289.161   801.860   -39.68  103.46
 -54913.034   766.492   -94.03   83.52
 -54536.908   744.440   -58.63   61.06
 -54160.785   765.162    55.10   87.01
 -53784.664   797.617    86.29  116.25
 -53408.546   852.987   147.22  123.04
 -53032.429   921.964   183.39  112.28
 -52656.315   989.498   179.56  110.38
 -52280.203  1048.319   156.39   89.78
 -51904.093  1091.860   115.77   62.91
 -51527.986  1095.124     8.68   75.06
 -51151.880  1082.913   -32.47   77.23
 -50775.777  1077.720   -13.81   69.89
 -50399.676  1005.631  -191.68  109.19
 -50023.578   910.282  -253.52  137.75
 -49647.481   826.998  -221.44  134.53
 -49271.387   742.400  -224.94   95.77
 -48895.295   692.400  -132.95   79.19
 -48519.206   661.334   -82.60   81.06
 -48143.118   653.671   -20.38  106.97
 -47767.033   601.169  -139.60  133.33
 -47390.950   545.346  -148.43  156.20
 -47014.869   484.712  -161.23  156.29
 -46638.790   402.737  -217.97  125.77
 -46262.713   353.258  -131.57   93.40
 -45886.639   302.914  -133.87   63.00
 -45510.567   256.022  -124.69   52.98
 -45134.497   222.968   -87.89   66.76
 -44758.430   191.729   -83.07   69.56
 -44382.364   154.693   -98.48   74.44
 -44006.301   107.512  -125.46   66.39
 -43630.240    72.759   -92.41   41.74
 -43254.181    52.779   -53.13   15.01
 -42878.124    55.015     5.95   21.89
 -42502.069    60.676    15.05   25.03
 -42126.017    68.282    20.22   28.26
 -41749.967    69.443     3.09   27.18
 -41373.919    64.349   -13.55   26.35
 -40997.873    53.693   -28.34   21.33
 -40621.829    44.964   -23.21    7.62
 -40245.788    42.554    -6.41    5.85
 -39869.749    40.658    -5.04    5.75
 -39493.712    40.860     0.54    6.07
 -39117.677    41.887     2.73    6.73
 -38741.644    44.019     5.67    6.85
 -38365.613    46.282     6.02    6.03
 -37989.585    49.693     9.07    6.82
 -37613.559    51.350     4.41    5.78
 -37237.535    52.554     3.20    6.33
 -36861.513    62.590    26.69   27.69
 -36485.493    91.752    77.56   76.93
 -36109.475   124.676    87.56   93.95
 -35733.460   168.554   116.69   92.33
 -35357.447   194.470    68.93   80.37
 -34981.435   187.374   -18.87   77.55
 -34605.426   171.887   -41.19   75.82
 -34229.420   164.733   -19.03   78.80
 -33853.415   172.477    20.59   77.16
 -33477.412   193.262    55.28   77.36
 -33101.412   186.184   -18.82   98.24
 -32725.414   144.292  -111.42   98.25
 -32349.418   114.238   -79.93   72.47
 -31973.424    95.045   -51.05   52.80
 -31597.432    95.482     1.16   57.41
 -31221.442    95.118    -0.97   54.20
 -30845.455   101.272    16.37   46.03
 -30469.469   134.440    88.22   83.69
 -30093.486   184.914   134.25  102.29
 -29717.505   217.887    87.70  100.52
 -29341.526   243.502    68.13   93.84
 -28965.549   239.776    -9.91   92.39
 -28589.574   207.502   -85.84   94.13
 -28213.601   173.076   -91.57   83.91
 -27837.631   149.861   -61.75   57.69
 -27461.662   131.861   -47.87   39.19
 -27085.696   129.231    -7.00   34.86
 -26709.732   138.451    24.52   38.53
 -26333.770   151.502    34.71   49.36
 -25957.810   157.482    15.90   53.88
 -25581.852   159.810     6.19   51.38
 -25205.896   144.698   -40.20   57.22
 -24829.942   119.913   -65.93   51.77
 -24453.991   103.938   -42.49   34.65
 -24078.041   109.466    14.70   31.73
 -23702.094   115.176    15.19   29.27
 -23326.149   124.477    24.74   28.04
 -22950.206   116.861   -20.26   30.31
 -22574.265   123.319    17.18   36.15
 -22198.326   126.940     9.63   37.50
 -21822.389   115.806   -29.62   34.57
 -21446.454   108.184   -20.27   37.18
 -21070.521    94.887   -35.37   36.75
 -20694.591    80.043   -39.49   20.39
 -20318.662    86.297    16.64   29.87
 -19942.736   105.631    51.43   45.68
 -19566.812   131.887    69.85   51.65
 -19190.653   149.554    46.97   44.58
 -18814.315   148.400    -3.06   39.25
 -18437.978   140.066   -22.15   34.76
 -18061.643   127.782   -32.64   25.09
 -17685.311   123.861   -10.42   30.20
 -17308.981   112.509   -30.17   37.73
 -16932.652    95.246   -45.87   34.15
 -16556.326    81.643   -36.15   29.58
 -16180.002    67.054   -38.77   13.61
 -15803.680    60.995   -16.10    9.33
 -15427.360    58.482    -6.68    6.83
 -15051.042    58.887     1.08    7.04
 -14674.726    57.671    -3.23    7.53
 -14298.412    56.430    -3.30    7.64
 -13922.100    55.554    -2.33    7.98
 -13545.791    53.836    -4.57    8.14
 -13169.483    52.915    -2.45    7.21
 -12793.178    51.169    -4.64    6.86
 -12416.874    49.165    -5.33    6.34
 -12040.573    48.545    -1.65    6.39
 -11664.273    46.066    -6.59    5.20
 -11287.976    45.707    -0.95    6.03
 -10911.680    46.644     2.49    7.31
 -10535.387    47.400     2.01    7.41
 -10159.096    46.337    -2.82    6.27
  -9782.807    45.103    -3.28    4.73
  -9406.520    43.887    -3.23    4.41
  -9030.234    42.076    -4.81    4.38
  -8653.951    42.428     0.93    5.11
  -8277.670    40.184    -5.96    7.18
  -7901.391    39.430    -2.01    7.71
  -7525.114    37.066    -6.28    6.53
  -7148.839    34.937    -5.66    4.96
  -6772.567    34.165    -2.05    4.98
  -6396.296    32.937    -3.26    6.80
  -6020.027    31.755    -3.14    7.26
  -5643.760    28.502    -8.65    8.43
  -5267.495    24.349   -11.04    8.47
  -4891.232    21.913    -6.47    7.03
  -4514.972    19.554    -6.27    5.46
  -4138.713    18.703    -2.26    5.52
  -3762.456    18.712     0.02    5.50
  -3386.201    18.970     0.69    5.15
  -3009.949    19.784     2.16    5.31
  -2633.698    20.782     2.65    4.53
  -2257.449    20.319    -1.23    3.40
  -1881.203    21.644     3.52    2.78
  -1504.958    21.804     0.43    3.07
  -1128.715    19.964    -4.89    6.76
   -752.475    13.737   -16.55   11.43
   -376.236     6.860   -18.28   10.90
      0.001     0.687   -16.41    6.70
    376.235     1.545     2.28    7.81
    752.468     8.571    18.68   11.79
   1128.699    15.184    17.58   10.25
   1504.927    19.631    11.82    5.42
   1881.154    20.590     2.55    5.61
   2257.379    22.831     5.96    7.44
   2633.602    28.579    15.28    9.69
   3009.822    31.193     6.95    7.33
   3386.041    29.836    -3.61    8.20
   3762.258    27.759    -5.52    8.35
   4138.473    25.144    -6.95    7.64
   4514.685    23.968    -3.13    6.92
   4890.896    25.536     4.17    6.02
   5267.105    24.698    -2.23    5.02
   5643.312    24.787     0.24    4.82
   6019.517    25.049     0.70    5.45
   6395.720    24.477    -1.52    6.24
   6771.921    24.400    -0.20    6.40
   7148.120    23.019    -3.67    6.22
   7524.317    22.671    -0.92    6.02
   7900.512    24.656     5.28    6.55
   8276.705    24.308    -0.93    7.08
   8652.896    25.970     4.42    8.41
   9029.086    27.784     4.82    8.76
   9405.273    28.248     1.23    9.38
   9781.458    27.729    -1.38    8.38
  10157.642    28.220     1.31    7.20
  10533.823    27.074    -3.05    5.53
  10910.002    29.103     5.39    6.89
  11286.180    34.124    13.35    7.29
  11662.355    35.860     4.62    8.40
  12038.529    40.374    12.00    7.46
  12414.701    41.617     3.30    7.56
  12790.871    41.810     0.51    6.83
  13167.038    40.887    -2.45    6.46
  13543.204    38.938    -5.18    6.46
  13919.368    37.914    -2.72    6.75
  14295.530    39.784     4.97    4.90
  14671.690    39.755    -0.08    4.58
  15047.848    39.081    -1.79    3.71
  15424.004    38.428    -1.74    4.02
  15800.159    36.779    -4.38    3.91
  16176.311    35.698    -2.87    3.45
  16552.462    35.707     0.03    3.71
  16928.610    36.481     2.06    3.92
  17304.757    37.118     1.69    4.27
  17680.901    37.938     2.18    4.10
  18057.044    37.526    -1.10    4.26
  18433.185    36.656    -2.31    5.29
  18809.324    36.346    -0.82    6.25
  19185.461    37.759     3.75    6.39
  19561.596    39.143     3.68    6.09
  19937.729    37.703    -3.83    8.35
  20313.860    34.703    -7.98    9.03
  20689.990    31.092    -9.60    7.69
  21066.117    28.784    -6.14    5.96
  21442.243    30.081     3.45    5.63
  21818.367    30.022    -0.16    5.08
  22194.488    29.590    -1.15    5.20
  22570.608    28.725    -2.30    4.76
  22946.726    25.698    -8.05    3.82
  23322.842    23.681    -5.36    3.12
  23698.957    22.297    -3.68    2.80
  24075.069    21.707    -1.57    2.40
  24451.179    21.054    -1.74    2.41
  24827.288    21.246     0.51    2.06
  25203.395    21.265     0.05    1.78
  25579.499    21.124    -0.38    1.84
  25955.602    22.176     2.80    2.87
  26331.703    23.579     3.73    4.21
  26707.802    27.428    10.23    6.88
  27083.900    31.808    11.65    7.43
  27459.995    34.462     7.06    7.53
  27836.089    37.630     8.42    5.86
  28212.180    38.941     3.49    5.03
  28588.270    37.725    -3.23    5.00
  28964.358    36.806    -2.44    4.20
  29340.444    36.590    -0.57    4.22
  29716.528    36.470    -0.32    4.54
  30092.611    36.562     0.24    5.13
  30468.691    36.195    -0.98    5.95
  30844.770    36.536     0.91    6.51
  31220.847    35.528    -2.68    6.07
  31596.921    31.387   -11.01    9.96
  31972.995    24.387   -18.61   12.30
  32349.066    16.519   -20.92    9.54
  32725.135    12.528   -10.61    6.83
  33101.203    10.609    -5.10    4.14
  33477.268    11.650     2.77    5.81
  33853.332    12.733     2.88    6.27
  34229.394    13.058     0.86    5.75
  34605.454    12.143    -2.43    4.27
  34981.512    11.698    -1.18    2.44
  35357.569    15.455     9.99    7.37
  35733.624    19.644    11.14    8.56
  36109.676    20.887     3.31    8.35
  36485.727    22.092     3.20    7.67
  36861.776    21.987    -0.28    5.65
  37237.824    22.779     2.11    5.11
  37613.869    24.312     4.08    4.02
  37989.913    24.097    -0.57    3.07
  38365.955    23.682    -1.11    3.05
  38741.995    22.045    -4.35    2.39
  39118.033    21.964    -0.22    3.17
  39494.069    21.748    -0.57    3.32
  39870.104    21.725    -0.06    3.99
  40246.136    22.323     1.59    5.06
  40622.167    21.201    -2.98    5.21
  40998.196    21.784     1.55    6.08
  41374.224    21.255    -1.41    6.51
  41750.249    21.220    -0.09    6.89
  42126.273    21.941     1.92    7.06
  42502.295    22.387     1.19    6.12
  42878.315    23.440     2.80    5.63
  43254.333    24.062     1.66    4.52
  43630.350    24.265     0.54    2.94
  44006.364    23.887    -1.01    2.53
  44382.377    23.466    -1.12    2.66
  44758.388    23.097    -0.98    2.70
  45134.397    23.319     0.59    2.80
  45510.405    23.112    -0.55    2.75
  45886.411    23.373     0.70    2.89
  46262.415    23.752     1.01    3.55
  46638.417    26.238     6.61    5.81
  47014.417    30.030    10.08    6.94
  47390.416    32.118     5.55    7.12
  47766.412    34.323     5.86    6.72
  48142.407    35.276     2.53    5.99
  48518.401    36.103     2.20    5.42
  48894.392    35.554    -1.46    6.42
  49270.382    34.492    -2.82    6.39
  49646.370    32.987    -4.00    6.64
  50022.356    31.968    -2.71    6.53
  50398.340    29.308    -7.07    5.60
  50774.323    25.255   -10.78    7.47
  51150.303    23.528    -4.59    7.45
  51526.283    22.779    -1.99    7.57
  51902.260    25.362     6.87    7.41
  52278.235    28.571     8.54    6.48
  52654.209    31.428     7.60    4.57
  53030.181    32.725     3.45    4.26
  53406.151    33.193     1.24    3.90
  53782.120    32.220    -2.59    5.10
  54158.087    30.015    -5.87    6.14
  54534.052    28.220    -4.77    6.35
  54910.015    28.229     0.02    5.88
  55285.976    29.617     3.69    6.01
  55661.936    31.276     4.41    5.27
  56038.200    28.861    -6.42    8.66
  56414.500    21.698   -19.04   12.00
  56790.798    14.097   -20.20   11.25
  57167.095     7.097   -18.60    6.49
  57543.389     4.637    -6.54    4.17
  57919.682     4.292    -0.92    4.25
  58295.974     5.012     1.91    4.98
  58672.263     9.605    12.21    7.55
  59048.551    13.860    11.31    8.98
  59424.837    18.022    11.06    9.05
  59801.121    22.590    12.14    7.75
  60177.404    23.887     3.45    7.73
  60553.685    25.579     4.50    7.94
  60929.964    27.776     5.84    6.28
  61306.242    29.733     5.20    4.71
  61682.517    30.334     1.60    2.84
  62058.791    30.998     1.76    2.41
  62435.064    31.502     1.34    2.24
  62811.334    30.990    -1.36    3.97
  63187.603    30.124    -2.30    5.99
  63563.870    31.265     3.03    6.89
  63940.136    31.477     0.56    7.24
  64316.399    32.292     2.17    7.07
  64692.661    32.169    -0.33    6.37
  65068.922    30.637    -4.07    7.21
  65445.180    31.287     1.73    6.88
  65821.437    29.887    -3.72    7.48
  66197.692    27.779    -5.60    7.48
  66573.946    25.860    -5.10    7.23
  66950.198    23.624    -5.94    7.45
  67326.448    23.998     0.99    8.01
  67702.696    24.787     2.10    7.82
  68078.943    26.308     4.04    7.25
  68455.188    27.698     3.69    6.21
  68831.431    28.656     2.55    4.98
  69207.673    28.913     0.68    4.51
  69583.913    27.861    -2.80    5.65
  69960.151    26.644    -3.23    6.35
  70336.388    25.938    -1.88    7.34
  70712.623    26.248     0.82    7.80
  71088.856    26.861     1.63    7.69
  71465.087    27.554     1.84    7.07
  71841.317    29.299     4.64    5.61
  72217.545    28.346    -2.53    6.64
  72593.772    28.373     0.07    6.50
  72969.997    26.914    -3.88    7.49
  73346.220    26.617    -0.79    7.27
  73722.442    26.970     0.94    7.45
  74098.662    27.502     1.41    7.20
  74474.880    28.631     3.00    7.35
  74851.096    27.203    -3.80    8.69
  75227.311    25.466    -4.62    9.58
  75603.524    21.605   -10.26   11.51
  75979.736    17.118   -11.93   12.03
  76355.946    14.428    -7.15   11.80
  76732.154    13.143    -3.41   11.05
  77108.361    12.554    -1.57    9.92
  77484.566    16.195     9.68    9.44
  77860.769    16.554     0.95    8.55
  78236.971    16.512    -0.11    7.68
  78613.171    18.143     4.34    7.69
  78989.369    18.536     1.04    7.89
  79365.566    17.941    -1.58    7.47
  79741.761    18.914     2.59    8.02
  80117.954    18.220    -1.84    8.38
  80494.146    16.571    -4.38    7.86
  80870.336    14.195    -6.32    8.40
  81246.525    12.995    -3.19    9.01
  81622.712    10.451    -6.76    8.06
  81998.897     9.682    -2.04    8.29
  82375.081     8.836    -2.25    7.58
  82751.263     6.265    -6.83    6.62
  83127.443     5.400    -2.30    4.71
  83503.622     5.914     1.37    3.62
  83879.799     7.755     4.89    4.19
  84255.975     9.482     4.59    3.67
  84632.149    10.949     3.90    2.87
  85008.321    12.502     4.13    4.31
  85384.492    13.413     2.42    4.40
  85760.661    14.887     3.92    4.47
  86136.828    14.784    -0.27    4.52
  86512.994    14.720    -0.17    3.77
  86889.159    14.605    -0.31    3.87
  87265.321    13.554    -2.79    2.92
  87641.482    14.238     1.82    3.31
  88017.642    14.834     1.58    3.49
  88393.800    14.682    -0.41    3.28
  88769.956    14.477    -0.55    3.29
  89146.110    14.617     0.37    3.69
  89522.264    13.913    -1.87    4.33
  89898.415    14.440     1.40    5.30
  90274.565    15.081     1.71    5.54
  90650.713    16.373     3.43    5.23
  91026.860    18.443     5.50    4.56
  91403.005    20.477     5.41    3.86
  91779.149    21.656     3.14    4.91
  92155.290    23.415     4.68    4.09
  92531.431    23.220    -0.52    4.09
  92907.570    21.748    -3.91    4.76
  93283.707    20.519    -3.27    5.43
  93659.842    19.272    -3.32    5.32
  94035.977    17.255    -5.36    5.83
  94412.109    16.282    -2.59    6.04
  94788.240    15.834    -1.19    5.03
  95164.369    15.562    -0.72    4.88
  95540.497    15.752     0.50    5.39
  95916.623    16.062     0.82    5.62
  96292.748    14.887    -3.12    5.68
  96668.871    14.498    -1.03    5.21
  97044.993    15.076     1.54    5.14
  97421.112    17.193     5.63    5.86
  97797.231    19.913     7.23    6.24
  98173.348    19.962     0.13    6.67
  98549.463    18.276    -4.48    7.00
  98925.577    15.487    -7.41    5.66
  99301.689    13.563    -5.12    2.54
  99677.800    14.834     3.38    4.72
 100053.909    16.782     5.18    6.30
 100430.016    16.913     0.35    6.47
 100806.122    16.176    -1.96    5.90
 101182.227    15.387    -2.10    5.29
 101558.330    13.451    -5.15    2.57
 101934.431    14.130     1.81    4.55
 102310.531    14.112    -0.05    4.74
 102686.629    13.784    -0.87    4.74
 103062.726    13.804     0.05    4.32
 103438.821    14.211     1.08    5.34
 103814.915    14.943     1.94    6.72
 104191.007    18.097     8.39    8.83
 104567.098    18.400     0.80    8.69
 104943.187    18.292    -0.29    8.50
 105319.274    19.887     4.24    9.89
 105695.360    19.605    -0.75   11.14
 106071.445    20.282     1.80   11.59
 106447.528    18.968    -3.49   11.80
 106823.610    15.682    -8.74   10.73
 107199.690    11.990    -9.82    7.78
 107575.768     9.081    -7.73    3.83
 107951.845     9.579     1.32    3.48
 108327.921    10.970     3.70    3.97
 108703.995    11.834     2.30    4.36
 109080.067    13.451     4.30    4.96
 109456.138    13.857     1.08    4.79
 109832.207    13.563    -0.78    5.08
 110208.275    17.729    11.08    9.92
 110584.342    20.725     7.97   12.16
 110960.407    24.554    10.18   12.83
 111336.470    23.720    -2.22   13.36
 111712.532    20.143    -9.51   13.12
 112088.593    16.733    -9.07   10.69
 112464.652    14.554    -5.80    7.12
 112840.709    14.941     1.03    6.45
 113216.765    15.203     0.70    6.63
 113592.820    14.992    -0.56    6.97
 113968.873    12.304    -7.15    6.12
 114344.924    11.833    -1.25    5.98
 114720.974    14.428     6.90    8.60
 115097.023    17.282     7.59    9.25
 115473.070    21.682    11.70    9.66
 115849.115    23.981     6.11    9.75
 116225.160    27.519     9.41    9.67
 116601.202    29.545     5.39    7.86
 116977.243    29.671     0.33    6.86
 117353.283    31.118     3.85    7.34
 117729.322    28.806    -6.15    7.76
 118105.358    28.707    -0.26    7.27
 118481.394    28.733     0.07    7.11
 118857.428    30.071     3.56    7.02
 119233.460    33.176     8.26    7.07
 119609.491    36.502     8.84    7.01
 119985.520    37.703     3.19    5.29
 120361.548    39.554     4.92    4.98
 120737.575    40.995     3.83    5.83
 121113.600    41.022     0.07    5.73
 121489.624    41.076     0.14    5.65
 121865.646    39.966    -2.95    5.64
 122241.667    38.574    -3.70    5.31
 122617.686    37.477    -2.92    5.47
 122993.704    36.246    -3.27    5.24
 123369.721    36.887     1.70    6.09
 123745.736    37.784     2.39    6.49
 124121.749    38.536     2.00    6.49
 124497.761    38.784     0.66    6.19
 124873.772    38.229    -1.48    4.77
 125249.781    37.374    -2.27    4.21
 125625.789    38.265     2.37    4.12
 126001.795    38.887     1.65    4.45
 126377.800    39.612     1.93    4.85
 126753.804    41.458     4.91    5.15
 127129.806    41.860     1.07    4.92
 127505.807    41.590    -0.72    4.75
 127881.806    42.319     1.94    4.90
 128257.804    43.536     3.23    5.26
 128633.800    43.887     0.93    5.26
 129009.795    44.237     0.93    5.78
 129385.789    44.519     0.75    5.44
 129761.781    45.103     1.55    5.49
 130137.772    45.836     1.95    4.72
 130513.761    44.782    -2.80    5.64
 130889.811    43.334    -3.85    5.62
 131266.079    41.887    -3.85    4.88
 131642.346    41.913     0.07    4.94
 132018.612    42.804     2.37    5.11
 132394.876    42.124    -1.81    5.03
 132771.138    40.062    -5.48    5.14
 133147.400    37.799    -6.01    4.11
 133523.660    36.782    -2.70    3.63
 133899.918    36.265    -1.37    3.73
 134276.175    36.860     1.58    4.07
 134652.431    37.400     1.44    4.16
 135028.685    38.693     3.43    5.02
 135404.938    41.066     6.31    4.55
 135781.190    41.537     1.25    4.61
 136157.440    40.914    -1.66    5.00
 136533.689    38.143    -7.36    4.48
 136909.936    35.707    -6.47    4.52
 137286.182    33.605    -5.59    3.69
 137662.427    33.150    -1.21    4.38
 138038.670    32.169    -2.61    5.59
 138414.912    30.831    -3.56    6.41
 138791.153    28.536    -6.10    7.02
 139167.392    25.913    -6.97    5.60
 139543.630    25.030    -2.35    4.60
 139919.866    24.400    -1.67    4.31
 140296.101    25.143     1.98    4.85
 140672.335    26.276     3.01    4.68
 141048.567    26.536     0.69    4.37
 141424.798    26.415    -0.32    4.58
 141801.028    25.176    -3.29    4.64
 142177.256    23.337    -4.89    4.68
 142553.483    21.995    -3.57    4.30
 142929.708    21.554    -1.17    4.35
 143305.932    22.808     3.33    4.74
 143682.155    24.387     4.20    5.10
 144058.377    26.130     4.63    4.97
 144434.597    26.387     0.68    5.33
 144810.815    25.808    -1.54    6.22
 145187.033    24.428    -3.67    6.42
 145563.249    21.292    -8.33    6.64
 145939.464    18.716    -6.85    8.49
 146315.677    15.554    -8.40    9.09
 146691.889    12.323    -8.59    7.90
 147068.100    13.359     2.75    8.74
 147444.309    14.752     3.70    8.95
 147820.517    17.833     8.19    6.54
 148196.724    18.833     2.66    4.89
 148572.929    20.037     3.20    5.09
 148949.133    21.644     4.27    4.72
 149325.336    21.229    -1.10    4.83
 149701.537    19.519    -4.55    4.96
 150077.737    17.784    -4.61    4.36
 150453.936    17.049    -1.95    3.66
 150830.134    18.712     4.42    4.77
 151206.330    20.834     5.64    4.96
 151582.524    22.581     4.64    5.13
 151958.718    23.752     3.11    5.07
 152334.910    24.304     1.47    4.13
 152711.101    25.519     3.23    3.79
 153087.290    26.784     3.36    2.86
 153463.479    27.344     1.49    2.68
 153839.666    27.964     1.65    2.66
 154215.851    28.466     1.33    2.75
 154592.035    29.026     1.49    2.53
 154968.218    28.682    -0.91    2.75
 155344.400    28.124    -1.48    2.95
 155720.581    27.195    -2.47    3.40
 156096.760    26.887    -0.82    3.97
 156472.937    26.118    -2.04    4.72
 156849.114    25.637    -1.28    5.04
 157225.289    26.297     1.76    5.04
 157601.463    27.400     2.93    5.02
 157977.636    29.276     4.99    4.42
 158353.807    30.509     3.28    4.59
 158729.977    32.157     4.38    4.76
 159106.146    33.130     2.59    4.25
 159482.313    33.308     0.47    3.77
 159858.480    33.415     0.28    3.93
 160234.645    33.987     1.52    3.96
 160610.808    35.861     4.98    5.10
 160986.971    37.914     5.46    4.94
 161363.132    38.297     1.02    4.63
 161739.292    38.519     0.59    4.73
 162115.450    37.387    -3.01    4.07
 162491.608    37.265    -0.32    3.51
 162867.764    37.015    -0.67    4.13
 163243.918    36.443    -1.52    4.32
 163620.072    36.451     0.02    4.40
 163996.224    36.362    -0.24    4.43
 164372.375    37.446     2.88    3.92
 164748.525    38.833     3.69    3.46
 165124.673    38.644    -0.50    3.32
 165500.821    39.184     1.44    3.20
 165876.967    38.184    -2.66    4.16
 166253.111    36.359    -4.85    4.72
 166629.255    34.297    -5.48    4.15
 167005.397    31.861    -6.48    5.17
 167381.538    30.671    -3.17    5.37
 167757.678    30.519    -0.40    5.32
 168133.816    31.887     3.64    5.63
 168509.954    34.502     6.95    4.34
 168886.090    35.779     3.39    3.15
 169262.224    37.143     3.63    3.75
 169638.358    37.943     2.12    3.97
 170014.490    37.784    -0.42    4.52
 170390.621    38.220     1.16    5.25
 170766.751    36.387    -4.87    6.80
 171142.880    33.964    -6.44    6.88
 171519.007    31.563    -6.38    7.15
 171895.133    28.752    -7.47    6.58
 172271.258    26.806    -5.17    5.82
 172647.382    27.137     0.88    5.61
 173023.504    29.019     5.00    6.25
 173399.626    31.784     7.35    5.50
 173775.746    33.265     3.94    6.09
 174151.865    34.784     4.04    6.36
 174527.982    37.528     7.29    5.53
 174904.099    39.502     5.25    4.82
 175280.214    40.860     3.61    3.66
 175656.328    41.425     1.50    2.60
 176032.441    40.779    -1.72    3.19
 176408.552    40.203    -1.53    3.39
 176784.663    39.725    -1.27    3.56
 177160.772    38.981    -1.98    3.85
 177536.880    37.682    -3.45    4.32
 177912.987    35.019    -7.08    6.47
 178289.092    32.831    -5.82    6.92
 178665.197    31.451    -3.67    5.93
 179041.300    32.193     1.97    5.52
 179417.402    34.297     5.60    5.35
 179793.503    36.990     7.16    4.06
 180169.602    38.752     4.69    2.64
 180545.701    39.045     0.78    3.37
 180921.798    38.554    -1.31    4.34
 181297.894    37.812    -1.97    4.56
 181673.989    37.184    -1.67    4.50
 182050.082    37.143    -0.11    5.04
 182426.175    37.913     2.05    4.69
 182802.266    38.346     1.15    4.89
 183178.357    38.860     1.37    4.75
 183554.446    40.430     4.17    4.20
 183930.533    40.810     1.01    3.88
 184306.620    41.112     0.80    3.72
 184682.705    41.248     0.36    3.36
 185058.790    40.631    -1.64    4.03
 185434.873    39.915    -1.90    3.86
 185810.955    40.334     1.12    3.29
 186187.036    41.041     1.88    4.30
 186563.115    42.229     3.16    3.97
 186939.194    42.308     0.21    3.92
 187315.271    41.810    -1.32    3.52
 187691.348    41.087    -1.92    3.93
 188067.423    40.887    -0.53    3.63
 188443.496    40.812    -0.20    3.48
 188819.569    40.545    -0.71    3.31
 189195.641    40.590     0.12    3.41
 189571.711    41.103     1.37    3.85
 189947.781    40.220    -2.35    4.47
 190323.849    39.229    -2.64    4.73
 190699.916    38.662    -1.51    4.73
 191075.982    38.720     0.16    4.50
 191452.046    38.887     0.44    3.31
 191828.110    39.255     0.98    3.08
 192204.173    35.466   -10.08    6.27
 192580.234    31.440   -10.71    7.08
 192956.294    28.092    -8.90    6.60
 193332.353    24.915    -8.45    4.09
 193708.411    23.470    -3.84    4.59
 194084.468    22.349    -2.98    5.84
 194460.524    21.144    -3.20    7.16
 194836.578    19.810    -3.55    7.80
 195212.632    18.605    -3.20    7.43
 195588.684    17.220    -3.68    5.38
 195964.735    17.590     0.98    6.16
 196340.785    19.373     4.74    6.49
 196716.834    20.964     4.23    7.21
 197092.882    22.913     5.18    7.21
 197468.929    24.157     3.31    7.24
 197844.975    25.554     3.71    8.24
 198221.019    26.440     2.36    8.87
 198597.063    26.176    -0.70    8.43
 198973.105    25.400    -2.06    8.07
 199349.146    25.810     1.09    8.51
 199725.186    24.808    -2.66    7.08
 200101.225    23.859    -2.52    6.12
 200477.263    23.676    -0.49    3.70
 200853.300    25.637     5.21    5.31
 201229.336    28.169     6.73    6.33
 201605.371    29.682     4.02    6.21
 201981.404    31.387     4.53    6.84
 202357.437    34.184     7.44    6.18
 202733.468    38.076    10.35    4.70
 203109.498    39.400     3.52    3.63
 203485.528    38.477    -2.46    4.68
 203861.556    38.184    -0.78    4.84
 204237.583    37.015    -3.11    5.91
 204613.609    36.092    -2.45    6.69
 204989.634    34.272    -4.84    7.22
 205365.658    33.157    -2.96    7.02
 205741.680    31.605    -4.13    6.62
 206117.820    30.597    -2.68    5.55
 206494.055    30.915     0.84    5.05
 206870.289    31.509     1.58    5.43
 207246.522    33.415     5.07    6.04
 207622.754    34.676     3.35    6.37
 207998.985    36.887     5.88    6.81
 208375.215    38.949     5.48    7.20
 208751.444    40.045     2.91    6.60
 209127.672    40.176     0.35    6.43
 209503.898    41.109     2.48    5.75
 209880.124    41.656     1.45    5.55
 210256.348    41.806     0.40    5.67
 210632.572    40.374    -3.81    6.05
 211008.794    40.220    -0.41    6.75
 211385.016    40.834     1.63    6.23
 211761.236    40.808    -0.07    7.17
 212137.455    42.323     4.03    7.06
 212513.674    44.169     4.91    6.92
 212889.891    45.526     3.61    7.37
 213266.107    46.022     1.32    6.48
 213642.322    47.076     2.80    6.29
 214018.536    49.860     7.40    6.90
 214394.749    52.509     7.04    7.51
 214770.961    55.458     7.84    7.29
 215147.172    55.337    -0.32    6.43
 215523.382    54.545    -2.11    6.91
 215899.591    53.193    -3.59    7.52
 216275.799    51.349    -4.90    7.58
 216652.006    49.455    -5.03    7.25
 217028.212    48.650    -2.14    6.12
 217404.416    49.413     2.03    5.51
 217780.620    50.759     3.58    5.52
 218156.823    53.076     6.16    6.05
 218533.025    56.597     9.36    6.77
 218909.225    60.762    11.07    7.65
 219285.425    65.058    11.42    9.77
 219661.624    67.292     5.94    9.36
 220037.822    68.400     2.95    8.88
 220414.018    71.725     8.84   10.00
 220790.214    70.860    -2.30   10.45
 221166.409    69.026    -4.88   10.31
 221542.602    67.964    -2.82    9.23
 221918.795    65.374    -6.88    8.35
 222294.987    65.617     0.64    8.20
 222671.177    64.246    -3.64    7.23
 223047.367    63.966    -0.74    6.88
 223423.556    64.913     2.52    6.94
 223799.743    63.292    -4.31    5.39
 224175.930    63.323     0.08    5.68
 224552.116    64.387     2.83    5.49
 224928.301    63.808    -1.54    5.24
 225304.484    62.195    -4.29    5.40
 225680.667    59.946    -5.98    5.70
 226056.849    56.554    -9.02    5.52
 226433.030    54.211    -6.23    5.88
 226809.209    52.359    -4.92    4.94
 227185.388    52.887     1.40    5.92
 227561.566    54.220     3.54    6.42
 227937.743    56.361     5.69    5.33
 228313.919    57.838     3.93    6.22
 228690.094    57.617    -0.59    6.75
 229066.268    60.425     7.47    6.45
 229442.441    61.150     1.93    6.19
 229818.613    61.169     0.05    6.37
 230194.784    61.157    -0.03    6.71
 230570.954    59.323    -4.88    8.62
 230947.123    58.482    -2.24    9.46
 231323.291    56.887    -4.24    8.80
 231699.458    54.346    -6.75    9.56
 232075.625    50.973    -8.97    8.06
 232451.790    48.246    -7.25    7.62
 232827.954    47.528    -1.91    5.86
 233204.118    49.116     4.22    6.60
 233580.280    49.725     1.62    6.05
 233956.441    49.831     0.28    5.16
 234332.602    48.440    -3.70    5.28
 234708.762    45.587    -7.58    5.91
 235084.920    41.482   -10.91    7.20
 235461.078    37.019   -11.86    7.26
 235837.235    35.650    -3.64    6.98
 236213.391    35.579    -0.19    7.09
 236589.545    37.671     5.56    6.48
 236965.699    39.362     4.50    5.68
 237341.852    40.440     2.86    3.70
 237718.005    39.725    -1.90    5.99
 238094.156    38.130    -4.24    7.11
 238470.306    36.720    -3.75    6.42
 238846.455    35.297    -3.78    5.37
 239222.604    35.631     0.89    3.77
 239598.751    34.916    -1.90    5.08
 239974.898    35.492     1.53    6.04
 240351.043    36.644     3.06    6.72
 240727.188    34.581    -5.48    7.84
 241103.332    33.272    -3.48    6.77
 241479.475    35.265     5.30    7.84
 241855.617    38.092     7.51    8.43
 242231.758    41.676     9.53    6.09
 242607.898    42.287     1.62    4.58
 242984.037    41.995    -0.78    4.49
 243360.175    41.537    -1.22    3.78
 243736.313    42.118     1.54    3.56
 244112.449    44.054     5.15    5.27
 244488.585    47.265     8.54    9.26
 244864.720    49.509     5.96    9.32
 245240.854    51.265     4.67    8.91
 245616.987    50.323    -2.51    8.30
 245993.119    47.536    -7.41    6.64
 246369.250    47.374    -0.43    6.00
 246745.380    46.545    -2.20    5.77
 247121.509    45.590    -2.54    4.99
 247497.638    44.836    -2.00    4.95
 247873.765    44.579    -0.68    4.44
 248249.892    43.676    -2.40    4.09
 248626.018    42.387    -3.43    3.93
 249002.143    41.656    -1.94    4.44
 249378.267    41.536    -0.32    4.24
 249754.390    42.195     1.75    4.76
 250130.512    42.707     1.36    4.19
 250506.634    43.801     2.91    3.18
 250882.754    41.806    -5.31    3.96
 251258.874    40.644    -3.09    4.17
 251634.993    41.157     1.37    4.62
 252011.111    41.914     2.01    5.00
 252387.228    44.054     5.69    4.61
 252763.344    45.887     4.87    3.74
 253139.459    45.502    -1.02    4.31
 253515.574    45.292    -0.56    4.57
 253891.688    43.097    -5.84    4.45
 254267.800    40.703    -6.37    3.71
 254643.912    38.272    -6.46    4.93
 255020.023    36.211    -5.48    5.12
 255396.134    35.092    -2.98    4.83
 255772.243    35.470     1.01    5.02
 256148.352    37.579     5.61    4.66
 256524.459    38.810     3.27    4.28
 256900.566    40.106     3.44    2.57
 257276.672    38.373    -4.61    5.60
 257652.777    35.373    -7.98    6.91
 258028.881    33.725    -4.38    6.82
 258404.985    31.150    -6.85    6.82
 258781.088    30.319    -2.21    7.45
 259157.189    30.913     1.58    7.20
 259533.290    30.861    -0.14    8.12
 259909.390    32.076     3.23    9.02
 260285.490    32.361     0.76    9.36
 260661.588    34.861     6.65    9.76
 261037.686    37.272     6.41    8.20
 261413.783    39.265     5.30    6.67
 261789.879    40.272     2.68    5.83
 262165.974    40.400     0.34    5.77
 262542.068    40.725     0.86    5.59
 262918.162    42.045     3.51    5.47
 263294.254    42.981     2.49    4.52
 263670.346    43.195     0.57    4.12
 264046.437    43.519     0.86    4.42
 264422.528    43.359    -0.42    4.48
 264798.617    43.041    -0.85    4.13
 265174.706    43.609     1.51    4.54
 265550.794    44.631     2.72    4.62
 265926.881    46.045     3.76    4.29
 266302.967    46.914     2.31    4.56
 266679.052    47.346     1.15    3.83
 267055.137    46.528    -2.18    4.39
 267431.221    45.374    -3.07    3.84
 267807.304    45.554     0.48    4.06
 268183.386    46.729     3.13    4.20
 268559.468    47.176     1.19    4.39
 268935.548    46.725    -1.20    4.11
 269311.628    47.698     2.59    4.19
 269687.707    49.173     3.92    4.25
 270063.786    51.964     7.42    5.46
 270439.863    54.964     7.98    5.76
 270815.940    55.720     2.01    5.50
 271192.016    54.836    -2.35    6.07
 271568.091    70.359    41.28   41.86
 271944.165   101.887    83.83   66.61
 272320.239   116.246    38.18   65.91
 272696.312   107.334   -23.70   67.97
 273072.384    88.779   -49.34   62.34
 273448.455    66.755   -58.56   46.40
 273824.526    49.262   -46.52    6.02
 274200.595    47.968    -3.44    4.61
 274576.664    47.176    -2.10    4.87
 274952.733    45.833    -3.57    4.56
 275328.800    46.211     1.01    5.13
 275704.867    45.860    -0.93    5.21
 276080.933    46.316     1.21    5.77
 276456.998    47.220     2.41    5.96
 276833.062    49.012     4.76    5.20
 277209.126    50.137     2.99    5.03
 277585.189    53.537     9.04    5.16
 277961.251    54.887     3.59    4.79
 278337.312    55.272     1.02    4.48
 278713.373    55.076    -0.52    4.28
 279089.433    55.605     1.41    4.67
 279465.492    55.359    -0.65    5.32
 279841.551    53.346    -5.35    5.62
 280217.608    51.624    -4.58    5.40
 280593.665    51.716     0.24    5.25
 280969.722    51.887     0.46    5.48
 281345.905    52.631     1.98    5.65
 281722.105    53.470     2.23    6.47
 282098.303    54.725     3.33    6.15
 282474.501    56.482     4.67    5.71
 282850.698    55.729    -2.00    6.04
 283226.894    54.562    -3.10    5.17
 283603.089    54.346    -0.57    5.23
 283979.284    55.400     2.80    4.89
 284355.478    56.045     1.71    4.43
 284731.671    56.229     0.49    4.02
 285107.864    54.806    -3.78    4.79
 285484.056    53.562    -3.31    4.05
 285860.247    53.940     1.00    4.87
 286236.438    53.720    -0.58    5.36
 286612.627    55.806     5.54    5.61
 286988.816    55.804    -0.01    6.20
 287365.005    56.425     1.65   10.69
 287741.192    61.836    14.38   21.02
 288117.379    61.801    -0.09   23.98
 288493.566    57.914   -10.33   23.32
 288869.751    50.941   -18.54   15.27
 289245.936    46.644   -11.42    6.24
 289622.120    46.605    -0.10    4.71
 289998.303    47.292     1.83    5.02
 290374.486    47.836     1.44    4.91
 290750.668    48.246     1.09    5.27
 291126.849    48.938     1.84    6.42
 291503.030    49.022     0.22    6.34
 291879.210    48.399    -1.66    6.87
 292255.389    49.150     2.00    7.25
 292631.568    48.220    -2.47    6.90
 293007.746    46.968    -3.33    7.54
 293383.923    45.915    -2.80    8.23
 293760.100    43.914    -5.32    7.12
 294136.275    42.118    -4.77    6.00
 294512.451    41.262    -2.27    4.98
 294888.625    40.308    -2.54    6.20
 295264.799    37.308    -7.97    6.09
 295640.972    35.609    -4.52    3.16
 296017.144    35.272    -0.90    3.62
 296393.316    36.590     3.50    5.29
 296769.487    38.169     4.20    6.19
 297145.658    40.834     7.09    8.70
 297521.828    45.759    13.09   11.47
 297897.997    47.671     5.08   10.05
 298274.165    46.782    -2.36    9.78
 298650.333    44.554    -5.92    8.42
 299026.500    41.831    -7.24    6.74
 299402.667    40.509    -3.52    6.05
 299778.833    40.319    -0.50    7.15
 300154.998    37.617    -7.18    7.13
 300531.162    35.725    -5.03    5.94
 300907.326    34.430    -3.44    5.50
 301283.490    32.912    -4.04    5.04
 301659.652    31.361    -4.12    3.83
 302035.814    30.076    -3.41    2.97
 302411.976    29.554    -1.39    3.59
 302788.136    29.282    -0.72    3.51
 303164.296    28.913    -0.98    3.60
 303540.456    28.913     0.00    3.57
 303916.614    29.964     2.79    4.03
 304292.773    29.526    -1.16    4.11
 304668.930    29.624     0.26    4.11
 305045.087    30.337     1.90    4.03
 305421.243    30.801     1.23    3.70
 305797.399    31.076     0.73    3.32
 306173.554    30.292    -2.08    3.11
 306549.708    28.400    -5.03    3.81
 306925.862    26.049    -6.25    4.59
 307302.015    24.443    -4.27    4.38
 307678.168    24.682     0.64    5.05
 308054.319    25.502     2.18    5.31
 308430.471    25.644     0.38    5.11
 308806.621    24.808    -2.22    4.96
 309182.771    23.220    -4.22    4.29
 309558.921    22.733    -1.30    3.85
 309935.070    23.698     2.56    3.86
 310311.218    23.374    -0.86    4.42
 310687.366    24.276     2.40    5.23
 311063.513    23.755    -1.38    5.59
 311439.659    21.650    -5.60    6.99
 311815.805    17.887   -10.00   10.25
 312191.950    14.990    -7.70   10.54
 312568.095    14.150    -2.23   10.20
 312944.239    16.387     5.95    8.40
 313320.382    19.725     8.87    4.88
 313696.525    17.387    -6.22    6.75
 314072.667    13.492   -10.35    9.76
 314448.809    11.836    -4.40   10.07
 314824.950    11.887     0.14   10.51
 315201.090    15.964    10.84    9.73
 315577.230    17.220     3.34    7.88
 315953.370    17.990     2.05    6.21
 316329.508    18.509     1.38    7.40
 316705.647    22.169     9.73    8.62
 317081.784    22.914     1.98    8.82
 317457.921    24.968     5.46    7.70
 317834.058    25.995     2.73    6.44
 318210.193    26.152     0.42    5.32
 318586.329    25.400    -2.00    5.83
 318962.463    23.118    -6.07    6.23
 319338.598    20.831    -6.08    4.59
 319714.731    19.440    -3.70    3.94
 320090.864    19.220    -0.58    4.48
 320466.997    19.361     0.37    4.69
 320843.129    20.118     2.01    4.19
 321219.260    21.184     2.84    4.48
 321595.391    21.808     1.66    4.23
 321971.521    22.492     1.82    3.89
 322347.651    23.400     2.41    3.42
 322723.780    23.319    -0.21    3.17
 323099.908    23.528     0.55    3.30
 323476.036    23.810     0.75    3.26
 323852.164    23.644    -0.44    3.12
 324228.291    25.617     5.25    3.52
 324604.417    27.509     5.03    3.10
 324980.543    29.229     4.57    3.62
 325356.668    31.374     5.70    3.63
 325732.793    32.776     3.73    3.34
 326108.917    34.387     4.28    3.39
 326485.041    34.913     1.40    3.95
 326861.164    34.193    -1.92    4.01
 327237.287    31.492    -7.18    5.21
 327613.409    29.150    -6.23    4.49
 327989.531    29.861     1.89    4.80
 328365.652    30.992     3.01    5.15
 328741.772    31.962     2.58    4.68
 329117.892    31.609    -0.94    5.45
 329494.012    31.537    -0.19    5.27
 329870.131    31.019    -1.38    4.93
 330246.249    31.693     1.79    4.53
 330622.367    32.806     2.96    3.33
 330998.485    31.400    -3.74    3.48
 331374.602    29.887    -4.02    3.97
 331750.718    28.605    -3.41    3.69
 332126.834    27.698    -2.41    2.82
 332502.949    28.112     1.10    4.07
 332879.064    28.605     1.31    4.75
 333255.179    28.966     0.96    5.11
 333631.292    28.968     0.01    5.50
 334007.406    29.861     2.37    4.47
 334383.519    30.519     1.75    3.57
 334759.631    30.498    -0.05    3.16
 335135.743    30.195    -0.81    2.70
 335511.854    28.637    -4.14    3.08
 335887.965    28.015    -1.65    3.57
 336264.076    27.597    -1.11    3.86
