# NaN NaN NaN ;Mean Elev.(m), Avg Gradient(m/km), RMS Gradient(m/km) - SRTM1     
#   21.234  -1.225   7.725 ;Mean Elev.(m), Avg Gradient(m/km), RMS Gradient(m/km) - ASTER GDEM
#    8.293  -1.212   2.800 ;Mean Elev.(m), Avg Gradient(m/km), RMS Gradient(m/km) - GMTED2010 
  8     8.739 52499.08572007 38.85 297.853129   8.697110 35.205
  8     8.561 52499.08572071 29.31 297.852399   8.700420 35.205
  8     7.990 52499.08572136 26.02 297.851659   8.703720 35.205
  8     7.761 52499.08572200 27.26 297.850919   8.707030 35.205
 10     6.285 52569.08573605 30.46 297.852231   8.698340 31.384
 10     5.872 52569.08573669 18.80 297.851491   8.701640 31.384
 10     5.631 52569.08573734 21.90 297.850751   8.704940 31.384
 10     6.230 52569.08573798 27.51 297.850021   8.708250 31.384
 11     4.706 52604.08572198 19.21 297.850075   8.696638 27.025
 11     4.463 52604.08572263 19.19 297.849335   8.699938 27.025
 11     4.902 52604.08572327 18.07 297.848595   8.703248 27.025
 11     6.306 52604.08572391 18.43 297.847855   8.706548 27.025
 12     3.625 52639.08570150 14.41 297.848532   8.697833 24.786
 12     5.583 52639.08570214 13.12 297.847792   8.701133 24.786
 12     6.543 52639.08570279 13.31 297.847049   8.704445 16.155
 13     2.333 52674.08569830 17.29 297.851531   8.697577 17.904
 13     4.204 52674.08569895 12.90 297.850791   8.700877 17.904
 13     5.108 52674.08569959 13.65 297.850061   8.704177 17.904
 13     5.735 52674.08570024 15.73 297.849321   8.707487 17.904
 14     1.536 52709.08571236 15.58 297.850046   8.698818 20.655
 14     1.443 52709.08571301 14.98 297.849305   8.702133 14.258
 14     4.415 52709.08571365 16.90 297.848565   8.705433 14.258
 15     2.120 52744.08574088 17.97 297.845883   8.695966 24.901
 15     2.282 52744.08574153 13.36 297.845148   8.699280 13.419
 15     5.560 52744.08574217 13.85 297.844408   8.702580 13.419
 15     6.031 52744.08574281 14.69 297.843668   8.705890 13.419
 17     5.874 52814.08576111 26.64 297.847334   8.697576 37.220
 17     5.679 52814.08576176 22.56 297.846590   8.700889 12.185
 17     5.730 52814.08576240 18.98 297.845860   8.704189 12.185
 18     7.933 52849.08581411 34.67 297.850226   8.697752 37.361
 18     7.676 52849.08581476 32.52 297.849486   8.701062 37.361
 18     7.347 52849.08581540 31.64 297.848743   8.704366 19.963
 18     6.881 52849.08581604 29.27 297.848013   8.707666 19.963
 19     8.564 52884.08584984 32.77 297.847904   8.698436 42.336
 19     8.308 52884.08585049 26.87 297.847164   8.701736 42.336
 19     7.703 52884.08585113 29.84 297.846427   8.705049 27.210
 20     7.691 52919.08580580 32.49 297.853031   8.696971 32.279
 20     7.503 52919.08580644 25.96 297.852291   8.700271 32.279
 20     7.075 52919.08580709 24.02 297.851551   8.703571 32.279
 20     6.714 52919.08580773 26.15 297.850817   8.706886 26.364
 21     6.526 52954.08576903 34.62 297.855553   8.698992 27.549
 21     6.201 52954.08576967 23.33 297.854813   8.702292 27.549
 21     5.597 52954.08577032 22.20 297.854069   8.705605 27.076
 21     5.991 52954.08577096 25.23 297.853329   8.708905 27.076
 22     5.113 52989.08577727 16.27 297.859858   8.702329 14.702
 22     4.983 52989.08577791 16.91 297.859118   8.705629 14.702
 22     5.586 52989.08577856 19.15 297.858379   8.708941 23.253
 23     4.098 53024.08576266 13.01 297.857961   8.701632  7.876
 23     4.791 53024.08576331 12.82 297.857231   8.704942  7.876
 23     5.457 53024.08576395 16.02 297.856491   8.708242  7.876
 24     3.654 53059.08575877 13.81 297.859386   8.699193  4.915
 24     3.714 53059.08575942 13.52 297.858656   8.702503  4.915
 24     4.705 53059.08576006 16.11 297.857916   8.705803  4.915
 24     5.118 53059.08576071 20.70 297.857176   8.709103  4.915
 25     1.373 53094.08579622 17.06 297.845451   8.696323 25.439
 25     2.561 53094.08579686 14.46 297.844721   8.699633 25.439
 25     2.161 53094.08579751 16.76 297.843981   8.702933 25.439
 26     2.727 53129.08576826 10.78 297.855848   8.698543  8.581
 26     2.669 53129.08576891 11.85 297.855108   8.701843  8.581
 26     2.908 53129.08576955 12.06 297.854378   8.705153  8.581
 26     2.953 53129.08577020 18.19 297.853638   8.708453  8.581
 28     7.672 53199.08583685 29.36 297.851806   8.696591 33.275
 28     7.299 53199.08583750 26.09 297.851066   8.699891 33.275
 28     6.462 53199.08583814 25.58 297.850327   8.703205 25.131
 28     6.673 53199.08583879 24.37 297.849587   8.706505 25.131
 29     8.477 53234.08580765 31.36 297.859689   8.701703 33.790
 29     7.944 53234.08580829 28.74 297.858959   8.705003 33.790
 29     7.524 53234.08580894 24.80 297.858219   8.708313 33.790
 30     8.457 53269.08577388 43.02 297.852515   8.696063 36.476
 30     8.354 53269.08577452 32.47 297.851775   8.699373 36.476
 30     8.062 53269.08577516 25.36 297.851045   8.702673 36.476
 30     7.384 53269.08577581 27.82 297.850305   8.705973 36.476
 31     9.253 53304.08583425 44.40 297.843833   8.694521 31.753
 31     7.123 53304.08583490 50.39 297.843093   8.697821 31.753
 31     7.214 53304.08583554 48.86 297.842363   8.701131 31.753
 31     7.217 53304.08583619 47.22 297.841623   8.704431 31.753
 32     4.820 53339.08580335 29.44 297.851405   8.696616 31.606
 32     4.361 53339.08580399 24.98 297.850675   8.699916 31.606
 32     4.410 53339.08580464 21.90 297.849935   8.703226 31.606
 32     5.286 53339.08580528 19.30 297.849195   8.706526 31.606
 33     4.095 53374.08573561 12.21 297.855209   8.697776  9.807
 33     4.360 53374.08573625 12.58 297.854479   8.701076  9.807
 33     5.223 53374.08573690 12.68 297.853739   8.704386  9.807
 33     5.755 53374.08573754 14.08 297.852999   8.707686  9.807
 35     2.592 53444.08576085 13.10 297.852940   8.697755 12.422
 35     2.318 53444.08576150 13.39 297.852200   8.701065 12.422
 35     4.309 53444.08576214 14.09 297.851460   8.704365 12.422
 35     5.264 53444.08576279 15.16 297.850720   8.707665 12.422
 36     2.172 53479.08583800 22.09 297.845566   8.695321 24.568
 36     2.020 53479.08583865 17.16 297.844826   8.698621 24.568
 36     2.042 53479.08583929 15.55 297.844085   8.701933 15.316
 36     2.145 53479.08583993 18.05 297.843345   8.705233 15.316
 37     4.804 53514.08584718 12.37 297.850876   8.698561 29.361
 37     4.810 53514.08584782 12.24 297.850136   8.701871 29.361
 37     4.800 53514.08584847 11.83 297.849396   8.705171 29.361
 38     6.364 53549.08586568 35.74 297.846515   8.697030 39.804
 38     6.108 53549.08586633 25.72 297.845775   8.700340 39.804
 38     5.653 53549.08586697 23.58 297.845039   8.703636 16.515
 39     7.339 53584.08582929 29.05 297.853010   8.698141 28.100
 39     6.779 53584.08582993 24.86 297.852270   8.701441 28.100
 39     6.175 53584.08583058 22.32 297.851540   8.704741 28.100
 39     6.521 53584.08583122 24.62 297.850800   8.708051 28.100
 40     7.831 53619.08578595 33.82 297.849596   8.698034 38.883
 40     7.636 53619.08578659 26.57 297.848856   8.701344 38.883
 40     7.124 53619.08578724 24.78 297.848116   8.704644 38.883
 41     6.179 53654.08581073 50.72 297.849935   8.699853 35.642
 41     6.185 53654.08581137 50.75 297.849194   8.703167 20.362
 41     6.188 53654.08581202 48.27 297.848454   8.706467 20.362
 42     4.528 53689.08580698 24.29 297.848617   8.698002 22.260
 42     4.285 53689.08580762 22.86 297.847887   8.701302 22.260
 42     4.375 53689.08580827 20.56 297.847147   8.704612 22.260
 43     3.527 53724.08573180 21.99 297.854765   8.699663 23.641
 43     3.674 53724.08573245 20.78 297.854025   8.702973 23.641
 43     5.562 53724.08573309 19.60 297.853285   8.706273 23.641
 43     6.179 53724.08573373 22.46 297.852545   8.709583 23.641
 44     4.565 53759.08567263 14.49 297.857571   8.701027 14.748
 44     5.291 53759.08567327 14.37 297.856828   8.704340 20.513
 44     5.828 53759.08567392 16.84 297.856098   8.707640 20.513
 44     5.874 53759.08567456 24.59 297.855358   8.710940 20.513
 45     3.845 53794.08569241 13.57 297.855547   8.699206 13.366
 45     4.493 53794.08569305 13.03 297.854807   8.702516 13.366
 45     5.717 53794.08569370 12.63 297.854067   8.705816 13.366
 45     6.035 53794.08569434 18.24 297.853332   8.709130 20.117
 46     2.496 53829.08566637 14.49 297.854197   8.698865 14.570
 46     3.779 53829.08566701 14.56 297.853467   8.702165 14.570
 46     4.765 53829.08566766 13.16 297.852727   8.705475 14.570
 46     5.366 53829.08566830 14.30 297.851987   8.708775 14.570
 47     3.102 53864.08574708 11.04 297.848265   8.697044 15.237
 47     3.004 53864.08574772 11.02 297.847525   8.700344 15.237
 47     3.067 53864.08574837 12.59 297.846785   8.703654 15.237
 47     5.311 53864.08574901 12.16 297.846045   8.706954 15.237
 48     4.984 53899.08577220 26.39 297.850930   8.698886 36.402
 48     4.727 53899.08577284 22.66 297.850191   8.702199  9.354
 48     4.382 53899.08577349 21.16 297.849451   8.705499  9.354
 49     8.533 53934.08581607 38.19 297.842546   8.692895 42.918
 49     8.274 53934.08581672 32.96 297.841806   8.696205 42.918
 49     8.597 53934.08581736 39.18 297.841066   8.699505 42.918
 49     8.378 53934.08581801 28.76 297.840326   8.702815 42.918
 50     9.316 53969.08578712 44.41 297.847070   8.695314 43.414
 50     9.096 53969.08578777 30.98 297.846330   8.698614 43.414
 50     8.564 53969.08578841 29.83 297.845600   8.701924 43.414
 50     8.879 53969.08578906 31.09 297.844860   8.705224 43.414
 51     7.979 54004.08575979 31.01 297.853055   8.698039 29.725
 51     7.735 54004.08576043 25.39 297.852315   8.701349 29.725
 51     7.012 54004.08576108 24.33 297.851575   8.704649 29.725
 51     7.041 54004.08576172 27.49 297.850835   8.707949 29.725
 52     6.024 54039.08579289 28.93 297.854484   8.697219 30.525
 52     5.898 54039.08579354 21.68 297.853754   8.700529 30.525
 52     5.253 54039.08579418 19.54 297.853014   8.703829 30.525
 52     5.675 54039.08579483 24.12 297.852274   8.707139 30.525
 53     5.136 54074.08578714 17.01 297.853047   8.697858 27.659
 53     4.635 54074.08578779 18.91 297.852307   8.701168 27.659
 53     5.214 54074.08578843 18.31 297.851567   8.704468 27.659
 53     5.506 54074.08578908 22.06 297.850827   8.707778 27.659
 54     3.681 54109.08573330 15.74 297.851623   8.698343 19.056
 54     4.510 54109.08573395 15.84 297.850893   8.701643 19.056
 54     5.179 54109.08573459 17.32 297.850153   8.704953 19.056
 54     5.442 54109.08573524 21.77 297.849413   8.708253 19.056
 55     3.479 54144.08572523 16.49 297.850602   8.698953 19.422
 55     4.627 54144.08572588 14.78 297.849862   8.702263 19.422
 55     5.075 54144.08572652 17.73 297.849122   8.705563 19.422
 56     2.356 54179.08571730 15.15 297.851967   8.696406 21.186
 56     2.338 54179.08571794 15.11 297.851227   8.699716 21.186
 56     3.975 54179.08571859 13.48 297.850487   8.703016 21.186
 56     4.804 54179.08571923 13.42 297.849747   8.706326 21.186
 57     2.792 54214.08573228 13.45 297.850232   8.697224 18.169
 57     2.638 54214.08573293 13.29 297.849492   8.700524 18.169
 57     3.052 54214.08573357 12.11 297.848751   8.703835 13.836
 57     4.219 54214.08573422 12.55 297.848011   8.707135 13.836
 58     4.376 54249.08576089 16.31 297.850465   8.697967 22.872
 58     3.892 54249.08576154 18.41 297.849726   8.701281 11.530
 58     4.024 54249.08576218 15.36 297.848986   8.704581 11.530
 58     4.080 54249.08576283 13.85 297.848256   8.707891 11.530
 59     5.795 54284.08576882 24.49 297.852375   8.698351 27.368
 59     5.014 54284.08576946 22.19 297.851635   8.701651 27.368
 59     5.106 54284.08577011 19.88 297.850898   8.704966 13.904
 59     5.012 54284.08577075 18.66 297.850158   8.708266 13.904
 60     8.267 54319.08576597 38.12 297.853316   8.698089 32.020
 60     8.076 54319.08576662 35.55 297.852576   8.701399 32.020
 60     7.628 54319.08576726 32.93 297.851836   8.704699 32.020
 60     7.429 54319.08576791 32.07 297.851099   8.708013 24.625
 61     8.744 54354.08572982 31.36 297.853116   8.698520 27.648
 61     8.203 54354.08573047 25.62 297.852376   8.701830 27.648
 61     7.850 54354.08573111 26.63 297.851636   8.705130 27.648
 61     8.106 54354.08573176 31.79 297.850904   8.708444 30.434
 62     7.406 54389.08570575 33.79 297.853001   8.696244 27.572
 62     7.212 54389.08570640 25.58 297.852261   8.699544 27.572
 62     6.444 54389.08570704 22.86 297.851531   8.702844 27.572
 62     6.586 54389.08570769 24.40 297.850791   8.706154 27.572
 63     7.151 54424.08567920 21.55 297.852376   8.697099 29.485
 63     5.987 54424.08567984 20.38 297.851636   8.700399 29.485
 63     6.288 54424.08568049 18.78 297.850896   8.703709 29.485
 63     7.198 54424.08568113 18.93 297.850166   8.707009 29.485
 64     3.377 54459.08568128 19.61 297.852096   8.698065 19.066
 64     5.867 54459.08568192 18.04 297.851356   8.701365 19.066
 64     6.857 54459.08568256 18.57 297.850626   8.704675 19.066
 64     6.976 54459.08568321 25.61 297.849886   8.707975 19.066
 65     2.607 54494.08568400 22.09 297.852984   8.698969 14.699
 65     4.979 54494.08568465 15.96 297.852244   8.702269 14.699
 65     5.849 54494.08568529 16.92 297.851504   8.705579 14.699
 65     5.734 54494.08568594 24.03 297.850769   8.708884 20.518
 66     3.393 54529.08569416 17.21 297.853146   8.699338 21.508
 66     4.591 54529.08569481 15.85 297.852406   8.702638 21.508
 66     5.299 54529.08569545 18.47 297.851676   8.705948 21.508
 66     5.637 54529.08569610 23.75 297.850936   8.709248 21.508
 67     2.321 54564.08569073 24.02 297.852586   8.696543 18.292
 67     2.518 54564.08569137 19.14 297.851846   8.699843 18.292
 67     4.601 54564.08569202 15.38 297.851115   8.703156 18.542
 67     5.258 54564.08569266 17.66 297.850375   8.706456 18.542
 68     2.803 54599.08569018 15.10 297.851230   8.698282 15.660
 68     2.625 54599.08569083 18.32 297.850490   8.701592 15.660
 68     4.714 54599.08569147 14.43 297.849750   8.704892 15.660
 68     5.261 54599.08569212 15.98 297.849020   8.708202 15.660
 69     5.240 54634.08570234 14.85 297.850504   8.696837 31.782
 69     5.665 54634.08570298 14.17 297.849766   8.700152 13.277
 69     6.099 54634.08570362 14.25 297.849026   8.703452 13.277
 69     6.509 54634.08570427 13.42 297.848286   8.706752 13.277
 70     7.198 54669.08570720 27.16 297.850782   8.697172 46.053
 70     6.351 54669.08570784 25.20 297.850046   8.700485 20.937
 70     6.394 54669.08570849 22.00 297.849306   8.703785 20.937
 70     5.937 54669.08570913 24.04 297.848566   8.707095 20.937
 71     8.271 54704.08567152 36.99 297.853620   8.698146 30.173
 71     8.135 54704.08567217 31.05 297.852880   8.701456 30.173
 71     7.791 54704.08567281 27.55 297.852147   8.704760 28.373
 71     7.462 54704.08567346 28.35 297.851407   8.708060 28.373
 72     7.593 54739.08566976 25.99 297.851484   8.698009 27.415
 72     7.079 54739.08567041 23.03 297.850744   8.701319 27.415
 72     6.595 54739.08567105 23.29 297.850014   8.704619 27.415
 72     6.937 54739.08567170 26.65 297.849274   8.707929 27.415
 73     6.049 54774.08565206 26.60 297.853527   8.698144 22.429
 73     5.480 54774.08565271 20.79 297.852787   8.701444 22.429
 73     5.375 54774.08565335 19.46 297.852053   8.704758 20.312
 73     5.860 54774.08565400 23.74 297.851313   8.708058 20.312
 74     5.301 54809.08566310 14.67 297.850290   8.699393 18.002
 74     5.352 54809.08566375 15.32 297.849560   8.702693 18.002
 74     5.860 54809.08566439 18.10 297.848820   8.706003 18.002
 75     4.631 54844.08565074 13.36 297.852105   8.698499 17.328
 75     5.741 54844.08565138 13.56 297.851370   8.701814 17.848
 75     6.244 54844.08565203 14.04 297.850630   8.705114 17.848
 75     6.547 54844.08565267 20.79 297.849890   8.708414 17.848
 76     3.860 54879.08566602 15.11 297.850317   8.696986 19.162
 76     7.058 54879.08566667 14.26 297.849577   8.700296 19.162
 76     7.901 54879.08566731 14.31 297.848847   8.703596 19.162
 76     8.024 54879.08566796 18.64 297.848107   8.706906 19.162
 77     2.618 54914.08565431 14.99 297.850601   8.698392 18.611
 77     4.278 54914.08565495 15.56 297.849861   8.701692 18.611
 77     5.267 54914.08565559 14.95 297.849129   8.705005 16.422
 78     2.785 54949.08565903 13.39 297.849498   8.698870 15.088
 78     3.516 54949.08565968 13.46 297.848758   8.702180 15.088
 78     5.062 54949.08566032 13.50 297.848018   8.705480 15.088
 79     3.147 54984.08568395 12.75 297.849774   8.697005 14.235
 79     3.372 54984.08568460 12.03 297.849034   8.700315 14.235
 79     3.918 54984.08568524 13.19 297.848304   8.703615 14.235
 79     4.889 54984.08568589 12.47 297.847564   8.706925 14.235
 80     5.429 55019.08568024 29.15 297.852335   8.699024 26.052
 80     4.955 55019.08568088 26.90 297.851598   8.702338 10.350
 80     5.518 55019.08568153 24.92 297.850858   8.705638 10.350
 80     5.545 55019.08568217 39.28 297.850118   8.708938 10.350
 81     7.303 55054.08567631 44.25 297.852929   8.697921 41.265
 81     7.379 55054.08567695 41.90 297.852194   8.701235 14.392
 81     7.384 55054.08567760 38.20 297.851454   8.704535 14.392
 81     7.333 55054.08567824 39.97 297.850714   8.707845 14.392
 82     6.905 55089.08563714 26.00 297.851824   8.697216 37.314
 82     6.725 55089.08563778 22.49 297.851084   8.700526 37.314
 82     6.053 55089.08563843 21.45 297.850353   8.703822 24.120
 82     6.441 55089.08563907 24.70 297.849613   8.707132 24.120
 83     5.881 55124.08561313 17.28 297.852319   8.699181 20.540
 83     5.349 55124.08561377 16.75 297.851579   8.702481 20.540
 83     5.783 55124.08561442 16.35 297.850849   8.705781 20.540
 84     3.224 55159.08559797 14.32 297.850973   8.699510 17.908
 84     3.474 55159.08559861 14.51 297.850233   8.702810 17.908
 84     5.304 55159.08559926 13.78 297.849499   8.706123 14.615
 85     2.797 55194.08560341 15.17 297.850584   8.698796 16.334
 85     4.573 55194.08560406 14.09 297.849844   8.702096 16.334
 85     6.336 55194.08560470 14.04 297.849114   8.705406 16.334
 87     1.773 55264.08559775 14.66 297.852676   8.696708 15.139
 87     1.504 55264.08559839 17.11 297.851938   8.700020 12.115
 87     1.586 55264.08559904 17.23 297.851198   8.703320 12.115
 87     1.807 55264.08559968 15.77 297.850458   8.706630 12.115
 88     2.228 55299.08558317 14.30 297.852802   8.698094 11.354
 88     2.247 55299.08558381 17.45 297.852062   8.701394 11.354
 88     2.217 55299.08558446 14.32 297.851330   8.704707 12.807
 88     2.413 55299.08558510 22.20 297.850590   8.708007 12.807
 89     4.110 55334.08557697 14.08 297.850251   8.699552  8.716
 89     4.249 55334.08557761 13.10 297.849511   8.702852  8.716
 89     4.085 55334.08557826 12.03 297.848771   8.706152  8.716
 90     6.080 55369.08556750 25.94 297.852467   8.698444 29.198
 90     5.518 55369.08556815 25.75 297.851731   8.701749 18.387
 90     4.726 55369.08556879 22.47 297.850991   8.705049 18.387
 90     4.520 55369.08556944 21.10 297.850251   8.708349 18.387
 91     8.373 55404.08558392 33.41 297.852154   8.697251 29.180
 91     8.239 55404.08558457 27.42 297.851414   8.700564 30.430
 91     7.384 55404.08558521 25.14 297.850674   8.703864 30.430
 91     7.416 55404.08558586 27.96 297.849944   8.707174 30.430
 92     8.842 55439.08558600 29.51 297.853234   8.698294 27.736
 92     8.356 55439.08558664 25.66 297.852499   8.701599 31.783
 92     7.979 55439.08558729 25.75 297.851759   8.704899 31.783
 92     8.137 55439.08558793 32.12 297.851019   8.708209 31.783
 93     7.926 55474.08553230 33.60 297.853508   8.697774 27.381
 93     7.626 55474.08553294 26.36 297.852768   8.701074 27.381
 93     7.173 55474.08553359 25.05 297.852028   8.704384 27.381
 93     7.216 55474.08553423 26.90 297.851296   8.707680 32.038
