# NaN NaN NaN ;Mean Elev.(m), Avg Gradient(m/km), RMS Gradient(m/km) - SRTM1     
#   42.511  -2.051   3.888 ;Mean Elev.(m), Avg Gradient(m/km), RMS Gradient(m/km) - ASTER GDEM
#   39.175  -1.246   4.054 ;Mean Elev.(m), Avg Gradient(m/km), RMS Gradient(m/km) - GMTED2010 
  8    52.130 52499.60677227 47.36 292.471566   5.911271 32.813
  8    51.814 52499.60677292 50.08 292.470836   5.907971 32.813
  8    52.049 52499.60677356 49.14 292.470106   5.904661 32.813
  8    51.853 52499.60677421 49.22 292.469376   5.901361 32.813
  8    51.917 52499.60677485 50.19 292.468636   5.898051 32.813
  8    51.904 52499.60677549 49.23 292.467906   5.894751 32.813
  8    51.861 52499.60677614 51.19 292.467176   5.891441 32.813
  8    51.895 52499.60677678 49.60 292.466446   5.888141 32.813
  8    51.945 52499.60677743 49.61 292.465716   5.884831 32.813
  8    51.894 52499.60677807 50.31 292.464986   5.881521 32.813
  9    50.605 52534.60676027 44.56 292.468939   5.909734 18.435
  9    50.630 52534.60676092 44.21 292.468209   5.906424 18.435
  9    50.499 52534.60676156 44.15 292.467479   5.903124 18.435
  9    50.454 52534.60676221 43.49 292.466739   5.899813 19.911
  9    50.488 52534.60676285 44.10 292.466009   5.896513 19.911
  9    50.366 52534.60676350 44.51 292.465279   5.893203 19.911
  9    50.525 52534.60676414 44.09 292.464549   5.889903 19.911
  9    50.446 52534.60676479 42.35 292.463819   5.886593 19.911
  9    50.337 52534.60676543 46.92 292.463079   5.883283 19.911
  9    50.455 52534.60676608 47.81 292.462349   5.879983 19.911
  9    50.417 52534.60676672 49.97 292.461619   5.876673 19.911
 10    45.854 52569.60678954 38.73 292.472139   5.912414 26.148
 10    45.692 52569.60679019 46.18 292.471409   5.909114 26.148
 10    45.605 52569.60679083 47.44 292.470679   5.905804 26.148
 10    45.561 52569.60679148 48.54 292.469949   5.902504 26.148
 10    45.599 52569.60679212 49.25 292.469219   5.899194 26.148
 10    45.611 52569.60679277 47.29 292.468479   5.895894 26.148
 10    45.706 52569.60679341 46.23 292.467749   5.892584 26.148
 10    45.664 52569.60679406 44.86 292.467019   5.889284 26.148
 10    45.888 52569.60679470 40.73 292.466289   5.885974 26.148
 10    45.785 52569.60679534 46.05 292.465559   5.882674 26.148
 11    47.013 52604.60677161 36.59 292.468783   5.908971 20.124
 11    47.133 52604.60677225 35.92 292.468053   5.905661 20.124
 11    47.255 52604.60677290 33.79 292.467323   5.902361 20.124
 11    46.933 52604.60677354 34.46 292.466583   5.899051 20.124
 11    47.027 52604.60677418 31.72 292.465853   5.895751 20.124
 11    47.050 52604.60677483 34.33 292.465123   5.892441 20.124
 11    46.942 52604.60677547 32.42 292.464393   5.889141 20.124
 11    46.844 52604.60677612 26.72 292.463663   5.885831 20.124
 11    46.960 52604.60677676 27.95 292.462933   5.882521 20.124
 11    46.967 52604.60677741 30.64 292.462203   5.879221 20.124
 11    46.999 52604.60677805 35.77 292.461463   5.875911 20.124
 12    43.494 52639.60675370 17.96 292.469276   5.909940 14.982
 12    44.443 52639.60675434 17.71 292.468546   5.906630 14.982
 12    43.820 52639.60675499 15.50 292.467816   5.903330 14.982
 12    44.130 52639.60675563 14.56 292.467080   5.900017 13.941
 12    44.848 52639.60675628 14.39 292.466350   5.896717 13.941
 12    44.977 52639.60675692 14.65 292.465620   5.893407 13.941
 12    45.153 52639.60675757 17.89 292.464890   5.890107 13.941
 12    43.534 52639.60675821 24.00 292.464150   5.886797 13.941
 12    44.503 52639.60675886 27.61 292.463420   5.883487 13.941
 12    44.937 52639.60675950 26.64 292.462690   5.880187 13.941
 12    45.370 52639.60676015 26.92 292.461960   5.876877 13.941
 13    41.228 52674.60674857 49.51 292.470822   5.911112 27.508
 13    41.007 52674.60674922 49.51 292.470092   5.907812 27.508
 13    41.117 52674.60674986 50.53 292.469362   5.904502 27.508
 13    40.970 52674.60675051 50.28 292.468632   5.901192 27.508
 13    41.207 52674.60675115 49.62 292.467902   5.897892 27.508
 13    41.074 52674.60675180 51.74 292.467172   5.894582 27.508
 13    41.123 52674.60675244 50.54 292.466432   5.891282 27.508
 13    41.381 52674.60675309 41.82 292.465702   5.887972 27.508
 13    40.890 52674.60675373 43.96 292.464972   5.884672 27.508
 13    41.156 52674.60675438 45.42 292.464245   5.881358 13.138
 14    40.746 52709.60676521 31.34 292.470546   5.910305 10.623
 14    40.520 52709.60676586 33.45 292.469811   5.906994 16.738
 14    40.234 52709.60676650 29.07 292.469081   5.903694 16.738
 14    40.241 52709.60676715 22.93 292.468351   5.900384 16.738
 14    40.186 52709.60676779 21.73 292.467621   5.897084 16.738
 14    40.706 52709.60676844 21.50 292.466891   5.893774 16.738
 14    40.562 52709.60676908 34.13 292.466151   5.890464 16.738
 14    40.988 52709.60676972 33.54 292.465421   5.887164 16.738
 14    40.924 52709.60677037 37.77 292.464691   5.883854 16.738
 14    41.889 52709.60677101 41.42 292.463961   5.880554 16.738
 16    47.641 52779.60672972 46.90 292.469913   5.909240 16.407
 16    47.414 52779.60673036 48.86 292.469183   5.905940 16.407
 16    47.425 52779.60673101 46.96 292.468453   5.902630 16.407
 16    47.383 52779.60673165 46.65 292.467723   5.899330 16.407
 16    47.394 52779.60673230 46.74 292.466985   5.896018 16.285
 16    47.326 52779.60673294 47.95 292.466255   5.892718 16.285
 16    47.406 52779.60673359 49.25 292.465525   5.889408 16.285
 16    47.320 52779.60673423 48.08 292.464795   5.886108 16.285
 16    47.481 52779.60673488 47.64 292.464055   5.882798 16.285
 16    47.338 52779.60673552 46.72 292.463325   5.879488 16.285
 17    49.613 52814.60681332 42.07 292.468492   5.910184 18.639
 17    49.637 52814.60681396 36.34 292.467762   5.906884 18.639
 17    49.636 52814.60681461 35.11 292.467024   5.903572 21.096
 17    49.718 52814.60681525 34.61 292.466294   5.900272 21.096
 17    49.471 52814.60681590 34.46 292.465564   5.896962 21.096
 17    49.586 52814.60681654 35.47 292.464834   5.893662 21.096
 17    49.698 52814.60681718 34.71 292.464104   5.890352 21.096
 17    49.604 52814.60681783 35.54 292.463364   5.887042 21.096
 17    49.617 52814.60681847 36.02 292.462634   5.883742 21.096
 17    49.741 52814.60681912 36.75 292.461904   5.880432 21.096
 17    49.606 52814.60681976 36.52 292.461174   5.877132 21.096
 17    49.529 52814.60682041 39.98 292.460444   5.873822 21.096
 18    52.188 52849.60686567 43.45 292.471440   5.911325 22.850
 18    51.800 52849.60686632 44.72 292.470710   5.908025 22.850
 18    51.924 52849.60686696 46.43 292.469980   5.904715 22.850
 18    51.792 52849.60686760 49.11 292.469250   5.901415 22.850
 18    51.778 52849.60686825 50.66 292.468514   5.898103 30.303
 18    51.817 52849.60686889 50.10 292.467784   5.894803 30.303
 18    51.838 52849.60686954 51.99 292.467054   5.891493 30.303
 18    51.720 52849.60687018 52.09 292.466324   5.888193 30.303
 18    51.884 52849.60687083 50.86 292.465584   5.884883 30.303
 18    51.729 52849.60687147 51.24 292.464854   5.881573 30.303
 19    51.236 52884.60690205 29.83 292.466685   5.906782 22.522
 19    50.820 52884.60690269 27.40 292.465955   5.903472 22.522
 19    50.702 52884.60690334 27.21 292.465225   5.900172 22.522
 19    50.658 52884.60690398 28.08 292.464494   5.896859 12.390
 19    50.850 52884.60690463 28.93 292.463764   5.893559 12.390
 19    50.954 52884.60690527 30.20 292.463034   5.890249 12.390
 19    51.014 52884.60690591 30.08 292.462294   5.886949 12.390
 19    51.127 52884.60690656 30.81 292.461564   5.883639 12.390
 19    51.235 52884.60690720 31.66 292.460834   5.880329 12.390
 19    51.510 52884.60690785 31.00 292.460104   5.877029 12.390
 19    51.226 52884.60690849 32.94 292.459374   5.873719 12.390
 20    49.259 52919.60685736 48.56 292.471500   5.911557 21.327
 20    49.380 52919.60685800 49.68 292.470770   5.908247 21.327
 20    49.022 52919.60685865 47.93 292.470040   5.904947 21.327
 20    49.019 52919.60685929 51.28 292.469300   5.901637 21.327
 20    49.101 52919.60685994 49.70 292.468570   5.898337 21.327
 20    48.992 52919.60686058 50.66 292.467843   5.895024 18.954
 20    49.021 52919.60686123 50.85 292.467113   5.891724 18.954
 20    49.105 52919.60686187 47.84 292.466373   5.888414 18.954
 20    49.051 52919.60686252 48.07 292.465643   5.885114 18.954
 20    49.207 52919.60686316 47.81 292.464913   5.881804 18.954
 21    47.975 52954.60681994 45.93 292.478004   5.915698 25.115
 21    47.696 52954.60682059 48.34 292.477274   5.912388 25.115
 21    47.569 52954.60682123 49.76 292.476544   5.909088 25.115
 21    47.887 52954.60682188 48.15 292.475814   5.905778 25.115
 21    47.952 52954.60682252 49.00 292.475084   5.902478 25.115
 21    47.703 52954.60682317 49.45 292.474347   5.899166 15.167
 21    47.746 52954.60682381 47.49 292.473617   5.895866 15.167
 22    45.851 52989.60683012 15.21 292.480698   5.915543 15.111
 22    45.446 52989.60683076 13.93 292.479968   5.912243 15.111
 22    44.869 52989.60683141 14.09 292.479235   5.908930 14.090
 22    45.159 52989.60683205 14.01 292.478505   5.905630 14.090
 22    46.302 52989.60683269 13.64 292.477775   5.902320 14.090
 22    46.791 52989.60683334 12.83 292.477045   5.899020 14.090
 22    46.927 52989.60683398 18.83 292.476305   5.895710 14.090
 23    41.962 53024.60681035 16.95 292.479064   5.914343 10.060
 23    42.086 53024.60681100 16.60 292.478334   5.911043 10.060
 23    42.474 53024.60681164 16.19 292.477604   5.907733 10.060
 23    42.438 53024.60681229 16.24 292.476864   5.904433 10.060
 23    43.174 53024.60681293 16.20 292.476134   5.901123 10.060
 23    44.456 53024.60681358 15.67 292.475404   5.897823 10.060
 23    45.033 53024.60681422 14.57 292.474674   5.894513 10.060
 24    40.536 53059.60680840 48.84 292.481474   5.916774 19.328
 24    40.725 53059.60680904 51.46 292.480744   5.913474 19.328
 24    40.643 53059.60680969 47.06 292.480014   5.910164 19.328
 24    40.740 53059.60681033 48.37 292.479284   5.906864 19.328
 24    40.518 53059.60681098 51.94 292.478554   5.903554 19.328
 24    40.358 53059.60681162 49.91 292.477814   5.900244 19.328
 24    40.312 53059.60681227 47.68 292.477084   5.896944 19.328
 25    40.583 53094.60684778 26.42 292.463071   5.908009 16.470
 25    41.314 53094.60684842 27.89 292.462341   5.904699 16.470
 25    41.061 53094.60684907 38.74 292.461611   5.901399 16.470
 25    41.132 53094.60684971 46.42 292.460881   5.898089 16.470
 25    41.337 53094.60685036 48.61 292.460151   5.894789 16.470
 25    41.232 53094.60685100 45.48 292.459411   5.891479 16.470
 25    40.942 53094.60685165 50.07 292.458681   5.888179 16.470
 25    41.006 53094.60685229 48.22 292.457956   5.884865 15.001
 25    40.763 53094.60685294 45.38 292.457216   5.881565 15.001
 25    41.265 53094.60685358 31.72 292.456486   5.878255 15.001
 25    41.067 53094.60685422 26.63 292.455756   5.874955 15.001
 25    41.411 53094.60685487 31.88 292.455026   5.871645 15.001
 25    41.335 53094.60685551 38.57 292.454296   5.868335 15.001
 26    44.212 53129.60681789 49.04 292.477928   5.913402 21.441
 26    44.360 53129.60681854 48.28 292.477198   5.910102 21.441
 26    44.186 53129.60681918 47.44 292.476468   5.906792 21.441
 26    44.375 53129.60681983 43.57 292.475738   5.903482 21.441
 26    44.145 53129.60682047 49.49 292.475008   5.900182 21.441
 26    44.243 53129.60682112 48.95 292.474268   5.896872 21.441
 26    44.751 53129.60682176 46.83 292.473538   5.893572 21.441
 28    51.754 53199.60688906 36.00 292.471369   5.911505 24.045
 28    51.406 53199.60688971 27.84 292.470639   5.908195 24.045
 28    50.852 53199.60689035 21.69 292.469909   5.904895 24.045
 28    50.601 53199.60689100 22.16 292.469177   5.901583 23.533
 28    50.857 53199.60689164 21.99 292.468447   5.898283 23.533
 28    50.935 53199.60689228 23.34 292.467717   5.894973 23.533
 28    51.165 53199.60689293 25.96 292.466977   5.891673 23.533
 28    51.118 53199.60689357 28.77 292.466247   5.888363 23.533
 28    51.266 53199.60689422 29.34 292.465517   5.885053 23.533
 28    51.297 53199.60689486 32.10 292.464787   5.881753 23.533
 29    51.460 53234.60685792 39.23 292.480501   5.915719 22.874
 29    51.191 53234.60685857 37.93 292.479771   5.912409 22.874
 29    51.197 53234.60685921 40.15 292.479041   5.909109 22.874
 29    51.264 53234.60685985 41.69 292.478311   5.905799 22.874
 29    51.245 53234.60686050 45.58 292.477581   5.902489 22.874
 29    51.344 53234.60686114 44.81 292.476841   5.899189 22.874
 29    51.264 53234.60686179 44.00 292.476111   5.895879 22.874
 30    49.703 53269.60682415 32.42 292.471158   5.910344 14.220
 30    49.386 53269.60682479 29.72 292.470428   5.907034 14.220
 30    49.364 53269.60682544 28.47 292.469698   5.903734 14.220
 30    49.214 53269.60682608 28.17 292.468968   5.900424 14.220
 30    49.552 53269.60682673 26.03 292.468238   5.897124 14.220
 30    49.571 53269.60682737 26.89 292.467498   5.893814 14.220
 30    49.782 53269.60682802 27.90 292.466768   5.890504 14.220
 30    49.839 53269.60682866 28.75 292.466038   5.887204 14.220
 30    49.955 53269.60682931 29.42 292.465308   5.883894 14.220
 30    49.888 53269.60682995 32.45 292.464578   5.880594 14.220
 31    46.953 53304.60688704 17.04 292.462903   5.905650  9.274
 31    46.930 53304.60688768 16.04 292.462173   5.902350  9.274
 31    46.799 53304.60688833 16.00 292.461443   5.899040  9.274
 31    46.687 53304.60688897 16.37 292.460703   5.895740  9.274
 31    46.686 53304.60688962 16.65 292.459973   5.892430  9.274
 31    46.860 53304.60689026 15.99 292.459243   5.889130  9.274
 31    46.875 53304.60689091 16.33 292.458513   5.885820  9.274
 31    46.740 53304.60689155 17.98 292.457783   5.882520  9.274
 31    46.810 53304.60689220 18.38 292.457043   5.879210  9.274
 31    46.994 53304.60689284 17.36 292.456313   5.875900  9.274
 31    46.998 53304.60689349 19.47 292.455583   5.872600  9.274
 31    47.053 53304.60689413 19.62 292.454853   5.869290  9.274
 32    45.017 53339.60685478 15.93 292.469950   5.909770 15.375
 32    45.456 53339.60685543 13.70 292.469220   5.906460 15.375
 32    45.226 53339.60685607 13.66 292.468490   5.903150 15.375
 32    45.621 53339.60685672 13.34 292.467760   5.899850 15.375
 32    46.014 53339.60685736 13.24 292.467030   5.896540 15.375
 32    47.090 53339.60685801 13.74 292.466290   5.893240 15.375
 32    46.145 53339.60685865 18.32 292.465560   5.889930 15.375
 32    47.180 53339.60685929 17.65 292.464830   5.886630 15.375
 32    46.185 53339.60685994 25.18 292.464100   5.883320 15.375
 32    46.280 53339.60686058 26.07 292.463370   5.880010 15.375
 33    42.544 53374.60678559 20.05 292.473728   5.912740 13.614
 33    42.510 53374.60678624 19.70 292.472998   5.909430 13.614
 33    42.610 53374.60678688 20.56 292.472268   5.906130 13.614
 33    42.661 53374.60678752 19.13 292.471538   5.902820 13.614
 33    42.516 53374.60678817 19.54 292.470808   5.899510 13.614
 33    42.319 53374.60678881 19.40 292.470078   5.896210 13.614
 33    44.804 53374.60678946 19.05 292.469338   5.892900 13.614
 33    44.818 53374.60679010 23.63 292.468608   5.889600 13.614
 33    44.861 53374.60679075 28.37 292.467878   5.886290 13.614
 34    41.728 53409.60682782 43.20 292.474993   5.914192 17.108
 34    41.585 53409.60682846 44.15 292.474263   5.910882 17.108
 34    41.402 53409.60682911 43.20 292.473533   5.907582 17.108
 34    41.591 53409.60682975 41.17 292.472803   5.904272 17.108
 34    41.766 53409.60683040 39.28 292.472073   5.900972 17.108
 34    41.639 53409.60683104 43.18 292.471343   5.897662 17.108
 34    41.587 53409.60683168 41.39 292.470603   5.894362 17.108
 34    41.582 53409.60683233 46.20 292.469873   5.891052 17.108
 35    41.453 53444.60681213 22.18 292.470349   5.908954 15.213
 35    41.515 53444.60681277 21.91 292.469619   5.905644 15.213
 35    41.770 53444.60681342 18.55 292.468889   5.902334 15.213
 35    41.416 53444.60681406 18.95 292.468159   5.899034 15.213
 35    41.452 53444.60681470 18.93 292.467429   5.895724 15.213
 35    41.534 53444.60681535 19.39 292.466689   5.892424 15.213
 35    41.622 53444.60681599 29.52 292.465959   5.889114 15.213
 35    41.657 53444.60681664 39.02 292.465229   5.885814 15.213
 35    42.612 53444.60681728 43.77 292.464499   5.882504 15.213
 35    44.390 53444.60681793 32.14 292.463769   5.879194 15.213
 36    44.232 53479.60689145 44.78 292.464750   5.908072 31.980
 36    44.176 53479.60689209 48.27 292.464020   5.904762 31.980
 36    44.314 53479.60689274 47.41 292.463280   5.901462 31.980
 36    44.336 53479.60689338 47.47 292.462550   5.898152 31.980
 36    44.359 53479.60689403 47.38 292.461820   5.894852 31.980
 36    44.368 53479.60689467 47.15 292.461090   5.891542 31.980
 36    44.353 53479.60689532 46.75 292.460360   5.888232 31.980
 36    44.346 53479.60689596 44.50 292.459620   5.884932 31.980
 36    44.309 53479.60689661 42.29 292.458890   5.881622 31.980
 36    44.289 53479.60689725 37.04 292.458160   5.878322 31.980
 36    44.344 53479.60689789 39.88 292.457430   5.875012 31.980
 36    44.317 53479.60689854 43.97 292.456700   5.871712 31.980
 37    47.925 53514.60689787 22.18 292.470952   5.910274 15.110
 37    47.870 53514.60689851 19.70 292.470222   5.906964 15.110
 37    47.821 53514.60689916 19.03 292.469492   5.903654 15.110
 37    47.847 53514.60689980 18.25 292.468762   5.900354 15.110
 37    47.950 53514.60690045 18.48 292.468032   5.897044 15.110
 37    48.087 53514.60690109 20.24 292.467302   5.893744 15.110
 37    48.098 53514.60690174 22.06 292.466562   5.890434 15.110
 37    47.960 53514.60690238 24.31 292.465832   5.887134 15.110
 37    48.070 53514.60690303 25.97 292.465102   5.883824 15.110
 37    48.144 53514.60690367 30.35 292.464372   5.880524 15.110
 38    49.957 53549.60691824 38.67 292.464458   5.905834 12.297
 38    49.711 53549.60691888 38.19 292.463728   5.902524 12.297
 38    49.753 53549.60691953 37.11 292.462988   5.899224 12.297
 38    49.581 53549.60692017 36.53 292.462258   5.895914 12.297
 38    49.476 53549.60692082 35.48 292.461528   5.892614 12.297
 38    49.522 53549.60692146 35.24 292.460798   5.889304 12.297
 38    49.560 53549.60692210 34.15 292.460068   5.886004 12.297
 38    49.423 53549.60692275 33.66 292.459338   5.882694 12.297
 38    49.668 53549.60692339 35.86 292.458608   5.879384 12.297
 38    49.550 53549.60692404 37.28 292.457868   5.876084 12.297
 38    49.646 53549.60692468 36.02 292.457138   5.872774 12.297
 38    49.568 53549.60692533 39.07 292.456408   5.869474 12.297
 39    50.033 53584.60687954 25.10 292.472329   5.910020 17.285
 39    49.749 53584.60688019 23.07 292.471599   5.906720 17.285
 39    49.337 53584.60688083 21.17 292.470869   5.903410 17.285
 39    49.367 53584.60688148 20.99 292.470139   5.900100 17.285
 39    49.801 53584.60688212 20.82 292.469409   5.896800 17.285
 39    50.069 53584.60688277 22.13 292.468679   5.893490 17.285
 39    50.110 53584.60688341 26.36 292.467949   5.890190 17.285
 39    50.200 53584.60688406 26.51 292.467209   5.886880 17.285
 40    49.669 53619.60683637 45.96 292.467204   5.909612 25.415
 40    49.637 53619.60683702 48.94 292.466474   5.906312 25.415
 40    49.736 53619.60683766 48.33 292.465744   5.903002 25.415
 40    49.657 53619.60683831 45.30 292.465014   5.899692 25.415
 40    49.624 53619.60683895 47.18 292.464284   5.896392 25.415
 40    49.753 53619.60683960 46.05 292.463554   5.893082 25.415
 40    49.607 53619.60684024 46.69 292.462814   5.889782 25.415
 40    49.569 53619.60684088 41.49 292.462084   5.886472 25.415
 40    49.635 53619.60684153 38.07 292.461354   5.883172 25.415
 40    49.511 53619.60684217 42.97 292.460624   5.879862 25.415
 40    49.651 53619.60684282 40.26 292.459894   5.876552 25.415
 40    49.625 53619.60684346 41.21 292.459164   5.873252 25.415
 41    45.906 53654.60686289 43.70 292.470243   5.909606 22.621
 41    46.162 53654.60686354 43.61 292.469513   5.906306 22.621
 41    46.053 53654.60686418 43.88 292.468783   5.902996 22.621
 41    45.974 53654.60686483 45.96 292.468043   5.899696 22.621
 41    46.115 53654.60686547 45.70 292.467313   5.896386 22.621
 41    45.983 53654.60686612 43.34 292.466583   5.893086 22.621
 41    45.923 53654.60686676 45.54 292.465853   5.889776 22.621
 41    46.077 53654.60686741 43.26 292.465123   5.886476 22.621
 41    46.034 53654.60686805 42.74 292.464393   5.883166 22.621
 41    46.059 53654.60686870 43.98 292.463653   5.879856 22.621
 42    46.539 53689.60685805 43.67 292.467801   5.908856 31.358
 42    46.369 53689.60685869 47.33 292.467071   5.905556 31.358
 42    46.361 53689.60685934 47.76 292.466341   5.902246 31.358
 42    46.346 53689.60685998 49.14 292.465611   5.898946 31.358
 42    46.430 53689.60686063 48.20 292.464881   5.895636 31.358
 42    46.373 53689.60686127 49.79 292.464151   5.892336 31.358
 42    46.565 53689.60686192 49.58 292.463411   5.889026 31.358
 42    46.268 53689.60686256 49.42 292.462681   5.885726 31.358
 42    46.409 53689.60686321 49.40 292.461951   5.882416 31.358
 42    46.293 53689.60686385 50.78 292.461221   5.879106 31.358
 42    46.309 53689.60686450 52.39 292.460491   5.875806 31.358
 43    47.500 53724.60678192 14.13 292.472977   5.910691 14.870
 43    46.247 53724.60678257 13.46 292.472247   5.907391 14.870
 43    44.752 53724.60678321 13.51 292.471517   5.904081 14.870
 43    44.840 53724.60678386 13.03 292.470787   5.900771 14.870
 43    45.564 53724.60678450 13.51 292.470057   5.897471 14.870
 43    45.644 53724.60678515 14.06 292.469317   5.894161 14.870
 43    45.757 53724.60678579 20.86 292.468587   5.890861 14.870
 43    45.612 53724.60678644 28.06 292.467857   5.887551 14.870
 44    41.512 53759.60672371 18.66 292.480113   5.914944 10.246
 44    42.147 53759.60672435 17.68 292.479383   5.911644 10.246
 44    42.269 53759.60672500 18.28 292.478653   5.908334 10.246
 44    42.274 53759.60672564 18.00 292.477923   5.905034 10.246
 44    41.795 53759.60672629 18.80 292.477193   5.901724 10.246
 44    41.608 53759.60672693 18.56 292.476453   5.898424 10.246
 44    41.809 53759.60672758 18.29 292.475723   5.895114 10.246
 45    41.408 53794.60674346 18.56 292.474670   5.910613 11.202
 45    41.498 53794.60674411 19.54 292.473940   5.907313 11.202
 45    41.742 53794.60674475 16.55 292.473210   5.904003 11.202
 45    41.991 53794.60674540 16.42 292.472480   5.900703 11.202
 45    41.730 53794.60674604 15.88 292.471750   5.897393 11.202
 45    43.267 53794.60674669 15.51 292.471010   5.894093 11.202
 45    43.470 53794.60674733 17.20 292.470280   5.890783 11.202
 46    42.268 53829.60671898 29.65 292.476113   5.913087 20.694
 46    42.777 53829.60671963 34.72 292.475383   5.909787 20.694
 46    42.814 53829.60672027 39.55 292.474653   5.906477 20.694
 46    42.852 53829.60672092 40.37 292.473913   5.903177 20.694
 46    42.779 53829.60672156 44.93 292.473183   5.899867 20.694
 46    42.778 53829.60672221 47.78 292.472453   5.896567 20.694
 46    42.817 53829.60672285 45.96 292.471723   5.893257 20.694
 47    45.213 53864.60679913 24.59 292.468363   5.908993 11.045
 47    45.489 53864.60679977 22.23 292.467633   5.905693 11.045
 47    45.573 53864.60680042 30.19 292.466893   5.902383 11.045
 47    45.542 53864.60680106 34.61 292.466163   5.899073 11.045
 47    45.747 53864.60680170 33.80 292.465433   5.895773 11.045
 47    45.877 53864.60680235 28.04 292.464703   5.892463 11.045
 47    45.219 53864.60680299 24.28 292.463973   5.889163 11.045
 47    44.936 53864.60680364 24.78 292.463243   5.885853 11.045
 47    44.769 53864.60680428 24.53 292.462503   5.882553 11.045
 47    44.848 53864.60680493 24.08 292.461773   5.879243 11.045
 47    44.053 53864.60680557 28.32 292.461043   5.875943 11.045
 48    49.027 53899.60682431 43.21 292.470977   5.910260 20.832
 48    48.990 53899.60682495 43.04 292.470247   5.906960 20.832
 48    49.249 53899.60682560 42.49 292.469517   5.903650 20.832
 48    48.929 53899.60682624 42.95 292.468777   5.900350 20.832
 48    49.218 53899.60682689 43.19 292.468047   5.897040 20.832
 48    49.205 53899.60682753 40.75 292.467317   5.893740 20.832
 48    49.008 53899.60682818 41.23 292.466587   5.890430 20.832
 48    49.023 53899.60682882 41.22 292.465857   5.887120 20.832
 48    48.962 53899.60682947 41.06 292.465127   5.883820 20.832
 48    48.865 53899.60683011 43.52 292.464387   5.880510 20.832
 49    50.906 53934.60686885 25.27 292.460218   5.906377 14.963
 49    50.716 53934.60686949 24.62 292.459488   5.903067 14.963
 49    50.732 53934.60687014 23.32 292.458758   5.899767 14.963
 49    50.581 53934.60687078 23.27 292.458028   5.896457 14.963
 49    50.404 53934.60687143 23.19 292.457298   5.893147 14.963
 49    50.306 53934.60687207 22.90 292.456568   5.889847 14.963
 49    50.280 53934.60687272 23.36 292.455828   5.886537 14.963
 49    50.407 53934.60687336 22.75 292.455098   5.883237 14.963
 49    50.673 53934.60687401 22.95 292.454368   5.879927 14.963
 49    50.893 53934.60687465 22.41 292.453638   5.876627 14.963
 49    51.032 53934.60687529 23.26 292.452908   5.873317 14.963
 49    51.294 53934.60687594 26.60 292.452178   5.870017 14.963
 49    51.312 53934.60687658 27.63 292.451448   5.866707 14.963
 49    51.465 53934.60687723 32.40 292.450718   5.863397 14.963
 50    51.422 53969.60683871 26.17 292.465106   5.907676 21.427
 50    50.290 53969.60683936 23.69 292.464366   5.904366 21.427
 50    50.092 53969.60684000 24.10 292.463636   5.901066 21.427
 50    50.349 53969.60684065 24.74 292.462906   5.897756 21.427
 50    50.581 53969.60684129 24.64 292.462176   5.894446 21.427
 50    50.703 53969.60684193 26.77 292.461446   5.891146 21.427
 50    50.892 53969.60684258 28.60 292.460716   5.887836 21.427
 50    51.000 53969.60684322 30.30 292.459986   5.884536 21.427
 50    51.054 53969.60684387 34.89 292.459256   5.881226 21.427
 50    51.135 53969.60684451 36.21 292.458516   5.877926 21.427
 50    51.286 53969.60684516 36.25 292.457786   5.874616 21.427
 50    51.072 53969.60684580 40.13 292.457056   5.871316 21.427
 51    48.345 54004.60681123 46.42 292.475364   5.914057 18.515
 51    48.429 54004.60681187 44.57 292.474634   5.910747 18.515
 51    48.536 54004.60681252 45.80 292.473904   5.907447 18.515
 51    48.275 54004.60681316 45.87 292.473174   5.904137 18.515
 51    48.413 54004.60681381 45.64 292.472434   5.900837 18.515
 51    48.418 54004.60681445 45.79 292.471704   5.897527 18.515
 51    48.305 54004.60681509 46.71 292.470974   5.894217 18.515
 51    48.199 54004.60681574 44.29 292.470244   5.890917 18.515
 52    46.592 54039.60684414 22.60 292.475119   5.912127 14.957
 52    46.497 54039.60684479 18.45 292.474389   5.908827 14.957
 52    46.514 54039.60684543 16.32 292.473659   5.905517 14.957
 52    46.710 54039.60684608 15.29 292.472929   5.902217 14.957
 52    46.827 54039.60684672 14.73 292.472189   5.898907 14.957
 52    46.948 54039.60684737 17.81 292.471459   5.895597 14.957
 52    47.022 54039.60684801 23.57 292.470729   5.892297 14.957
 53    45.969 54074.60683866 19.79 292.472387   5.912463 18.191
 53    45.707 54074.60683931 18.07 292.471657   5.909163 18.191
 53    45.924 54074.60683995 14.66 292.470927   5.905853 18.191
 53    45.972 54074.60684060 14.42 292.470187   5.902553 18.191
 53    46.115 54074.60684124 14.58 292.469457   5.899243 18.191
 53    46.379 54074.60684189 15.78 292.468727   5.895943 18.191
 53    46.583 54074.60684253 20.36 292.467997   5.892633 18.191
 53    46.737 54074.60684318 23.56 292.467267   5.889323 18.191
 53    46.793 54074.60684382 23.80 292.466537   5.886023 18.191
 53    46.685 54074.60684446 34.62 292.465807   5.882713 18.191
 54    43.196 54109.60678394 21.87 292.468999   5.908611 12.948
 54    43.176 54109.60678459 21.80 292.468259   5.905301 12.948
 54    42.771 54109.60678523 19.51 292.467529   5.901991 12.948
 54    43.050 54109.60678588 17.08 292.466799   5.898691 12.948
 54    44.063 54109.60678652 16.84 292.466069   5.895381 12.948
 54    44.911 54109.60678717 15.39 292.465339   5.892081 12.948
 54    46.481 54109.60678781 16.29 292.464609   5.888771 12.948
 54    43.361 54109.60678846 24.78 292.463879   5.885471 12.948
 54    45.109 54109.60678910 24.98 292.463149   5.882161 12.948
 54    45.270 54109.60678975 26.87 292.462409   5.878851 12.948
 54    45.586 54109.60679039 26.83 292.461679   5.875551 12.948
 55    40.903 54144.60677705 30.93 292.471245   5.910009 16.120
 55    41.117 54144.60677769 24.87 292.470515   5.906709 16.120
 55    41.180 54144.60677834 20.12 292.469775   5.903399 16.120
 55    41.155 54144.60677898 18.85 292.469045   5.900099 16.120
 55    40.987 54144.60677963 20.05 292.468315   5.896789 16.120
 55    41.352 54144.60678027 20.70 292.467585   5.893479 16.120
 55    41.493 54144.60678092 27.29 292.466855   5.890179 16.120
 55    41.237 54144.60678156 42.52 292.466125   5.886869 16.120
 55    41.050 54144.60678221 44.33 292.465385   5.883569 16.120
 56    42.079 54179.60676882 45.86 292.469826   5.910509 33.446
 56    42.249 54179.60676947 43.36 292.469096   5.907199 33.446
 56    42.231 54179.60677011 42.48 292.468356   5.903899 33.446
 56    42.134 54179.60677076 41.68 292.467626   5.900589 33.446
 56    42.104 54179.60677140 42.05 292.466896   5.897289 33.446
 56    42.238 54179.60677205 44.34 292.466166   5.893979 33.446
 56    40.764 54179.60677269 52.01 292.465436   5.890669 33.446
 56    41.339 54179.60677333 44.33 292.464706   5.887369 33.446
 56    41.206 54179.60677398 35.55 292.463976   5.884059 33.446
 56    41.158 54179.60677462 44.06 292.463246   5.880759 33.446
 56    41.700 54179.60677527 42.26 292.462516   5.877449 33.446
 57    43.811 54214.60678450 22.53 292.470364   5.910088  8.006
 57    43.977 54214.60678514 22.09 292.469634   5.906778  8.006
 57    43.958 54214.60678579 21.61 292.468904   5.903478  8.006
 57    44.033 54214.60678643 22.35 292.468170   5.900164 13.523
 57    43.867 54214.60678708 23.58 292.467440   5.896864 13.523
 57    44.055 54214.60678772 23.30 292.466710   5.893554 13.523
 57    44.260 54214.60678836 24.93 292.465980   5.890254 13.523
 57    44.048 54214.60678901 31.91 292.465240   5.886944 13.523
 57    43.958 54214.60678965 37.64 292.464510   5.883644 13.523
 57    44.542 54214.60679030 41.90 292.463780   5.880334 13.523
 58    47.326 54249.60681182 31.39 292.470808   5.911012 14.135
 58    47.452 54249.60681246 31.40 292.470078   5.907712 14.135
 58    47.596 54249.60681311 31.58 292.469348   5.904402 14.135
 58    47.565 54249.60681375 33.28 292.468618   5.901102 14.135
 58    47.497 54249.60681440 33.26 292.467886   5.897789 10.247
 58    47.725 54249.60681504 33.25 292.467156   5.894489 10.247
 58    47.279 54249.60681568 33.30 292.466426   5.891179 10.247
 58    47.125 54249.60681633 32.23 292.465686   5.887879 10.247
 58    47.150 54249.60681697 31.78 292.464956   5.884569 10.247
 58    47.301 54249.60681762 31.92 292.464226   5.881269 10.247
 59    51.525 54284.60681974 45.51 292.472313   5.911150 24.476
 59    51.555 54284.60682039 45.61 292.471573   5.907840 24.476
 59    51.512 54284.60682103 45.80 292.470843   5.904540 24.476
 59    51.494 54284.60682168 45.77 292.470113   5.901230 24.476
 59    51.572 54284.60682232 44.52 292.469383   5.897930 24.476
 59    51.453 54284.60682297 45.87 292.468653   5.894618 17.793
 59    51.410 54284.60682361 44.76 292.467923   5.891318 17.793
 59    51.492 54284.60682426 43.34 292.467193   5.888008 17.793
 59    51.406 54284.60682490 46.35 292.466453   5.884708 17.793
 60    51.332 54319.60681690 44.50 292.473002   5.911664 23.712
 60    51.140 54319.60681754 45.13 292.472272   5.908354 23.712
 60    51.065 54319.60681819 44.81 292.471542   5.905044 23.712
 60    51.170 54319.60681883 45.38 292.470802   5.901744 23.712
 60    51.127 54319.60681948 43.92 292.470072   5.898434 23.712
 60    51.035 54319.60682012 44.50 292.469342   5.895134 23.712
 60    51.173 54319.60682077 43.02 292.468613   5.891821 15.767
 60    51.073 54319.60682141 43.25 292.467883   5.888521 15.767
 60    51.018 54319.60682206 46.77 292.467153   5.885211 15.767
 61    49.978 54354.60678010 40.12 292.471715   5.910046 20.863
 61    49.791 54354.60678075 38.97 292.470985   5.906736 20.863
 61    49.865 54354.60678139 38.12 292.470255   5.903436 20.863
 61    49.967 54354.60678204 39.56 292.469525   5.900126 20.863
 61    49.993 54354.60678268 41.63 292.468795   5.896826 20.863
 61    49.924 54354.60678333 40.30 292.468055   5.893516 20.863
 61    49.816 54354.60678397 46.57 292.467325   5.890216 20.863
 61    49.888 54354.60678461 44.71 292.466600   5.886902 21.992
 61    49.834 54354.60678526 47.15 292.465860   5.883602 21.992
 62    48.573 54389.60675729 45.17 292.472668   5.912169 25.020
 62    48.715 54389.60675793 47.01 292.471938   5.908869 25.020
 62    48.787 54389.60675858 45.74 292.471198   5.905559 25.020
 62    48.661 54389.60675922 45.63 292.470468   5.902259 25.020
 62    48.562 54389.60675987 45.87 292.469738   5.898949 25.020
 62    48.537 54389.60676051 47.30 292.469008   5.895649 25.020
 62    48.624 54389.60676116 44.82 292.468278   5.892339 25.020
 62    48.521 54389.60676180 44.79 292.467548   5.889039 25.020
 62    48.659 54389.60676245 43.66 292.466818   5.885729 25.020
 63    45.637 54424.60673014 18.96 292.471323   5.911103 13.259
 63    46.088 54424.60673078 15.76 292.470593   5.907803 13.259
 63    45.751 54424.60673143 15.57 292.469863   5.904493 13.259
 63    45.829 54424.60673207 15.56 292.469133   5.901193 13.259
 63    46.243 54424.60673272 15.15 292.468403   5.897883 13.259
 63    46.681 54424.60673336 16.26 292.467673   5.894583 13.259
 63    47.070 54424.60673401 18.39 292.466933   5.891273 13.259
 63    47.291 54424.60673465 20.83 292.466203   5.887973 13.259
 63    47.246 54424.60673530 22.39 292.465473   5.884663 13.259
 63    46.466 54424.60673594 27.67 292.464743   5.881353 13.259
 64    43.520 54459.60673285 15.36 292.473048   5.911996 14.159
 64    43.657 54459.60673350 14.68 292.472318   5.908686 14.159
 64    45.166 54459.60673414 14.47 292.471578   5.905386 14.159
 64    44.882 54459.60673479 13.55 292.470848   5.902076 14.159
 64    44.329 54459.60673543 14.05 292.470118   5.898776 14.159
 64    44.921 54459.60673608 14.36 292.469388   5.895466 14.159
 64    46.579 54459.60673672 14.75 292.468658   5.892166 14.159
 64    45.069 54459.60673737 22.66 292.467918   5.888856 14.159
 64    47.112 54459.60673801 23.42 292.467188   5.885546 14.159
 65    41.875 54494.60673507 25.42 292.472280   5.911492 16.375
 65    41.563 54494.60673572 23.93 292.471550   5.908192 16.375
 65    41.814 54494.60673636 21.91 292.470820   5.904882 16.375
 65    41.704 54494.60673701 19.61 292.470090   5.901582 16.375
 65    41.562 54494.60673765 18.89 292.469350   5.898272 16.375
 65    41.683 54494.60673830 17.83 292.468620   5.894972 16.375
 65    43.703 54494.60673894 16.77 292.467890   5.891662 16.375
 65    46.547 54494.60673959 17.49 292.467160   5.888362 16.375
 65    42.182 54494.60674023 21.47 292.466430   5.885052 16.375
 66    41.159 54529.60674574 20.86 292.473862   5.911447 11.817
 66    41.014 54529.60674638 20.81 292.473132   5.908147 11.817
 66    41.225 54529.60674702 19.52 292.472399   5.904834  9.438
 66    41.323 54529.60674767 18.89 292.471669   5.901534  9.438
 66    41.668 54529.60674831 18.12 292.470939   5.898224  9.438
 66    41.528 54529.60674896 18.69 292.470199   5.894924  9.438
 66    41.679 54529.60674960 22.30 292.469469   5.891614  9.438
 66    41.569 54529.60675025 30.15 292.468739   5.888314  9.438
 67    41.168 54564.60674165 39.43 292.470707   5.910111 10.525
 67    41.031 54564.60674230 34.95 292.469977   5.906801 10.525
 67    41.461 54564.60674294 34.71 292.469247   5.903501 10.525
 67    41.393 54564.60674359 43.48 292.468507   5.900191 10.525
 67    41.205 54564.60674423 41.85 292.467777   5.896881 10.525
 67    40.946 54564.60674488 46.82 292.467052   5.893576 14.273
 67    41.218 54564.60674552 45.76 292.466312   5.890276 14.273
 67    41.689 54564.60674617 42.40 292.465582   5.886966 14.273
 67    41.291 54564.60674681 44.09 292.464852   5.883666 14.273
 67    41.849 54564.60674745 37.97 292.464122   5.880356 14.273
 68    44.469 54599.60674111 46.88 292.471462   5.911047 12.973
 68    44.513 54599.60674175 48.50 292.470732   5.907737 12.973
 68    44.355 54599.60674240 46.88 292.470002   5.904437 12.973
 68    44.397 54599.60674304 50.70 292.469270   5.901125 17.132
 68    44.574 54599.60674369 48.28 292.468540   5.897825 17.132
 68    44.622 54599.60674433 45.17 292.467810   5.894515 17.132
 68    44.416 54599.60674498 48.14 292.467070   5.891215 17.132
 68    44.300 54599.60674562 50.08 292.466340   5.887905 17.132
 68    44.234 54599.60674627 48.53 292.465610   5.884595 17.132
 68    44.255 54599.60674691 48.03 292.464880   5.881295 17.132
 69    48.541 54634.60675455 42.51 292.469463   5.908372 16.811
 69    48.501 54634.60675520 45.58 292.468733   5.905072 16.811
 69    48.486 54634.60675584 45.64 292.468003   5.901760 20.012
 69    48.381 54634.60675649 45.88 292.467273   5.898460 20.012
 69    48.508 54634.60675713 45.40 292.466543   5.895150 20.012
 69    48.444 54634.60675778 45.29 292.465803   5.891850 20.012
 69    48.490 54634.60675842 43.85 292.465073   5.888540 20.012
 69    48.289 54634.60675907 48.53 292.464343   5.885230 20.012
 69    48.486 54634.60675971 48.23 292.463613   5.881930 20.012
 69    48.445 54634.60676035 47.71 292.462883   5.878620 20.012
 70    51.998 54669.60675877 30.00 292.469794   5.908938 26.496
 70    51.447 54669.60675942 27.08 292.469064   5.905628 26.496
 70    51.157 54669.60676006 24.41 292.468334   5.902328 26.496
 70    51.324 54669.60676071 24.92 292.467604   5.899014 22.670
 70    51.642 54669.60676135 24.58 292.466874   5.895714 22.670
 70    51.725 54669.60676200 26.77 292.466144   5.892404 22.670
 70    51.813 54669.60676264 26.95 292.465404   5.889104 22.670
 70    51.961 54669.60676329 29.12 292.464674   5.885794 22.670
 70    51.996 54669.60676393 29.89 292.463944   5.882494 22.670
 70    52.048 54669.60676457 31.02 292.463214   5.879184 22.670
 71    50.499 54704.60672116 36.62 292.473032   5.912928 23.089
 71    50.536 54704.60672181 27.26 292.472302   5.909618 23.089
 71    50.111 54704.60672245 22.70 292.471572   5.906318 23.089
 71    49.857 54704.60672310 22.59 292.470842   5.903008 23.089
 71    49.847 54704.60672374 23.60 292.470102   5.899708 23.089
 71    50.321 54704.60672439 23.97 292.469372   5.896398 23.089
 71    50.465 54704.60672503 24.74 292.468642   5.893098 23.089
 71    50.632 54704.60672567 27.56 292.467916   5.889784 23.004
 71    50.782 54704.60672632 27.39 292.467176   5.886484 23.004
 72    48.301 54739.60672134 44.23 292.472105   5.911256 15.361
 72    48.234 54739.60672198 43.49 292.471375   5.907956 15.361
 72    48.231 54739.60672262 44.93 292.470641   5.904646 19.153
 72    48.116 54739.60672327 46.39 292.469911   5.901346 19.153
 72    47.987 54739.60672391 48.54 292.469181   5.898036 19.153
 72    48.165 54739.60672456 46.32 292.468441   5.894736 19.153
 72    48.054 54739.60672520 46.47 292.467711   5.891426 19.153
 72    48.013 54739.60672585 46.84 292.466981   5.888116 19.153
 72    48.050 54739.60672649 46.44 292.466251   5.884816 19.153
 73    46.497 54774.60670299 39.86 292.472743   5.912513 11.589
 73    46.594 54774.60670364 38.79 292.472013   5.909203 11.589
 73    46.426 54774.60670428 38.44 292.471273   5.905903 11.589
 73    46.479 54774.60670493 38.93 292.470543   5.902593 11.589
 73    46.712 54774.60670557 38.19 292.469813   5.899293 11.589
 73    46.579 54774.60670622 39.14 292.469085   5.895979 11.277
 73    46.593 54774.60670686 42.16 292.468355   5.892679 11.277
 73    46.610 54774.60670751 41.79 292.467625   5.889369 11.277
 73    46.585 54774.60670815 45.29 292.466885   5.886069 11.277
 74    46.380 54809.60671468 17.44 292.471509   5.910393 14.659
 74    46.415 54809.60671532 16.17 292.470779   5.907093 14.659
 74    46.337 54809.60671597 15.75 292.470042   5.903780 15.828
 74    46.265 54809.60671661 15.39 292.469312   5.900480 15.828
 74    46.585 54809.60671726 15.14 292.468582   5.897170 15.828
 74    46.860 54809.60671790 16.41 292.467852   5.893870 15.828
 74    47.096 54809.60671855 19.70 292.467122   5.890560 15.828
 74    47.255 54809.60671919 21.81 292.466382   5.887250 15.828
 74    46.799 54809.60671983 26.00 292.465652   5.883950 15.828
 75    43.245 54844.60670167 16.20 292.471176   5.910231 11.589
 75    43.390 54844.60670231 16.55 292.470446   5.906931 11.589
 75    43.109 54844.60670296 16.78 292.469706   5.903621 11.589
 75    44.219 54844.60670360 15.56 292.468976   5.900321 11.589
 75    44.488 54844.60670424 15.01 292.468249   5.897008 12.628
 75    44.965 54844.60670489 14.13 292.467519   5.893708 12.628
 75    45.152 54844.60670553 16.92 292.466779   5.890398 12.628
 75    44.911 54844.60670618 17.70 292.466049   5.887098 12.628
 75    45.226 54844.60670682 26.96 292.465319   5.883788 12.628
 75    46.362 54844.60670747 23.98 292.464589   5.880488 12.628
 76    42.379 54879.60671889 23.31 292.469605   5.908500 13.591
 76    42.292 54879.60671953 21.60 292.468875   5.905200 13.591
 76    42.242 54879.60672018 20.19 292.468145   5.901890 13.591
 76    42.247 54879.60672082 18.05 292.467415   5.898590 13.591
 76    42.497 54879.60672147 16.45 292.466675   5.895280 13.591
 76    43.238 54879.60672211 15.44 292.465945   5.891970 13.591
 76    42.802 54879.60672276 20.25 292.465215   5.888670 13.591
 76    42.532 54879.60672340 24.83 292.464485   5.885360 13.591
 76    44.374 54879.60672405 26.23 292.463755   5.882060 13.591
 76    44.475 54879.60672469 25.30 292.463025   5.878750 13.591
 77    42.297 54914.60670588 34.36 292.468431   5.908072 13.543
 77    42.202 54914.60670652 30.18 292.467691   5.904772 13.543
 77    41.977 54914.60670717 28.41 292.466961   5.901462 13.543
 77    41.819 54914.60670781 27.85 292.466231   5.898152 13.543
 77    41.885 54914.60670846 26.34 292.465506   5.894847 13.344
 77    42.122 54914.60670910 24.74 292.464766   5.891547 13.344
 77    42.312 54914.60670975 31.43 292.464036   5.888237 13.344
 77    42.395 54914.60671039 32.49 292.463306   5.884937 13.344
 77    42.257 54914.60671104 39.89 292.462576   5.881627 13.344
 77    42.223 54914.60671168 45.74 292.461846   5.878327 13.344
 77    42.158 54914.60671233 51.15 292.461116   5.875017 13.344
 79    44.492 54984.60673553 18.77 292.469464   5.910722 12.602
 79    44.580 54984.60673617 15.43 292.468734   5.907422 12.602
 79    44.606 54984.60673681 15.40 292.468002   5.904111 12.468
 79    44.615 54984.60673746 14.84 292.467272   5.900811 12.468
 79    44.583 54984.60673810 14.83 292.466542   5.897501 12.468
 79    44.628 54984.60673875 14.53 292.465802   5.894201 12.468
 79    45.660 54984.60673939 14.91 292.465072   5.890891 12.468
 79    44.890 54984.60674004 23.04 292.464342   5.887581 12.468
 79    44.833 54984.60674068 31.60 292.463612   5.884281 12.468
 79    44.791 54984.60674133 29.68 292.462882   5.880971 12.468
 79    44.537 54984.60674197 26.51 292.462152   5.877671 12.468
 80    49.665 55019.60673117 34.18 292.472229   5.910285 19.945
 80    49.452 55019.60673181 32.68 292.471489   5.906985 19.945
 80    49.263 55019.60673246 32.07 292.470759   5.903675 19.945
 80    49.251 55019.60673310 31.96 292.470029   5.900375 19.945
 80    49.093 55019.60673375 32.17 292.469299   5.897062 15.744
 80    49.248 55019.60673439 31.22 292.468569   5.893762 15.744
 80    49.363 55019.60673504 30.98 292.467839   5.890452 15.744
 80    49.497 55019.60673568 31.73 292.467109   5.887152 15.744
 80    49.516 55019.60673633 33.68 292.466369   5.883842 15.744
 81    50.935 55054.60672659 46.50 292.472846   5.912799 27.237
 81    50.908 55054.60672724 47.39 292.472116   5.909489 27.237
 81    50.923 55054.60672788 46.89 292.471376   5.906189 27.237
 81    50.757 55054.60672853 46.62 292.470646   5.902879 27.237
 81    50.884 55054.60672917 46.98 292.469916   5.899579 27.237
 81    50.871 55054.60672982 48.06 292.469187   5.896265 18.623
 81    50.902 55054.60673046 44.42 292.468457   5.892965 18.623
 81    50.870 55054.60673111 45.23 292.467727   5.889655 18.623
 81    50.873 55054.60673175 46.25 292.466987   5.886355 18.623
 82    48.980 55089.60668742 40.21 292.470370   5.911372 18.709
 82    48.800 55089.60668807 41.21 292.469640   5.908062 18.709
 82    48.795 55089.60668871 41.36 292.468910   5.904752 18.709
 82    48.840 55089.60668936 41.49 292.468170   5.901452 18.709
 82    48.803 55089.60669000 38.55 292.467440   5.898142 18.709
 82    48.714 55089.60669065 38.81 292.466710   5.894842 18.709
 82    48.888 55089.60669129 39.65 292.465985   5.891529 11.735
 82    48.796 55089.60669193 37.00 292.465245   5.888229 11.735
 82    48.712 55089.60669258 35.03 292.464515   5.884919 11.735
 82    48.574 55089.60669322 35.17 292.463785   5.881619 11.735
 82    48.710 55089.60669387 39.26 292.463055   5.878309 11.735
 83    46.443 55124.60666470 44.02 292.472927   5.912779 12.706
 83    46.402 55124.60666535 45.55 292.472197   5.909479 12.706
 83    46.282 55124.60666599 46.99 292.471464   5.906167 17.681
 83    46.369 55124.60666664 46.52 292.470734   5.902867 17.681
 83    46.640 55124.60666728 46.40 292.470004   5.899557 17.681
 83    46.377 55124.60666793 45.19 292.469274   5.896257 17.681
 83    46.507 55124.60666857 45.02 292.468534   5.892947 17.681
 83    46.480 55124.60666922 44.16 292.467804   5.889637 17.681
 83    46.204 55124.60666986 46.87 292.467074   5.886337 17.681
 84    43.676 55159.60664890 17.75 292.469882   5.909153 14.209
 84    43.890 55159.60664954 16.57 292.469152   5.905843 14.209
 84    45.150 55159.60665019 14.24 292.468412   5.902543 14.209
 84    44.793 55159.60665083 14.49 292.467682   5.899233 14.209
 84    44.665 55159.60665148 14.63 292.466952   5.895933 14.209
 84    45.126 55159.60665212 14.78 292.466224   5.892619 15.289
 84    46.954 55159.60665277 16.02 292.465494   5.889319 15.289
 84    44.534 55159.60665341 21.11 292.464764   5.886009 15.289
 84    45.016 55159.60665406 26.83 292.464024   5.882709 15.289
 84    45.529 55159.60665470 25.20 292.463294   5.879399 15.289
 85    41.947 55194.60665499 17.88 292.471625   5.910691 10.056
 85    41.865 55194.60665563 18.51 292.470895   5.907391 10.056
 85    41.903 55194.60665628 17.45 292.470160   5.904079 13.211
 85    41.927 55194.60665692 17.10 292.469430   5.900779 13.211
 85    42.091 55194.60665757 16.17 292.468700   5.897469 13.211
 85    42.142 55194.60665821 15.95 292.467970   5.894169 13.211
 85    43.081 55194.60665886 17.26 292.467230   5.890859 13.211
 85    42.642 55194.60665950 21.38 292.466500   5.887549 13.211
 85    44.563 55194.60666015 21.34 292.465770   5.884249 13.211
 86    40.667 55229.60665173 39.36 292.469384   5.908613 17.907
 86    40.469 55229.60665237 33.58 292.468644   5.905303 17.907
 86    40.467 55229.60665302 21.65 292.467914   5.902003 17.907
 86    40.433 55229.60665366 19.91 292.467188   5.898691 13.856
 86    40.411 55229.60665431 22.62 292.466458   5.895391 13.856
 86    40.865 55229.60665495 25.96 292.465718   5.892081 13.856
 86    41.058 55229.60665560 30.61 292.464988   5.888781 13.856
 86    41.435 55229.60665624 33.99 292.464258   5.885471 13.856
 86    40.896 55229.60665688 37.72 292.463528   5.882161 13.856
 86    41.856 55229.60665753 38.18 292.462798   5.878861 13.856
 87    40.947 55264.60664997 49.74 292.472400   5.912021 13.440
 87    40.987 55264.60665061 48.02 292.471670   5.908721 13.440
 87    40.837 55264.60665126 46.79 292.470938   5.905408 19.202
 87    40.891 55264.60665190 47.08 292.470208   5.902108 19.202
 87    40.986 55264.60665255 46.97 292.469478   5.898798 19.202
 87    40.790 55264.60665319 46.97 292.468738   5.895498 19.202
 87    40.771 55264.60665384 49.28 292.468008   5.892188 19.202
 87    41.076 55264.60665448 45.68 292.467278   5.888878 19.202
 87    40.968 55264.60665513 46.35 292.466548   5.885578 19.202
 88    41.963 55299.60663281 18.66 292.471968   5.912015 10.504
 88    42.107 55299.60663345 19.54 292.471238   5.908705 10.504
 88    41.961 55299.60663410 22.34 292.470508   5.905405 10.504
 88    42.127 55299.60663474 17.83 292.469778   5.902095 10.504
 88    42.230 55299.60663539 17.72 292.469048   5.898795 10.504
 88    42.160 55299.60663603 16.87 292.468308   5.895485 10.504
 88    42.907 55299.60663668 15.83 292.467578   5.892175 10.504
 88    46.596 55299.60663732 15.85 292.466853   5.888870 11.464
 88    42.282 55299.60663797 25.17 292.466113   5.885570 11.464
 88    44.032 55299.60663861 32.14 292.465383   5.882260 11.464
 89    48.024 55334.60662726 32.36 292.470450   5.911138 21.902
 89    47.933 55334.60662790 36.67 292.469720   5.907838 21.902
 89    47.967 55334.60662855 36.89 292.468990   5.904528 21.902
 89    47.854 55334.60662919 34.92 292.468260   5.901228 21.902
 89    47.842 55334.60662983 25.48 292.467531   5.897916 12.982
 89    47.416 55334.60663048 23.45 292.466801   5.894616 12.982
 89    47.378 55334.60663112 22.80 292.466071   5.891306 12.982
 89    47.366 55334.60663177 23.13 292.465331   5.888006 12.982
 89    47.442 55334.60663241 22.85 292.464601   5.884696 12.982
 89    47.379 55334.60663306 31.88 292.463871   5.881386 12.982
 89    47.608 55334.60663370 35.54 292.463141   5.878086 12.982
 90    50.693 55369.60661843 26.83 292.472037   5.911041 22.755
 90    49.847 55369.60661908 23.10 292.471297   5.907741 22.755
 90    49.546 55369.60661972 21.62 292.470567   5.904431 22.755
 90    49.457 55369.60662037 21.57 292.469837   5.901131 22.755
 90    49.707 55369.60662101 21.30 292.469107   5.897818 21.841
 90    49.926 55369.60662166 22.86 292.468377   5.894518 21.841
 90    50.123 55369.60662230 22.76 292.467647   5.891208 21.841
 90    50.160 55369.60662295 29.49 292.466907   5.887908 21.841
 90    50.245 55369.60662359 31.78 292.466177   5.884598 21.841
 91    51.406 55404.60663486 48.08 292.473237   5.913087 29.740
 91    51.324 55404.60663550 51.33 292.472507   5.909787 29.740
 91    51.370 55404.60663615 47.95 292.471777   5.906477 29.740
 91    51.550 55404.60663679 49.15 292.471047   5.903177 29.740
 91    51.411 55404.60663744 49.10 292.470313   5.899864 22.361
 91    51.370 55404.60663808 48.84 292.469583   5.896564 22.361
 91    51.167 55404.60663872 49.52 292.468853   5.893254 22.361
 91    51.410 55404.60663937 47.15 292.468123   5.889954 22.361
 91    51.202 55404.60664001 48.59 292.467383   5.886644 22.361
 92    51.237 55439.60663629 38.46 292.472888   5.912281 25.822
 92    50.975 55439.60663693 32.79 292.472158   5.908971 25.822
 92    50.781 55439.60663757 28.33 292.471418   5.905671 25.822
 92    50.472 55439.60663822 25.97 292.470688   5.902361 25.822
 92    50.521 55439.60663886 24.59 292.469958   5.899061 25.822
 92    50.713 55439.60663951 26.21 292.469230   5.895748 23.929
 92    50.989 55439.60664015 29.49 292.468500   5.892448 23.929
 92    50.813 55439.60664080 32.23 292.467770   5.889138 23.929
 92    50.920 55439.60664144 33.15 292.467030   5.885838 23.929
 93    47.349 55474.60658258 44.71 292.472061   5.911917 17.136
 93    47.586 55474.60658323 43.49 292.471331   5.908607 17.136
 93    47.594 55474.60658387 41.71 292.470601   5.905307 17.136
 93    47.475 55474.60658452 40.26 292.469871   5.901997 17.136
 93    47.427 55474.60658516 39.23 292.469141   5.898697 17.136
 93    47.403 55474.60658581 37.82 292.468401   5.895387 17.136
 93    47.285 55474.60658645 38.56 292.467671   5.892087 17.136
 93    47.294 55474.60658710 39.88 292.466947   5.888774 10.062
 93    47.421 55474.60658774 39.62 292.466207   5.885474 10.062
 93    47.371 55474.60658839 40.95 292.465477   5.882164 10.062
