# NaN NaN NaN ;Mean Elev.(m), Avg Gradient(m/km), RMS Gradient(m/km) - SRTM1     
#   16.524  -2.651  18.427 ;Mean Elev.(m), Avg Gradient(m/km), RMS Gradient(m/km) - ASTER GDEM
#   26.359  -2.825  19.038 ;Mean Elev.(m), Avg Gradient(m/km), RMS Gradient(m/km) - GMTED2010 
  8 293.160530   7.216853    39.085    39.081 10 52492.09938334 50.109
 10 293.153832   7.212246    36.084    36.335  7 52562.09941169 31.270
 12 293.152614   7.209766    33.339    33.195  6 52632.09936867 18.451
 13 293.151527   7.208798    28.909    28.797  6 52667.09938855 40.595
 14 293.159067   7.215590    28.000    27.717 10 52702.09936037 40.827
 15 293.154730   7.213850    28.226    28.256  7 52737.09940207 34.355
 16 293.155323   7.213267    33.309    33.202  8 52772.09937067 50.479
 17 293.150353   7.209239    36.149    36.164  6 52807.09942494 33.697
 18 293.152606   7.210736    38.627    38.630  7 52842.09948401 49.820
 19 293.151579   7.210055    39.005    38.992  6 52877.09952238 51.693
 20 293.160126   7.216634    37.381    37.377 10 52912.09948175 30.670
 21 293.156902   7.212984    36.235    36.414  8 52947.09943784 26.819
 23 293.152812   7.210945    31.576    31.231  6 53017.09947042 36.746
 24 293.155170   7.211199    28.312    28.362  7 53052.09944984 37.676
 25 293.146772   7.205034    28.627    28.587  4 53087.09948534 19.038
 26 293.151980   7.208624    31.152    30.896  6 53122.09945613 40.712
 27 293.147327   7.205265    35.809    35.744  5 53157.09951182 28.525
 28 293.157218   7.212924    37.991    37.952  8 53192.09950555 24.773
 29 293.156336   7.212586    38.808    38.795  8 53227.09950657 44.148
 30 293.150686   7.210277    38.392    38.373  6 53262.09947966 50.682
 31 293.145190   7.203581    36.818    36.811  4 53297.09951439 26.200
 32 293.153418   7.210694    34.527    34.364  6 53332.09948740 30.969
 33 293.156373   7.212280    32.436    32.381  8 53367.09943302 36.956
 35 293.155070   7.211377    28.964    29.039  7 53437.09944997 28.734
 36 293.149908   7.207514    29.530    29.408  6 53472.09950181 50.727
 37 293.150801   7.208664    35.246    35.316  6 53507.09953279 37.275
 38 293.150268   7.207933    36.804    36.722  5 53542.09953958 42.798
 39 293.151321   7.211273    37.298    37.280  6 53577.09952729 51.255
 40 293.151328   7.210463    37.783    37.767  6 53612.09947927 35.443
 41 293.153534   7.211602    35.843    35.762  6 53647.09948421 30.381
 42 293.148394   7.207881    34.498    34.349  5 53682.09949921 42.372
 43 293.156665   7.212388    33.620    33.362  8 53717.09942729 16.577
 44 293.157937   7.214017    30.946    31.232  9 53752.09934686 21.193
 45 293.157039   7.212355    31.338    31.098  8 53787.09937672 21.061
 46 293.156274   7.215329    30.039    29.719  8 53822.09933199 25.311
 47 293.149404   7.207646    32.140    32.243  5 53857.09942188 47.267
 48 293.156896   7.213967    35.550    35.580  9 53892.09943590 22.351
 49 293.144374   7.202204    37.941    37.944  4 53927.09949488 27.770
 50 293.147760   7.205960    38.919    38.883  5 53962.09947983 31.398
 51 293.154237   7.211917    37.423    37.436  7 53997.09942443 46.105
 52 293.154944   7.211813    35.426    35.466  7 54032.09947607 46.425
 53 293.155373   7.211907    35.312    35.280  7 54067.09946950 46.420
 54 293.153520   7.211082    32.732    32.395  6 54102.09943006 18.693
 55 293.152058   7.212071    29.170    29.202  6 54137.09939801 29.322
 56 293.152732   7.211115    28.009    27.890  7 54172.09940725 29.508
 57 293.151449   7.210405    31.545    31.515  6 54207.09940269 43.765
 58 293.153277   7.211448    34.471    34.414  6 54242.09943591 39.432
 59 293.153013   7.211718    36.653    36.940  7 54277.09945029 35.083
 60 293.154131   7.211834    38.841    38.856  7 54312.09945064 37.942
 61 293.154411   7.211526    38.496    38.467  7 54347.09942332 42.750
 62 293.153226   7.211601    37.403    37.406  6 54382.09938766 50.460
 63 293.153096   7.212317    35.470    35.445  6 54417.09937244 20.430
 64 293.152531   7.211096    33.339    33.424  6 54452.09935677 17.436
 65 293.154511   7.212587    33.187    33.272  7 54487.09936962 15.553
 66 293.153899   7.212496    29.249    29.257  6 54522.09937014 26.499
 67 293.153428   7.211246    29.654    28.921  7 54557.09937971 26.281
 68 293.152331   7.210853    31.547    31.267  6 54592.09936650 23.544
 69 293.152624   7.212231    34.887    34.950  6 54627.09938212 21.512
 70 293.151034   7.210334    38.224    38.243  6 54662.09938931 45.619
 71 293.154505   7.212638    38.669    38.632  7 54697.09936540 46.073
 72 293.152416   7.211657    37.230    37.183  6 54732.09934623 46.861
 73 293.153597   7.212116    35.358    35.432  7 54767.09934399 21.921
 74 293.151974   7.209265    34.881    34.794  6 54802.09933903 24.161
 75 293.153075   7.212031    33.203    33.071  6 54837.09933686 15.870
 76 293.152620   7.210501    32.219    32.063  6 54872.09933821 18.890
 77 293.152228   7.210297    30.207    29.190  6 54907.09934372 29.607
 78 293.151645   7.210285    30.944    31.245  5 54942.09933121 25.809
 79 293.151906   7.210648    32.455    32.203  6 54977.09935934 31.272
 80 293.152470   7.211749    33.521    33.188  6 55012.09936734  4.352
 81 293.153517   7.210841    38.214    38.208  6 55047.09935925 48.460
 82 293.153813   7.212088    37.689    37.677  7 55082.09933163 47.117
 83 293.153639   7.210795    35.226    35.198  6 55117.09929098 18.852
 84 293.152555   7.210744    32.602    32.418  6 55152.09928864 36.125
 85 293.151791   7.211146    28.425    29.496  6 55187.09927800 31.295
 86 293.152554   7.211861    28.284    28.047  6 55222.09928776 27.015
 87 293.153716   7.211631    27.274    27.306  7 55257.09927360 27.050
 88 293.153220   7.210954    28.230    28.197  6 55292.09927570 49.649
 89 293.151241   7.209008    34.285    34.270  6 55327.09925832 49.260
 90 293.153040   7.211212    37.450    37.471  6 55362.09925445 51.887
 91 293.152653   7.209309    38.676    38.676  6 55397.09926139 51.197
 92 293.154568   7.212133    38.999    38.985  7 55432.09926991 51.343
 93 293.154892   7.213149    37.000    37.044  7 55467.09922940 37.175
