# NaN NaN NaN ;Mean Elev.(m), Avg Gradient(m/km), RMS Gradient(m/km) - SRTM1     
#   16.107  -4.207   7.829 ;Mean Elev.(m), Avg Gradient(m/km), RMS Gradient(m/km) - ASTER GDEM
#    9.577  -4.289   9.826 ;Mean Elev.(m), Avg Gradient(m/km), RMS Gradient(m/km) - GMTED2010 
  7 296.532795   8.162125    27.909    27.669  6 52467.08961937  2.670
  8 296.533289   8.160300    52.386    50.120  5 52502.08961063  6.151
  9 296.532438   8.159378    32.352    33.462  5 52537.08959605 29.946
 10 296.531629   8.160508    43.934    44.581  4 52572.08963338  3.804
 11 296.536319   8.165129    46.206    46.210  6 52607.08959226  7.355
 12 296.531885   8.161177    38.138    44.040  6 52642.08958977  8.385
 13 296.536517   8.161006    44.413    44.425  3 52677.08957628  3.142
 14 296.531536   8.160900    41.384    44.771  7 52712.08960771  6.978
 15 296.526185   8.157542    48.062    44.668  5 52747.08963371  2.842
 16 296.531053   8.160439    55.440    58.340  7 52782.08957359  6.887
 17 296.530645   8.158721    50.846    53.444  7 52817.08965265  5.181
 18 296.534701   8.158433    44.510    46.506  5 52852.08970309 10.893
 20 296.534592   8.159370    51.196    50.508  5 52922.08969246  6.465
 21 296.538339   8.163791    45.600    44.579  5 52957.08965837  4.835
 22 296.537442   8.164829    47.219    47.205  4 52992.08967919  3.912
 23 296.540393   8.165461    39.048    46.784  5 53027.08964528  8.063
 24 296.539412   8.166280    40.462    45.562  6 53062.08965447  6.639
 25 296.529037   8.159538    46.886    43.500  6 53097.08967689  5.780
 26 296.540545   8.169045    22.642    16.706  5 53132.08965186 12.018
 28 296.532979   8.159825    50.927    51.790  5 53202.08972862  4.192
 29 296.540259   8.166410    41.968    49.020  5 53237.08969849 20.264
 30 296.535614   8.161637    41.551    40.942  5 53272.08965467 15.052
 31 296.528047   8.159494    45.776    44.268  4 53307.08971901  3.912
 32 296.533517   8.162581    43.303    42.436  6 53342.08968659  5.656
 33 296.535787   8.164488    47.521    47.913  5 53377.08962117  3.490
 35 296.532193   8.163273    48.885    47.351  6 53447.08964657  4.425
 36 296.526792   8.160161    51.416    48.765  6 53482.08973150  3.037
 37 296.534044   8.163514    46.250    46.448  5 53517.08973443  4.309
 38 296.527855   8.160454    48.106    45.616  5 53552.08975474  6.564
 39 296.537097   8.165358    40.387    44.105  6 53587.08970890 14.398
 40 296.527199   8.157868    52.396    51.225  6 53622.08967379  4.382
 41 296.532056   8.159671    48.164    45.079  5 53657.08970186  4.089
 42 296.532981   8.159651    47.225    42.795  6 53692.08968732  5.691
 43 296.537033   8.164346    38.763    46.178  5 53727.08961168  9.898
 44 296.539293   8.167617    53.488    52.119  5 53762.08956577  5.764
 45 296.537625   8.164953    47.857    47.696  4 53797.08957773  3.074
 47 296.531734   8.159363    55.118    56.886  7 53867.08963543  6.301
 48 296.532730   8.161103    42.917    44.801  7 53902.08966575  6.412
 49 296.524012   8.159047    50.750    48.696  5 53937.08970406  9.334
 50 296.530441   8.161965    51.829    51.782  5 53972.08966902 13.911
 52 296.537629   8.163600    39.008    46.237  5 54042.08967912 12.315
 53 296.534496   8.163226    51.307    49.054  6 54077.08967288  3.919
 56 296.534510   8.162306    46.589    46.065  7 54182.08960056  5.481
 57 296.532055   8.163293    46.496    46.734  6 54217.08962396  4.985
 58 296.532598   8.162785    48.211    45.525  7 54252.08965031  7.794
 59 296.534951   8.165227    39.320    42.926  6 54287.08965573 12.781
 60 296.535315   8.163143    59.336    60.948  6 54322.08965217 12.474
 61 296.535742   8.163701    51.502    48.124  5 54357.08961147  6.590
 62 296.534909   8.161662    47.303    43.966  5 54392.08959238  6.773
 63 296.535547   8.162390    46.481    47.206  5 54427.08956108  4.372
 64 296.534782   8.161616    48.088    45.996  6 54462.08956991  5.241
 65 296.535806   8.162174    38.108    44.880  5 54497.08956890  8.827
 66 296.535268   8.164805    50.609    48.287  6 54532.08958353  5.776
 67 296.535105   8.163515    40.867    45.771  7 54567.08957443  6.217
 68 296.533432   8.162228    53.017    52.998  6 54602.08957907  4.970
 69 296.533133   8.161276    48.417    46.073  6 54637.08958999  4.310
 70 296.533548   8.160491    49.303    45.410  5 54672.08959327  6.853
 71 296.536382   8.162451    45.129    41.885  4 54707.08955350 10.275
 72 296.533997   8.162108    44.081    44.303  5 54742.08955851  7.695
 73 296.535834   8.164826    31.955    36.777  5 54777.08953452 17.039
 76 296.532826   8.162182    43.076    45.687  7 54882.08955499  7.477
 77 296.533339   8.160370    45.762    45.051  5 54917.08953715  3.165
 79 296.531374   8.161652    45.121    45.326  6 54987.08957362  4.668
 80 296.535131   8.165467    56.485    55.735  6 55022.08956635  8.313
 81 296.534797   8.162629    50.037    47.188  6 55057.08956239  7.907
 82 296.534584   8.161206    38.304    35.312  5 55092.08951872 13.512
 83 296.534316   8.162615    39.408    44.508  5 55127.08950167 10.517
 84 296.534515   8.161701    45.514    44.609  5 55162.08947968  4.756
 85 296.533126   8.162836    46.643    46.349  6 55197.08949301  5.561
 86 296.533984   8.162740    45.331    48.220  7 55232.08948373  5.707
 87 296.534655   8.161554    46.544    46.259  6 55267.08948709  4.126
 88 296.535545   8.164707    56.039    54.609  6 55302.08946499  7.438
 89 296.533997   8.161536    49.255    47.111  6 55337.08946251  3.684
 90 296.535428   8.162381    47.668    43.339  5 55372.08945193  8.644
 91 296.535163   8.163596    39.017    40.107  5 55407.08947228 33.794
 92 296.534702   8.163790    37.313    42.455  4 55442.08947175 23.025
 93 296.536410   8.162631    49.197    45.644  5 55477.08941241  5.303
