-168306.056    -6.696     0.00    2.72
-167930.019    -6.104     1.58    3.03
-167553.985    -5.097     2.68    3.83
-167177.954    -4.513     1.55    3.88
-166801.927    -4.216     0.79    3.87
-166425.904    -3.767     1.19    3.81
-166049.884    -4.945    -3.13    4.19
-165673.867    -5.621    -1.80    4.45
-165297.854    -6.378    -2.01    4.28
-164921.845    -6.051     0.87    3.48
-164545.839    -6.075    -0.06    3.45
-164169.837    -6.258    -0.49    3.82
-163793.838    -6.639    -1.01    4.65
-163417.843    -6.920    -0.75    4.89
-163041.851    -8.195    -3.39    4.91
-162665.863    -8.049     0.39    4.58
-162289.879    -7.288     2.02    4.20
-161913.897    -7.767    -1.27    3.54
-161537.920    -8.101    -0.89    2.61
-161161.946    -8.522    -1.12    1.74
-160785.975    -8.486     0.10    1.84
-160410.008    -8.436     0.13    1.91
-160034.045    -7.767     1.78    2.66
-159658.085    -7.361     1.08    2.77
-159282.128    -7.189     0.46    2.79
-158906.175    -7.107     0.22    2.39
-158530.226    -6.918     0.50    2.26
-158154.280    -6.152     2.04    2.77
-157778.337    -5.087     2.83    2.95
-157402.398    -4.511     1.53    3.36
-157026.463    -3.788     1.92    3.21
-156650.531    -2.889     2.39    3.48
-156274.602    -3.254    -0.97    3.94
-155898.677    -4.104    -2.26    3.68
-155522.756    -4.460    -0.95    3.24
-155146.838    -5.588    -3.00    3.25
-154770.923    -6.022    -1.16    2.95
-154395.012    -6.621    -1.59    2.76
-154019.105    -6.606     0.04    2.48
-153643.200    -6.613    -0.02    2.52
-153267.300    -6.195     1.11    2.55
-152891.403    -5.513     1.81    2.69
-152515.509    -4.459     2.80    3.16
-152139.619    -3.864     1.58    3.06
-151763.732    -4.049    -0.49    3.02
-151387.849    -4.772    -1.92    3.06
-151011.969    -5.665    -2.37    3.00
-150636.093    -6.262    -1.59    2.88
-150260.220    -6.500    -0.63    3.07
-149884.351    -6.152     0.93    3.07
-149508.485    -5.588     1.50    3.20
-149132.622    -5.716    -0.34    3.16
-148756.763    -5.578     0.37    2.76
-148380.908    -5.572     0.01    2.70
-148005.056    -5.594    -0.06    2.53
-147629.207    -5.119     1.26    3.17
-147253.362    -4.870     0.66    3.83
-146877.520    -4.778     0.24    3.87
-146501.682    -5.080    -0.81    3.56
-146125.847    -5.270    -0.50    2.84
-145750.016    -5.513    -0.65    2.81
-145374.188    -5.280     0.62    2.62
-144998.363    -4.972     0.82    2.55
-144622.542    -5.229    -0.68    2.29
-144246.724    -4.578     1.73    2.48
-143870.910    -4.361     0.58    2.77
-143495.100    -4.562    -0.53    2.87
-143119.292    -4.408     0.41    2.90
-142743.488    -5.126    -1.91    3.34
-142367.688    -5.262    -0.36    2.99
-141991.891    -5.147     0.30    3.34
-141616.097    -5.351    -0.54    3.40
-141240.307    -4.672     1.81    3.90
-140864.520    -3.177     3.98    7.06
-140488.737     0.722    10.38   11.86
-140112.957     5.001    11.39   16.71
-139737.010    10.406    14.38   19.87
-139360.560    11.838     3.81   19.39
-138984.113    11.284    -1.47   17.16
-138607.669     9.028    -5.99   15.58
-138231.229     4.258   -12.67    9.24
-137854.792     1.975    -6.07    6.36
-137478.359    -0.278    -5.99    2.83
-137101.929     0.130     1.08    3.44
-136725.503     0.823     1.84    3.96
-136349.079     1.412     1.57    3.96
-135972.660     2.105     1.84    3.94
-135596.243     2.233     0.34    3.61
-135219.831     2.607     0.99    4.08
-134843.421     3.207     1.60    4.25
-134467.015     3.853     1.71    4.53
-134090.612     4.250     1.06    4.40
-133714.213     4.514     0.70    4.41
-133337.817     5.163     1.72    4.85
-132961.425     4.190    -2.59    4.59
-132585.036     3.643    -1.45    4.32
-132208.650     1.885    -4.67    3.56
-131832.268     1.378    -1.35    2.44
-131455.889     1.580     0.54    2.72
-131079.514     2.784     3.20    3.16
-130703.141     4.079     3.44    2.80
-130326.773     5.291     3.22    3.06
-129950.407     6.156     2.30    3.16
-129574.045     6.922     2.04    3.11
-129197.687     6.874    -0.13    2.64
-128821.332     7.163     0.77    2.46
-128444.980     7.212     0.13    2.61
-128068.631     7.653     1.17    2.76
-127692.286     8.111     1.22    2.69
-127315.945     8.001    -0.29    2.29
-126939.606     7.406    -1.58    2.46
-126563.271     7.622     0.57    2.67
-126186.940     7.055    -1.51    2.46
-125810.611     6.799    -0.68    2.59
-125434.286     6.228    -1.52    2.54
-125057.965     5.823    -1.08    2.67
-124681.647     5.703    -0.32    3.05
-124305.332     5.002    -1.86    3.08
-123929.020     5.370     0.98    3.30
-123552.712     4.765    -1.61    3.48
-123176.408     4.449    -0.84    2.84
-122800.106     3.387    -2.82    2.53
-122423.808     2.460    -2.46    2.36
-122047.513     1.712    -1.99    2.23
-121671.222     1.028    -1.82    2.72
-121294.934     0.256    -2.05    2.99
-120918.649    -0.972    -3.27    3.54
-120542.368    -2.405    -3.81    4.34
-120166.090    -3.783    -3.66    4.90
-119789.815    -4.891    -2.95    4.79
-119413.544    -5.917    -2.73    4.83
-119037.276    -5.997    -0.21    3.85
-118661.011    -5.947     0.13    3.41
-118284.750    -6.675    -1.94    3.48
-117908.492    -7.588    -2.43    3.75
-117532.237    -7.735    -0.39    3.90
-117155.985    -7.709     0.07    3.21
-116779.737    -8.420    -1.89    3.72
-116403.493    -8.485    -0.17    3.89
-116027.251    -8.189     0.79    3.99
-115651.013    -7.472     1.90    3.98
-115274.778    -7.197     0.73    4.49
-114898.547    -6.139     2.81    3.70
-114522.318    -5.762     1.00    3.90
-114146.094    -5.189     1.52    3.18
-113769.872    -6.107    -2.44    3.55
-113393.654    -5.756     0.93    3.54
-113017.439    -5.722     0.09    3.64
-112641.227    -4.747     2.59    4.21
-112265.019    -2.562     5.81    4.27
-111888.814    -0.837     4.59    4.47
-111512.612     0.925     4.68    3.37
-111136.413     2.514     4.22    2.04
-110760.218     3.133     1.64    1.80
-110384.026     3.079    -0.14    1.97
-110007.837     3.335     0.68    1.98
-109631.652     3.136    -0.53    1.93
-109255.470     3.107    -0.08    1.71
-108879.291     2.746    -0.96    1.97
-108503.116     3.028     0.75    1.90
-108126.944     2.797    -0.61    1.78
-107750.775     2.703    -0.25    1.65
-107374.609     2.893     0.50    1.65
-106998.447     2.541    -0.93    1.66
-106622.287     2.278    -0.70    2.02
-106246.132     2.103    -0.47    2.18
-105869.979     1.653    -1.20    2.20
-105493.830     1.622    -0.08    2.20
-105117.684     1.258    -0.97    1.83
-104741.541     1.054    -0.54    1.92
-104365.401     0.976    -0.21    2.28
-103989.265     1.207     0.61    2.51
-103613.132     2.207     2.66    3.61
-103237.002     3.109     2.40    4.01
-102860.876     3.317     0.55    3.99
-102484.752     2.728    -1.57    4.30
-102108.632     1.082    -4.38    4.14
-101732.516     0.258    -2.19    3.66
-101356.402    -0.341    -1.59    3.49
-100980.292    -0.675    -0.89    3.55
-100604.185    -0.432     0.65    3.21
-100228.081    -1.162    -1.94    3.73
 -99851.981    -1.716    -1.47    3.47
 -99475.883    -2.147    -1.15    3.26
 -99099.789    -2.405    -0.68    2.29
 -98723.698    -2.272     0.35    3.59
 -98347.611    -2.735    -1.23    3.90
 -97971.527    -3.049    -0.83    4.36
 -97595.445    -2.742     0.82    6.43
 -97219.367     0.317     8.13   13.08
 -96843.293     3.055     7.28   18.47
 -96467.221     2.475    -1.54   17.97
 -96091.153    -1.822   -11.43    9.14
 -95715.088    -2.861    -2.76    3.12
 -95339.026     0.592     9.18    9.23
 -94962.968     4.896    11.45   14.48
 -94586.912     7.541     7.03   16.58
 -94210.860     7.109    -1.15   14.85
 -93834.811     5.163    -5.17    5.76
 -93458.766     7.361     5.85    8.83
 -93082.723     7.903     1.44    8.54
 -92706.684     8.703     2.13    8.54
 -92330.648     7.928    -2.06    7.86
 -91954.615     5.659    -6.03    2.51
 -91578.585     5.975     0.84    2.52
 -91202.558     6.107     0.35    2.42
 -90826.535     6.105    -0.01    2.32
 -90450.515     6.278     0.46    1.92
 -90074.498     7.265     2.62    3.53
 -89698.484     8.653     3.69    5.04
 -89322.474     8.528    -0.33    5.21
 -88946.466     7.566    -2.56    4.68
 -88570.462     6.489    -2.86    3.71
 -88194.461     7.352     2.29    5.29
 -87818.464     8.703     3.59    5.78
 -87442.469     9.920     3.23    7.10
 -87066.478    12.182     6.02   16.32
 -86690.489    10.903    -3.40   16.32
 -86314.504     6.487   -11.74    2.71
 -85938.522     5.678    -2.15    2.55
 -85562.544     4.580    -2.92    2.32
 -85186.568     4.291    -0.77    2.15
 -84810.596     3.784    -1.35    1.89
 -84434.626     2.669    -2.97    2.42
 -84058.660     1.791    -2.34    2.70
 -83682.697     1.139    -1.73    3.18
 -83306.738     0.212    -2.47    2.52
 -82930.781     0.083    -0.34    2.41
 -82554.828     0.387     0.81    2.90
 -82178.877     0.823     1.16    2.73
 -81802.930     0.784    -0.10    2.99
 -81426.986     0.271    -1.37    3.00
 -81051.046    -1.189    -3.88    3.57
 -80675.108    -3.101    -5.09    3.59
 -80299.173    -4.397    -3.45    2.69
 -79923.242    -4.945    -1.46    2.25
 -79547.314    -5.247    -0.80    2.53
 -79171.389    -6.788    -4.10    3.86
 -78795.467    -9.420    -7.00    4.68
 -78419.548   -11.567    -5.71    4.58
 -78043.632   -12.152    -1.56    4.31
 -77667.720   -12.920    -2.04    3.56
 -77291.810   -11.861     2.82    3.95
 -76915.904   -10.999     2.29    4.25
 -76540.001   -10.945     0.14    4.98
 -76164.101   -11.203    -0.69    5.25
 -75788.204   -12.331    -3.00    5.47
 -75412.310   -13.111    -2.07    5.72
 -75036.420   -14.729    -4.30    3.63
 -74660.532   -15.107    -1.01    3.44
 -74284.648   -13.639     3.91    6.17
 -73908.767   -10.722     7.76    8.35
 -73532.889    -9.270     3.86    8.84
 -73157.013    -6.844     6.45    9.42
 -72781.142    -5.209     4.35    9.88
 -72405.273    -3.393     4.83   10.43
 -72029.407    -3.999    -1.61   10.07
 -71653.544    -4.897    -2.39    9.31
 -71277.685    -6.420    -4.05    8.33
 -70901.829    -7.567    -3.05    7.79
 -70525.975    -7.367     0.53    7.19
 -70150.125    -7.611    -0.65    5.85
 -69774.278    -8.613    -2.67    5.24
 -69398.434    -9.844    -3.27    5.42
 -69022.593   -11.333    -3.96    6.13
 -68646.755   -13.080    -4.65    5.89
 -68270.921   -14.864    -4.75    3.69
 -67895.089   -15.972    -2.95    0.00
 -67519.260   -15.922     0.13    0.22
 -67143.435   -13.567     6.27    6.06
 -66767.613   -10.793     7.38    6.98
 -66391.793    -7.867     7.79    7.00
 -66015.977    -5.972     5.04    5.46
 -65640.164    -6.107    -0.36    5.10
 -65264.354    -7.072    -2.57    5.92
 -64888.547    -7.630    -1.48    6.90
 -64512.389    -6.351     3.40    8.10
 -64135.969    -3.891     6.53    8.40
 -63759.553     0.528    11.74    6.38
 -63383.139     1.848     3.51    4.44
 -63006.729    -0.434    -6.06    5.70
 -62630.321    -2.487    -5.45    6.17
 -62253.917    -3.864    -3.66    4.93
 -61877.516    -2.107     4.67    4.95
 -61501.118     0.433     6.75    4.95
 -61124.723     2.778     6.23    4.07
 -60748.330     4.163     3.68    3.99
 -60371.941     5.554     3.70    4.50
 -59995.556     7.607     5.45    4.02
 -59619.173     9.823     5.89    3.64
 -59242.793    11.595     4.71    3.28
 -58866.416    12.848     3.33    2.80
 -58490.043    14.212     3.62    2.18
 -58113.672    14.611     1.06    2.42
 -57737.304    15.001     1.04    2.44
 -57360.940    15.703     1.87    2.45
 -56984.578    15.501    -0.54    2.81
 -56608.220    15.515     0.04    2.81
 -56231.865    16.371     2.28    3.09
 -55855.512    15.947    -1.13    2.86
 -55479.163    14.514    -3.81    3.25
 -55102.817    13.974    -1.44    3.31
 -54726.473    12.669    -3.47    3.29
 -54350.133    12.460    -0.55    4.27
 -53973.796    10.130    -6.19    4.68
 -53597.462     8.412    -4.57    4.65
 -53221.131     6.412    -5.31    5.46
 -52844.803     3.866    -6.77    4.27
 -52468.478     3.105    -2.02    4.60
 -52092.156     2.870    -0.62    4.89
 -51715.837     3.444     1.53    5.18
 -51339.521     2.190    -3.33    5.20
 -50963.208     0.352    -4.88    4.94
 -50586.898     0.291    -0.16    5.00
 -50210.591    -0.767    -2.81    4.15
 -49834.287    -0.535     0.62    4.15
 -49457.986    -0.051     1.29    3.94
 -49081.689     0.438     1.30    3.55
 -48705.394     0.757     0.85    4.05
 -48329.102     0.438    -0.85    4.59
 -47952.813     0.595     0.42    4.93
 -47576.527     1.002     1.08    5.59
 -47200.244    -0.049    -2.79    6.01
 -46823.965    -1.972    -5.11    7.93
 -46447.688    -4.104    -5.66    8.52
 -46071.414    -7.972   -10.28    8.09
 -45695.143   -10.716    -7.29    7.40
 -45318.875   -13.695    -7.92    5.05
 -44942.611   -15.709    -5.35    1.00
 -44566.349   -15.810    -0.27    0.90
 -44190.090   -15.864    -0.14    0.61
 -43813.834   -15.947    -0.22    0.16
 -43437.581   -15.972    -0.07    0.00
 -43061.331   -15.895     0.20    0.48
 -42685.084   -15.024     2.32    3.84
 -42308.840   -14.472     1.47    4.94
 -41932.599   -12.818     4.40    7.16
 -41556.361   -10.351     6.56   10.19
 -41180.126    -8.536     4.82   10.70
 -40803.894    -5.314     8.56   11.97
 -40427.665    -2.657     7.06   11.60
 -40051.439     0.501     8.39   11.07
 -39675.216     3.797     8.76    9.65
 -39298.996     6.128     6.20    6.69
 -38922.779     8.001     4.98    3.33
 -38546.565     8.133     0.35    2.59
 -38170.353     7.001    -3.01    2.85
 -37794.145     5.757    -3.31    3.45
 -37417.940     5.082    -1.80    3.05
 -37041.737     6.057     2.59    2.93
 -36665.538     7.182     2.99    2.65
 -36289.341     7.592     1.09    2.82
 -35913.148     7.861     0.72    3.23
 -35536.957     7.566    -0.78    3.76
 -35160.769     5.528    -5.42    5.21
 -34784.585     3.515    -5.35    5.54
 -34408.403     1.159    -6.26    5.07
 -34032.224     0.156    -2.67    4.54
 -33656.048    -1.243    -3.72    5.00
 -33279.875    -3.075    -4.87    4.20
 -32903.705    -3.802    -1.93    3.36
 -32527.538    -4.250    -1.19    2.64
 -32151.374    -4.024     0.60    2.72
 -31775.213    -3.446     1.54    2.44
 -31399.055    -1.864     4.21    3.58
 -31022.899    -0.270     4.24    4.66
 -30646.747     1.656     5.12    5.35
 -30270.597     3.771     5.62    5.57
 -29894.451     5.951     5.79    5.54
 -29518.307     8.639     7.15    5.96
 -29142.166    11.694     8.12    5.55
 -28766.029    14.389     7.16    4.85
 -28389.894    15.771     3.68    4.51
 -28013.762    18.387     6.95    3.20
 -27637.633    19.843     3.87    2.95
 -27261.506    20.595     2.00    3.80
 -26885.383    21.130     1.42    3.58
 -26509.263    23.578     6.51   12.62
 -26133.145    23.298    -0.74   14.50
 -25757.031    22.951    -0.92   15.02
 -25380.919    17.843   -13.58    7.13
 -25004.810    15.595    -5.98    7.51
 -24628.705    16.893     3.45    9.19
 -24252.602    17.971     2.87   10.45
 -23876.502    23.797    15.49   13.69
 -23500.404    27.828    10.72   11.82
 -23124.310    29.460     4.34   11.33
 -22748.219    28.335    -2.99   10.87
 -22372.130    26.750    -4.22    9.13
 -21996.045    25.501    -3.32    6.56
 -21619.962    24.720    -2.08    7.23
 -21243.882    31.528    18.10   18.73
 -20867.805    54.757    61.77   47.44
 -20491.731    82.053    72.58   58.71
 -20115.660    97.378    40.75   53.28
 -19739.591    96.001    -3.66   57.24
 -19363.526    77.003   -50.52   54.19
 -18987.463    52.136   -66.12   27.34
 -18611.404    44.974   -19.05   18.65
 -18235.347    47.109     5.68   20.04
 -17859.293    44.694    -6.42   20.77
 -17483.242    40.105   -12.21   18.98
 -17107.193    37.328    -7.38   19.68
 -16731.148    34.722    -6.93   19.02
 -16355.105    29.278   -14.48   13.48
 -15979.066    25.554    -9.90    5.64
 -15603.029    23.643    -5.08    5.50
 -15226.995    23.976     0.89    7.47
 -14850.964    21.501    -6.58    4.69
 -14474.935    20.389    -2.96    4.85
 -14098.910    22.449     5.48    9.99
 -13722.887    27.103    12.38   18.80
 -13346.868    29.500     6.38   21.28
 -12970.851    37.566    21.45   37.03
 -12594.837    35.159    -6.40   35.24
 -12218.826    29.109   -16.09   22.06
 -11842.817    33.649    12.08   27.02
 -11466.812    38.639    13.27   36.13
 -11090.809    36.515    -5.65   37.24
 -10714.809    28.478   -21.38   33.69
 -10338.812    18.352   -26.93   15.62
  -9962.818    12.653   -15.16    6.48
  -9586.826    11.712    -2.50    5.28
  -9210.838    13.159     3.85    5.71
  -8834.852    16.265     8.26    5.06
  -8458.869    18.265     5.32    6.42
  -8082.889    18.778     1.36    6.21
  -7706.912    19.238     1.22   13.02
  -7330.937    16.778    -6.54    4.94
  -6954.966    19.305     6.72    9.05
  -6578.997    19.976     1.78    8.97
  -6203.031    19.925    -0.14    9.15
  -5827.068    16.838    -8.21   10.28
  -5451.107    11.811   -13.37   12.07
  -5075.150     5.947   -15.60    9.22
  -4699.195     1.361   -12.20    7.88
  -4323.243     0.703    -1.75    7.07
  -3947.294     2.947     5.97    7.92
  -3571.347     6.728    10.06    7.46
  -3195.404    10.449     9.90    5.80
  -2819.463    13.843     9.03    4.67
  -2443.525    14.568     1.93    5.40
  -2067.590    15.464     2.38    6.07
  -1691.657    12.580    -7.67    9.41
  -1315.728     7.541   -13.40   10.37
   -939.801     2.107   -14.46    9.32
   -563.877    -1.833   -10.48    5.57
   -187.955    -1.306     1.40    6.06
    187.963     0.823     5.66    7.82
    563.879     1.676     2.27    7.41
    939.792     3.730     5.46    8.39
   1315.702     4.001     0.72    9.31
   1691.609     1.899    -5.59    8.49
   2067.514     0.353    -4.11    7.51
   2443.416    -0.513    -2.30    6.23
   2819.315    -0.101     1.10    7.54
   3195.211     0.133     0.62    7.24
   3571.104    -0.051    -0.49    7.01
   3946.995    -0.513    -1.23    7.01
   4322.883    -0.922    -1.09    6.50
   4698.768    -2.183    -3.35    4.74
   5074.651    -2.306    -0.33    4.74
   5450.531    -2.446    -0.37    4.32
   5826.408    -1.472     2.59    7.65
   6202.282     1.899     8.97   11.10
   6578.153     9.258    19.58   14.46
   6954.022    21.139    31.61   27.17
   7329.888    45.406    64.56   41.34
   7705.751    54.784    24.95   38.67
   8081.612    52.922    -4.95   39.42
   8457.469    42.653   -27.32   38.01
   8833.324    27.866   -39.34   20.77
   9209.177    20.694   -19.08    6.35
   9585.026    23.133     6.49    9.59
   9960.873    24.489     3.61    9.37
  10336.717    25.920     3.81    8.18
  10713.045    24.553    -3.63    4.72
  11089.424    26.922     6.30    7.40
  11465.800    30.500     9.51   10.13
  11842.173    37.082    17.49   16.27
  12218.543    45.500    22.37   23.17
  12594.911    59.310    36.69   45.18
  12971.276    67.284    21.19   50.24
  13347.639    63.428   -10.25   50.67
  13723.998    52.920   -27.92   38.38
  14100.355    45.622   -19.39   18.66
  14476.709    44.757    -2.30   13.76
  14853.061    49.703    13.14   18.59
  15229.410    50.244     1.44   17.29
  15605.756    47.028    -8.55   10.17
  15982.099    45.284    -4.63    8.63
  16358.440    51.002    15.19   21.76
  16734.778    59.460    22.47   31.11
  17111.113    62.578     8.28   33.01
  17487.445    62.343    -0.62   33.05
  17863.775    59.278    -8.15   28.03
  18240.102    59.109    -0.45   19.47
  18616.426    69.352    27.22   22.35
  18992.748    80.870    30.61   26.10
  19369.067    82.669     4.78   22.48
  19745.383    85.590     7.76   23.04
  20121.697    97.343    31.23   25.72
  20498.008   103.487    16.33   24.21
  20874.316   107.163     9.77   21.93
  21250.621   123.592    43.66   22.48
  21626.924   135.757    32.33   20.82
  22003.224   139.515     9.99   17.20
  22379.521   138.438    -2.86   18.32
  22755.816   134.002   -11.79   18.81
  23132.108   126.730   -19.32   20.73
  23508.398   124.028    -7.18   21.08
  23884.684   129.870    15.53   22.74
  24260.968   133.972    10.90   25.47
  24637.250   132.514    -3.87   28.76
  25013.528   118.433   -37.42   33.24
  25389.804    96.595   -58.04   25.49
  25766.077    89.028   -20.11   17.94
  26142.348    89.340     0.83   18.13
  26518.616    89.669     0.87   18.33
  26894.881    86.976    -7.16   18.42
  27271.144    81.305   -15.07   17.04
  27647.404    77.464   -10.21   12.74
  28023.661    76.676    -2.09   12.54
  28399.916    78.002     3.52   15.11
  28776.168    76.186    -4.83   12.24
  29152.417    74.182    -5.33   12.36
  29528.664    70.738    -9.15    8.03
  29904.908    71.412     1.79    9.48
  30281.149    69.438    -5.25    8.88
  30657.388    69.472     0.09    9.50
  31033.624    68.757    -1.90    8.66
  31409.857    70.487     4.60   11.63
  31786.088    72.406     5.10   13.23
  32162.316    70.866    -4.09   12.74
  32538.542    69.969    -2.38   12.01
  32914.765    70.515     1.45   11.62
  33290.985    66.976    -9.41    9.80
  33667.202    66.028    -2.52   10.94
  34043.417    60.233   -15.40   10.67
  34419.630    55.190   -13.40    9.01
  34795.839    52.412    -7.38    6.32
  35172.047    55.607     8.49   19.77
  35548.251    70.925    40.72   37.96
  35924.453    89.947    50.56   47.25
  36300.652    94.823    12.96   44.38
  36676.849    96.853     5.40   41.88
  37053.043    95.194    -4.41   41.87
  37429.234   100.238    13.41   45.43
  37805.423   108.109    20.92   44.94
  38181.609   108.622     1.37   44.97
  38557.792    85.649   -61.07   43.71
  38933.973    57.999   -73.50   18.95
  39310.151    49.903   -21.52   12.21
  39686.327    46.028   -10.30    6.20
  40062.500    45.217    -2.16    5.18
  40438.671    47.182     5.22    4.28
  40814.838    47.082    -0.27    5.01
  41191.004    45.001    -5.53    5.67
  41567.166    45.207     0.55    9.67
  41943.326    46.207     2.66   10.73
  42319.484    52.082    15.62   14.05
  42695.639    59.343    19.31   19.29
  43071.791    71.079    31.20   24.65
  43447.941    88.417    46.09   29.57
  43824.088    97.746    24.80   33.40
  44200.232    96.055    -4.50   34.45
  44576.374    92.838    -8.55   34.38
  44952.514    87.568   -14.01   27.75
  45328.650    83.472   -10.89   19.25
  45704.785    77.310   -16.38   15.09
  46080.916    73.478   -10.19   15.09
  46457.045    70.325    -8.38   12.05
  46833.172    69.720    -1.61   10.68
  47209.296    70.949     3.27    9.38
  47585.417    71.951     2.66    7.69
  47961.536    73.694     4.64    8.29
  48337.652    76.540     7.57    9.09
  48713.766    78.278     4.62    9.63
  49089.877    76.107    -5.77    9.41
  49465.985    72.823    -8.73    9.15
  49842.091    68.972   -10.24    8.42
  50218.195    67.310    -4.42    9.08
  50594.295    65.791    -4.04    9.49
  50970.394    63.568    -5.91    6.74
  51346.489    62.460    -2.95    8.24
  51722.583    62.000    -1.22    8.34
  52098.673    62.951     2.53   10.92
  52474.761    69.903    18.48   19.71
  52850.847    77.190    19.38   22.33
  53226.930    79.428     5.95   21.42
  53603.010    77.186    -5.96   21.94
  53979.088    71.817   -14.27    9.80
  54355.163    75.460     9.69   12.20
  54731.236    78.828     8.95   13.14
  55107.307    83.194    11.61   14.67
  55483.374    81.595    -4.25   16.30
  55859.440    75.265   -16.83   19.31
  56235.502    67.371   -20.99   18.00
  56611.562    63.823    -9.43   12.91
  56987.620    62.438    -3.68   10.69
  57363.675    64.028     4.23   11.81
  57739.728    69.595    14.81   22.55
  58115.778    75.055    14.52   34.52
  58491.825    71.361    -9.82   39.99
  58867.870    68.778    -6.87   41.39
  59243.913    59.676   -24.20   33.39
  59619.953    52.746   -18.43   31.38
  59995.990    50.212    -6.74   28.51
  60372.025    43.501   -17.85   21.15
  60748.058    39.028   -11.90   11.37
  61124.088    43.303    11.37   14.10
  61500.115    51.870    22.78   11.31
  61876.140    57.893    16.02   10.40
  62252.163    64.317    17.09   11.75
  62628.182    74.305    26.56   15.93
  63004.200    78.387    10.85   15.70
  63380.215    82.105     9.89   16.82
  63756.227    94.256    32.32   28.91
  64132.237   110.460    43.09   32.46
  64508.245   117.784    19.48   29.45
  64884.250   117.843     0.16   33.87
  65260.252   102.678   -40.33   37.03
  65636.252    91.379   -30.05   39.93
  66012.250    84.922   -17.17   39.14
  66388.245    87.291     6.30   39.72
  66764.237    91.771    11.92   38.85
  67140.227    92.757     2.62   34.99
  67516.215    85.653   -18.90   35.75
  67892.200    74.922   -28.54   33.16
  68268.183    67.000   -21.07   25.17
  68644.163    70.109     8.27   28.01
  69020.140    80.639    28.01   37.91
  69396.116    85.746    13.58   45.53
  69772.088    83.566    -5.80   49.10
  70148.059    76.628   -18.45   46.11
  70524.027    63.784   -34.16   33.22
  70899.992    55.460   -22.14   15.39
  71275.955    51.947    -9.35    5.40
  71651.915    52.003     0.15    4.48
  72027.873    51.703    -0.80    4.61
  72403.829    51.186    -1.38    4.05
  72779.782    51.159    -0.07    4.01
  73155.732    52.797     4.36    4.37
  73531.681    53.703     2.41    3.39
  73907.626    54.403     1.86    2.95
  74283.570    54.817     1.10    2.63
  74659.510    54.278    -1.43    2.30
  75035.449    55.244     2.57    2.07
  75411.385    54.805    -1.17    2.13
  75787.318    55.079     0.73    2.11
  76163.249    56.002     2.46    2.40
  76539.178    56.142     0.37    2.43
  76915.104    56.643     1.33    2.46
  77291.028    57.136     1.31    2.08
  77666.949    57.500     0.97    2.20
  78042.868    57.669     0.45    3.72
  78418.785    56.370    -3.46    4.52
  78794.699    53.361    -8.00    4.75
  79170.610    50.554    -7.47    3.52
  79546.519    47.978    -6.85    3.10
  79922.426    44.730    -8.64    4.72
  80298.330    42.833    -5.05    5.32
  80674.232    40.566    -6.03    5.41
  81050.132    38.944    -4.31    5.44
  81426.029    38.271    -1.79    5.24
  81801.924    39.920     4.39    5.71
  82177.816    42.163     5.97    5.62
  82553.706    45.079     7.76    3.25
  82929.593    45.917     2.23    2.42
  83305.478    46.258     0.91    2.62
  83681.361    47.738     3.94    3.43
  84057.241    49.889     5.72    3.42
  84433.119    52.233     6.24    3.05
  84808.995    54.002     4.71    2.85
  85184.868    53.105    -2.39    3.60
  85560.850    51.922    -3.14    4.74
  85937.203    53.182     3.35    6.47
  86313.553    54.406     3.25    6.99
  86689.901    57.412     7.99    7.33
  87066.247    58.361     2.52    7.02
  87442.591    55.611    -7.31    5.88
  87818.932    55.190    -1.12    4.84
  88195.270    54.352    -2.23    4.10
  88571.606    53.298    -2.80    4.44
  88947.940    50.633    -7.08    5.74
  89324.272    48.444    -5.82    5.71
  89700.601    46.528    -5.09    4.89
  90076.927    45.949    -1.54    5.63
  90453.252    44.784    -3.09    5.97
  90829.574    42.746    -5.42    7.22
  91205.893    41.922    -2.19    9.69
  91582.210    42.080     0.42   11.34
  91958.525    42.765     1.82   12.57
  92334.838    44.156     3.70   12.06
  92711.148    44.920     2.03   10.68
  93087.455    46.130     3.22    9.35
  93463.761    46.803     1.79    8.93
  93840.064    47.285     1.28    8.19
  94216.364    48.703     3.77    7.10
  94592.662    49.838     3.02    5.94
  94968.958    47.974    -4.96    5.15
  95345.252    50.001     5.39    5.81
  95721.543    51.571     4.17    5.39
  96097.832    61.653    26.79   24.70
  96474.118    72.080    27.71   34.62
  96850.402    69.703    -6.32   37.80
  97226.684    59.438   -27.28   34.61
  97602.964    45.343   -37.46   19.08
  97979.241    40.156   -13.79    4.71
  98355.515    40.974     2.17    3.79
  98731.788    42.207     3.28    2.51
  99108.058    43.361     3.07    1.45
  99484.326    43.607     0.65    1.33
  99860.591    44.103     1.32    1.23
 100236.854    44.292     0.50    1.46
 100613.115    44.207    -0.23    1.92
 100989.373    43.974    -0.62    1.87
 101365.629    43.649    -0.86    2.02
 101741.883    43.974     0.86    1.94
 102118.134    44.139     0.44    1.86
 102494.383    44.489     0.93    1.70
 102870.630    44.874     1.02    1.57
 103246.875    44.791    -0.22    1.38
 103623.117    45.580     2.10    2.55
 103999.356    46.771     3.17    3.46
 104375.594    47.515     1.98    4.17
 104751.829    47.866     0.93    4.39
 105128.062    49.258     3.70    6.34
 105504.292    50.000     1.97    8.16
 105880.521    46.949    -8.11   11.37
 106256.747    43.791    -8.39   12.98
 106632.970    42.746    -2.78   12.83
 107009.192    43.515     2.04   10.97
 107385.411    47.265     9.97   11.75
 107761.627    50.944     9.78   12.66
 108137.842    53.595     7.05   12.89
 108514.054    53.972     1.00   13.00
 108890.264    50.054   -10.41   11.39
 109266.471    46.784    -8.69   10.09
 109642.677    43.028    -9.98    9.05
 110018.880    40.515    -6.68    7.73
 110395.080    41.317     2.13    7.67
 110771.279    41.387     0.18    7.04
 111147.475    42.433     2.78    6.03
 111523.669    43.053     1.65    5.55
 111899.860    44.271     3.24    6.25
 112276.049    44.379     0.29    5.88
 112652.236    46.163     4.74    6.03
 113028.421    55.171    23.94   20.75
 113404.603    53.951    -3.24   20.16
 113780.784    50.335    -9.61   22.54
 114156.962    44.667   -15.07   25.73
 114533.137    31.163   -35.90   17.26
 114909.310    26.055   -13.58    7.93
 115285.482    28.422     6.29    9.31
 115661.650    33.053    12.31    9.60
 116037.817    37.866    12.79    7.89
 116413.981    41.580     9.88    3.97
 116790.143    41.949     0.98    4.00
 117166.303    41.464    -1.29    4.02
 117542.461    41.541     0.21    4.09
 117918.616    42.778     3.29    4.50
 118294.769    44.607     4.86    3.91
 118670.920    45.947     3.56    2.82
 119047.068    46.082     0.36    2.44
 119423.215    46.222     0.37    2.12
 119799.359    46.361     0.37    2.26
 120175.500    46.258    -0.27    2.80
 120551.640    45.944    -0.84    3.56
 120927.777    45.028    -2.44    4.32
 121303.912    43.217    -4.81    5.85
 121680.045    42.055    -3.09    6.17
 122056.176    40.978    -2.86    6.24
 122432.304    40.920    -0.15    5.80
 122808.430    42.422     4.00    5.72
 123184.554    45.238     7.49    5.73
 123560.676    46.464     3.26    5.30
 123936.796    48.379     5.09    4.19
 124312.913    48.954     1.53    4.07
 124689.028    50.361     3.74    2.65
 125065.141    50.528     0.44    3.31
 125441.251    50.487    -0.11    4.30
 125817.360    48.866    -4.31    5.87
 126193.466    48.053    -2.16    4.89
 126569.570    46.566    -3.95    5.65
 126945.671    46.028    -1.43    5.99
 127321.771    47.105     2.86    6.75
 127697.868    48.975     4.97    6.09
 128073.963    50.778     4.79    4.95
 128450.056    50.797     0.05    4.07
 128826.147    49.738    -2.81    5.50
 129202.235    46.233    -9.32    7.15
 129578.322    42.738    -9.29    7.54
 129954.406    39.653    -8.20    6.42
 130330.488    37.136    -6.69    2.92
 130706.568    37.403     0.71    3.71
 131082.645    37.694     0.78    3.67
 131458.720    37.583    -0.30    3.26
 131834.793    39.757     5.78    5.05
 132210.864    44.136    11.64    6.89
 132586.933    47.703     9.49    6.11
 132963.000    48.079     1.00    5.47
 133339.064    45.920    -5.74    7.83
 133715.126    43.156    -7.35    8.40
 134091.186    39.580    -9.51    7.44
 134467.244    38.568    -2.69    6.83
 134843.300    39.823     3.34    6.14
 135219.353    40.130     0.82    5.63
 135595.405    41.133     2.67    5.77
 135971.454    41.028    -0.28    5.40
 136347.501    40.284    -1.98    5.01
 136723.546    40.487     0.54    5.24
 137099.589    42.284     4.78    6.33
 137475.629    44.978     7.16    6.95
 137851.667    47.371     6.36    6.41
 138227.704    49.784     6.42    6.62
 138603.738    52.055     6.04    6.95
 138979.769    55.163     8.27    6.92
 139355.799    57.765     6.92    5.41
 139731.827    60.000     5.94    3.73
 140107.852    61.703     4.53    1.61
 140483.875    61.720     0.05    1.59
 140859.897    61.622    -0.26    1.82
 141235.915    59.053    -6.83    5.35
 141611.932    55.686    -8.96    7.04
 141987.947    52.738    -7.84    6.81
 142363.960    49.893    -7.57    5.29
 142739.970    50.592     1.86    6.04
 143115.978    54.000     9.06    7.53
 143491.984    55.925     5.12    7.33
 143867.988    60.028    10.91    6.30
 144243.990    63.351     8.84    3.65
 144619.990    63.406     0.15    3.43
 144995.987    63.595     0.50    2.79
 145371.983    62.659    -2.49    3.35
 145747.976    62.712     0.14    4.02
 146123.968    63.271     1.49    4.09
 146499.957    64.203     2.48    3.30
 146875.944    64.874     1.79    2.44
 147251.928    64.686    -0.50    2.13
 147627.911    64.607    -0.21    2.62
 148003.892    64.501    -0.28    3.57
 148379.870    63.566    -2.49    3.78
 148755.847    63.001    -1.50    3.83
 149131.821    63.540     1.44    3.52
 149507.793    64.667     3.00    2.99
 149883.763    65.335     1.78    3.39
 150259.731    66.438     2.93    2.20
 150635.697    65.840    -1.59    4.80
 151011.661    62.265    -9.51    7.17
 151387.623    58.974    -8.75    7.78
 151763.582    57.460    -4.03    7.35
 152139.540    57.797     0.90    7.39
 152515.495    59.757     5.21    7.45
 152891.448    60.335     1.54    7.22
 153267.400    60.258    -0.20    7.61
 153643.349    57.949    -6.14    7.32
 154019.296    55.622    -6.19    6.55
 154395.241    53.258    -6.29    5.67
 154771.183    54.258     2.66    5.73
 155147.124    56.757     6.65    6.66
 155523.063    59.258     6.65    7.22
 155898.999    62.244     7.94    5.57
 156274.934    60.460    -4.74    6.64
 156650.866    59.053    -3.74    6.62
 157026.797    58.215    -2.23    7.21
 157402.725    60.797     6.87    7.84
 157778.651    64.823    10.71    6.19
 158154.576    66.361     4.09    3.71
 158530.498    61.617   -12.62    8.25
 158906.418    56.893   -12.57    9.18
 159282.336    53.643    -8.64    7.46
 159658.252    51.412    -5.93    5.88
 160034.165    51.633     0.59    5.40
 160410.077    49.554    -5.53    8.11
 160786.215    44.412   -13.67   10.20
 161162.527    39.823   -12.20    9.15
 161538.836    37.541    -6.06    8.23
 161915.143    40.475     7.80   10.15
 162291.448    47.001    17.34    8.94
 162667.751    51.109    10.91    5.27
 163044.052    51.947     2.23    3.45
 163420.351    50.246    -4.52    4.25
 163796.648    50.105    -0.38    4.86
 164172.942    49.643    -1.23    4.84
 164549.235    49.055    -1.56    4.16
 164925.526    50.130     2.86    3.29
 165301.814    50.555     1.13    2.52
 165678.101    50.823     0.71    2.48
 166054.386    51.975     3.06    2.50
 166430.668    52.317     0.91    2.20
 166806.949    52.136    -0.48    2.17
 167183.227    51.720    -1.11    2.07
 167559.504    51.564    -0.41    1.58
 167935.778    51.472    -0.24    1.98
 168312.051    51.182    -0.77    2.02
 168688.321    50.974    -0.55    1.81
 169064.589    50.676    -0.79    2.00
 169440.856    49.109    -4.17    2.99
 169817.120    47.942    -3.10    2.79
 170193.382    45.823    -5.63    4.14
 170569.643    44.153    -4.44    4.11
 170945.901    44.082    -0.19    4.33
 171322.157    44.387     0.81    4.55
 171698.411    45.167     2.07    4.24
 172074.663    45.607     1.17    4.14
 172450.914    44.720    -2.36    4.53
 172827.162    45.133     1.10    4.29
 173203.408    45.595     1.23    4.05
 173579.652    47.291     4.51    3.92
 173955.895    45.703    -4.22    5.39
 174332.135    44.244    -3.88    6.00
 174708.373    44.278     0.09    5.98
 175084.609    44.238    -0.10    6.41
 175460.843    45.811     4.18    6.57
 175837.076    41.866   -10.49    9.47
 176213.306    37.472   -11.68   10.49
 176589.534    38.156     1.82   10.61
 176965.760    38.603     1.19   10.46
 177341.985    40.866     6.01   10.01
 177718.207    43.628     7.34    8.75
 178094.427    43.791     0.43    8.49
 178470.645    43.080    -1.89    8.82
 178846.862    42.896    -0.49    8.68
 179223.076    43.899     2.67    8.58
 179599.289    43.265    -1.69    8.05
 179975.499    43.833     1.51    7.44
 180351.707    45.540     4.54    6.07
 180727.914    47.639     5.58    2.79
 181104.118    47.874     0.62    1.83
 181480.321    47.669    -0.55    1.83
 181856.521    47.472    -0.52    1.80
 182232.720    47.055    -1.11    2.01
 182608.917    47.055     0.00    2.14
 182985.111    46.159    -2.38    3.16
 183361.304    44.310    -4.92    4.92
 183737.495    43.920    -1.04    5.37
 184113.684    44.503     1.55    5.32
 184489.871    44.925     1.12    5.63
 184866.055    46.370     3.84    5.28
 185242.238    47.487     2.97    4.45
 185618.419    47.387    -0.27    3.86
 185994.598    46.412    -2.59    3.40
 186370.776    45.694    -1.91    2.83
 186746.951    45.951     0.68    3.52
 187123.124    45.417    -1.42    3.42
 187499.295    44.182    -3.28    4.00
 187875.465    44.515     0.89    3.99
 188251.632    44.906     1.04    3.86
 188627.798    44.974     0.18    3.80
 189003.961    44.580    -1.05    3.64
 189380.123    44.352    -0.61    3.73
 189756.282    43.797    -1.48    4.27
 190132.440    42.389    -3.74    4.56
 190508.596    42.438     0.13    4.42
 190884.750    42.053    -1.02    4.36
 191260.902    42.848     2.11    4.03
 191637.052    44.055     3.21    3.70
 192013.200    43.949    -0.28    4.15
 192389.346    43.712    -0.63    4.53
 192765.491    44.722     2.69    4.29
 193141.633    45.540     2.18    3.43
 193517.774    47.082     4.10    2.97
 193893.912    47.186     0.28    2.43
 194270.049    47.130    -0.15    2.33
 194646.184    47.371     0.64    2.29
 195022.316    47.501     0.35    2.01
 195398.447    47.475    -0.07    1.95
 195774.576    47.541     0.18    1.64
 196150.704    47.310    -0.62    1.62
 196526.829    47.190    -0.32    1.82
 196902.952    47.053    -0.36    1.99
 197279.074    46.361    -1.84    2.49
 197655.193    45.580    -2.08    2.66
 198031.311    44.757    -2.19    2.55
 198407.427    44.617    -0.37    2.68
 198783.541    44.554    -0.17    3.54
 199159.653    44.611     0.15    4.51
 199535.763    43.838    -2.05    5.82
 199911.871    43.433    -1.08    6.67
 200287.977    44.893     3.88    5.82
 200664.082    46.669     4.72    4.00
 201040.185    48.059     3.70    1.66
 201416.285    47.823    -0.63    1.82
 201792.384    47.540    -0.75    1.88
 202168.481    47.833     0.78    1.95
 202544.576    47.823    -0.03    1.81
 202920.669    48.298     1.26    2.09
 203296.761    48.592     0.78    2.06
 203672.850    49.159     1.51    1.95
 204048.938    49.233     0.20    1.89
 204425.024    49.136    -0.26    1.66
 204801.108    49.438     0.80    1.74
 205177.190    49.228    -0.56    1.84
 205553.270    48.885    -0.91    1.54
 205929.348    49.109     0.60    1.80
 206305.425    49.217     0.29    1.75
 206681.499    49.217     0.00    1.82
 207057.572    48.649    -1.51    1.77
 207433.643    47.998    -1.73    2.08
 207809.712    47.978    -0.05    2.07
 208185.779    47.617    -0.96    2.31
 208561.845    47.460    -0.42    2.62
 208937.908    46.566    -2.38    3.60
 209313.970    45.001    -4.16    4.45
 209690.030    43.843    -3.08    4.22
 210066.088    43.133    -1.89    4.55
 210442.144    43.464     0.88    4.04
 210818.199    43.190    -0.73    4.41
 211194.251    42.686    -1.34    4.03
 211570.302    41.578    -2.95    4.60
 211946.351    40.167    -3.75    5.11
 212322.398    38.528    -4.36    4.73
 212698.443    36.757    -4.71    4.55
 213074.487    35.055    -4.53    3.10
 213450.528    34.838    -0.57    1.96
 213826.568    34.722    -0.31    2.01
 214202.606    35.669     2.52    3.36
 214578.642    36.156     1.30    3.78
 214954.676    37.703     4.12    4.60
 215330.709    39.720     5.36    5.41
 215706.740    42.107     6.35    5.86
 216082.768    44.951     7.56    6.43
 216458.796    47.055     5.60    6.38
 216834.821    48.207     3.06    5.23
 217210.844    48.417     0.56    2.96
 217586.866    47.817    -1.59    2.43
 217962.886    47.720    -0.26    2.27
 218338.904    48.057     0.90    2.63
 218714.920    48.002    -0.15    2.75
 219090.935    48.622     1.65    2.58
 219466.947    49.298     1.80    2.76
 219842.958    49.920     1.65    3.03
 220218.967    50.111     0.51    2.92
 220594.975    51.130     2.71    3.48
 220970.980    51.540     1.09    3.52
 221346.984    52.352     2.16    3.87
 221722.986    55.771     9.09    6.93
 222098.986    57.133     3.62    6.66
 222474.984    58.335     3.20    6.56
 222850.981    60.838     6.66    6.77
 223226.976    60.797    -0.11    6.98
 223602.969    59.866    -2.48    6.25
 223978.960    61.271     3.74    6.67
 224354.950    59.920    -3.59    5.61
 224730.937    59.792    -0.34    5.46
 225106.923    60.515     1.92    5.58
 225482.908    61.258     1.98    5.50
 225858.890    59.194    -5.49    5.21
 226234.871    57.028    -5.76    4.49
 226610.850    57.055     0.07    4.89
 226986.827    56.186    -2.31    3.92
 227362.802    56.728     1.44    4.30
 227738.776    56.893     0.44    4.26
 228114.748    56.489    -1.07    3.77
 228490.718    55.817    -1.79    3.23
 228866.686    56.501     1.82    3.96
 229242.653    56.568     0.18    4.01
 229618.618    56.803     0.62    4.76
 229994.581    58.055     3.33    5.74
 230370.542    60.055     5.32    6.92
 230746.502    61.568     4.03    6.76
 231122.460    61.913     0.92    6.34
 231498.416    60.746    -3.11    6.39
 231874.370    59.207    -4.09    5.70
 232250.323    59.472     0.70    6.49
 232626.274    58.607    -2.30    6.88
 233002.223    57.111    -3.98    6.70
 233378.171    56.738    -0.99    6.71
 233754.116    56.258    -1.28    6.04
 234130.061    57.622     3.63    6.16
 234506.003    57.712     0.24    5.93
 234881.943    56.528    -3.15    6.04
 235257.882    53.925    -6.92    6.84
 235633.819    50.838    -8.21    6.81
 236010.070    46.899   -10.47    6.31
 236386.353    43.823    -8.18    7.31
 236762.634    42.352    -3.91    6.82
 237138.913    40.352    -5.32    7.25
 237515.190    38.190    -5.75    6.99
 237891.466    37.823    -0.98    7.11
 238267.740    37.951     0.34    7.94
 238644.012    41.713    10.00   11.66
 239020.283    48.976    19.30   12.66
 239396.552    54.107    13.63    9.82
 239772.819    57.861     9.98    5.17
 240149.084    57.797    -0.17    5.71
 240525.348    58.310     1.36    5.69
 240901.610    59.233     2.45    5.57
 241277.871    58.370    -2.29    5.76
 241654.129    56.878    -3.97    5.97
 242030.386    54.722    -5.73    4.77
 242406.642    54.203    -1.38    4.43
 242782.895    54.925     1.92    4.94
 243159.147    55.694     2.04    6.20
 243535.397    57.541     4.91    6.31
 243911.646    59.568     5.39    6.22
 244287.893    60.838     3.38    5.35
 244664.138    62.001     3.09    4.08
 245040.382    60.811    -3.16    4.83
 245416.623    58.438    -6.31    5.13
 245792.863    57.186    -3.33    6.14
 246169.102    59.757     6.84    8.19
 246545.339    61.387     4.33    7.13
 246921.574    61.501     0.30    7.91
 247297.807    61.291    -0.56    7.31
 247674.039    58.639    -7.05    5.85
 248050.269    57.258    -3.67    5.67
 248426.498    56.784    -1.26    5.58
 248802.724    56.976     0.51    5.92
 249178.949    57.746     2.04    5.91
 249555.173    57.885     0.37    5.58
 249931.395    58.109     0.60    5.65
 250307.615    56.514    -4.24    4.65
 250683.833    54.947    -4.17    4.65
 251060.050    55.838     2.37    5.92
 251436.265    57.861     5.38    6.80
 251812.479    58.153     0.78    7.09
 252188.691    58.258     0.28    7.11
 252564.901    56.487    -4.71    7.17
 252941.109    51.870   -12.27    8.17
 253317.316    52.054     0.49    9.72
 253693.522    54.207     5.72   11.06
 254069.725    55.947     4.62   11.75
 254445.927    61.720    15.35    9.97
 254822.128    70.417    23.12   20.34
 255198.326    73.515     8.24   19.98
 255574.523    75.284     4.70   19.08
 255950.719    77.403     5.63   20.22
 256326.913    75.896    -4.00   17.41
 256703.105    78.136     5.95   20.90
 257079.296    87.757    25.58   40.59
 257455.484    90.433     7.11   43.64
 257831.672    88.167    -6.02   33.24
 258207.858    74.159   -37.23    9.43
 258584.042    69.566   -12.21    8.46
 258960.224    66.298    -8.69    8.57
 259336.405    62.028   -11.35    5.80
 259712.584    61.079    -2.52    5.03
 260088.762    61.412     0.89    4.82
 260464.938    61.136    -0.74    4.58
 260841.112    62.925     4.76    5.88
 261217.285    64.730     4.80    6.60
 261593.456    66.212     3.94    7.08
 261969.626    67.791     4.20    7.41
 262345.794    67.934     0.38    7.04
 262721.960    67.464    -1.25    5.41
 263098.125    67.107    -0.95    5.15
 263474.288    66.028    -2.87    3.17
 263850.450    68.310     6.07    5.79
 264226.610    70.861     6.78    6.47
 264602.768    70.182    -1.81    7.78
 264978.925    68.554    -4.33    8.26
 265355.080    65.487    -8.15    7.38
 265731.234    63.233    -5.99    5.32
 266107.386    63.053    -0.48    4.77
 266483.536    62.617    -1.16    5.05
 266859.685    61.190    -3.80    3.95
 267235.832    60.922    -0.71    4.54
 267611.978    61.487     1.50    6.12
 267988.122    62.757     3.38    6.42
 268364.265    63.622     2.30    5.83
 268740.406    64.557     2.49    5.54
 269116.545    63.976    -1.54    5.32
 269492.683    62.874    -2.93    5.07
 269868.819    62.417    -1.22    4.70
 270244.954    62.694     0.74    4.54
 270621.087    63.111     1.11    4.55
 270997.219    63.797     1.82    4.39
 271373.349    64.028     0.61    4.34
 271749.477    63.433    -1.58    4.42
 272125.604    63.080    -0.94    4.03
 272501.729    63.489     1.09    4.51
 272877.853    62.203    -3.42    4.25
 273253.975    61.676    -1.40    4.69
 273630.096    61.669    -0.02    5.22
 274006.215    61.951     0.75    5.56
 274382.333    62.278     0.87    5.68
 274758.449    61.811    -1.24    5.71
 275134.563    62.000     0.50    4.97
 275510.676    62.896     2.38    4.91
 275886.788    63.678     2.08    4.63
 276262.897    64.222     1.45    3.93
 276639.006    62.438    -4.74    4.49
 277015.113    61.433    -2.67    5.00
 277391.218    59.896    -4.09    4.83
 277767.322    60.317     1.12    4.39
 278143.424    61.133     2.17    4.40
 278519.524    60.811    -0.85    3.83
 278895.624    63.001     5.82    3.29
 279271.721    64.078     2.86    3.61
 279647.817    65.028     2.53    3.52
 280023.912    65.203     0.47    3.65
 280400.005    65.633     1.14    4.08
 280776.096    66.555     2.45    4.07
 281152.186    66.920     0.97    4.18
 281528.275    66.833    -0.23    3.82
 281904.362    67.771     2.49    3.33
 282280.447    69.553     4.74    3.05
 282656.531    70.622     2.84    2.92
 283032.613    70.428    -0.52    3.86
 283408.694    70.528     0.27    4.69
 283784.774    68.080    -6.51    4.86
 284160.852    66.028    -5.46    4.82
 284536.928    65.335    -1.84    3.92
 284913.003    65.133    -0.54    3.25
 285289.076    65.866     1.95    3.64
