# NaN NaN NaN ;Mean Elev.(m), Avg Gradient(m/km), RMS Gradient(m/km) - SRTM1     
#   42.940  -1.205  22.608 ;Mean Elev.(m), Avg Gradient(m/km), RMS Gradient(m/km) - ASTER GDEM
#   53.537  -0.906  20.819 ;Mean Elev.(m), Avg Gradient(m/km), RMS Gradient(m/km) - GMTED2010 
  8 292.392609   5.554263    65.712    65.706  3 52499.60684190 37.041
  9 292.390645   5.556032    64.815    64.802  3 52534.60682925 42.619
 10 292.393153   5.555413    61.283    61.118  3 52569.60685917 46.224
 11 292.390557   5.555257    62.733    62.643  3 52604.60684059 41.367
 12 292.391003   5.556232    58.605    58.699  3 52639.60682268 25.672
 13 292.391868   5.554095    55.230    54.959  3 52674.60681820 32.271
 14 292.392282   5.556605    54.649    54.691  3 52709.60683419 46.485
 16 292.391633   5.555542    63.199    62.960  3 52779.60679870 36.320
 17 292.390211   5.556487    64.408    64.391  3 52814.60688230 34.289
 18 292.392440   5.554320    65.779    65.756  3 52849.60693530 43.128
 19 292.389541   5.558030    65.391    65.385  4 52884.60697006 43.439
 20 292.392545   5.554539    63.913    63.937  3 52919.60692698 45.854
 21 292.396073   5.545469    62.703    62.708  7 52954.60689215 37.004
 22 292.398428   5.543659    60.934    60.856  6 52989.60690264 40.984
 23 292.397185   5.544100    57.744    57.535  7 53024.60688256 45.587
 24 292.399201   5.544896    54.491    54.211  6 53059.60688092 50.612
 25 292.386318   5.560904    54.926    54.939  3 53094.60691547 51.832
 26 292.396371   5.544819    59.999    59.993  6 53129.60688977 45.575
 28 292.392394   5.554494    65.182    65.201  3 53199.60695869 41.381
 29 292.398255   5.543824    65.464    65.369  6 53234.60693045 38.035
 30 292.392508   5.554988    64.422    64.186  4 53269.60689345 34.014
 31 292.386465   5.560218    62.680    62.300  4 53304.60695441 26.427
 32 292.391719   5.556059    61.394    61.060  3 53339.60692376 41.707
 33 292.394060   5.552416    57.882    57.932  3 53374.60685586 29.169
 34 292.394915   5.552229    56.388    55.875  4 53409.60689841 40.226
 35 292.392145   5.555236    56.550    56.359  3 53444.60688111 45.273
 36 292.387581   5.559319    61.022    60.973  4 53479.60695946 48.784
 37 292.392709   5.556562    63.417    63.417  3 53514.60696685 38.199
 38 292.387684   5.558744    64.269    64.276  3 53549.60698593 46.966
 39 292.393370   5.553008    64.779    64.734  3 53584.60694917 43.666
 40 292.389368   5.557550    64.448    64.450  4 53619.60690503 46.796
 41 292.391982   5.555911    61.172    61.139  3 53654.60693187 40.676
 42 292.389931   5.556808    61.752    61.742  4 53689.60692671 47.888
 43 292.394042   5.553675    60.139    59.801  3 53724.60685155 31.503
 44 292.398189   5.544718    58.476    58.518  7 53759.60679591 48.201
 45 292.395348   5.551951    56.944    56.852  4 53794.60681341 42.038
 46 292.396002   5.551126    58.588    58.589  4 53829.60678958 53.282
 47 292.390467   5.556941    61.456    61.463  4 53864.60686778 34.438
 48 292.392360   5.554900    64.043    64.040  4 53899.60689361 45.271
 49 292.384541   5.564237    65.309    65.341  4 53934.60693557 44.653
 50 292.387974   5.558923    65.163    65.153  4 53969.60690672 34.551
 51 292.395250   5.552088    63.490    63.539  4 54004.60688182 40.967
 52 292.395396   5.551820    62.372    62.362  3 54039.60691441 38.914
 53 292.393424   5.555449    62.229    62.054  3 54074.60690829 45.960
 54 292.391165   5.556536    59.208    59.176  4 54109.60685260 45.953
 55 292.392985   5.556310    55.915    55.781  3 54144.60684603 49.404
 56 292.391611   5.556795    55.182    55.238  3 54179.60683780 47.847
 57 292.392105   5.556373    59.949    60.005  3 54214.60685348 48.439
 58 292.392194   5.555657    63.363    63.130  4 54249.60688112 42.748
 59 292.393340   5.554144    65.610    65.599  3 54284.60688937 40.814
 60 292.394029   5.554646    65.449    65.369  3 54319.60688652 39.772
 61 292.393136   5.554676    64.582    64.564  4 54354.60684940 42.485
 62 292.393689   5.555160    63.568    63.585  3 54389.60682691 46.215
 63 292.392363   5.554093    61.896    61.557  3 54424.60679976 39.610
 64 292.394050   5.554984    59.408    59.428  3 54459.60680248 43.883
 65 292.393321   5.554482    56.487    56.425  3 54494.60680470 24.195
 66 292.394510   5.552784    55.807    55.816  4 54529.60681568 40.334
 67 292.392493   5.556391    55.173    55.169  3 54564.60681063 52.742
 68 292.392488   5.554034    60.829    60.774  3 54599.60681073 48.673
 69 292.391224   5.554674    63.495    63.502  3 54634.60682353 28.048
 70 292.391561   5.555226    65.642    65.633  3 54669.60682775 43.311
 71 292.393714   5.554257    64.986    64.948  4 54704.60679111 30.558
 72 292.393116   5.554257    63.300    63.233  3 54739.60679096 45.473
 73 292.393782   5.555496    62.376    62.368  3 54774.60677262 45.798
 74 292.392871   5.555031    62.244    62.273  4 54809.60678398 43.102
 75 292.392580   5.554877    58.449    58.330  4 54844.60677097 22.971
 76 292.391357   5.554804    57.982    58.388  3 54879.60678787 33.937
 77 292.390943   5.557659    57.265    57.275  3 54914.60677421 51.263
 79 292.391220   5.557027    60.959    60.753  3 54984.60680451 48.534
 80 292.393254   5.553277    64.415    64.387  3 55019.60680079 43.793
 81 292.393512   5.554127    65.207    65.195  4 55054.60679654 37.364
 82 292.391790   5.556010    63.495    63.499  4 55089.60675672 47.152
 83 292.393580   5.554122    61.805    61.844  4 55124.60673465 36.360
 84 292.391652   5.555437    59.652    59.755  3 55159.60671788 43.534
 85 292.392626   5.553685    56.177    56.156  3 55194.60672461 23.408
 86 292.391164   5.554906    54.854    55.155  3 55229.60672071 34.630
 87 292.393423   5.555003    54.773    54.482  3 55264.60671959 36.040
 88 292.393020   5.554989    56.547    56.340  3 55299.60670243 22.425
 89 292.391855   5.555786    63.467    63.464  4 55334.60669656 39.889
 90 292.393066   5.554035    64.640    64.571  3 55369.60668806 40.984
 91 292.393518   5.552771    65.023    65.016  3 55404.60670513 31.804
 92 292.393924   5.555267    65.371    65.384  3 55439.60670591 32.348
 93 292.393121   5.554903    62.523    62.505  3 55474.60665221 40.153
